1	0	0	0	0.52160716	0.5756736	0.5687133	0.589717	0.5133443	0.5344821	0.5448601	0	0.56935656	0.5935687	0	0.51496255	0.5215441	0.5611221	0.579702	0.56853694	0.5768719	0.5021236	0.571211	0.65400875	0.58731896	0.5794678	0.5300477	0.5188697	0.58997756	0.5689714	0	0.53960514	0.5304272	0.5566559	0	0	0.53443104	0.52740306	0.5870637	0	0.5789002	0.75865626	0	0.5654744	0	0	0	0.59954864	0.54356843	0	0	0	0	0	0	0	0	0	0.50024146	0	0	0	0	0	0	0	0	0	0	0	0	0	0.6220272	0	0	0	0	0	0	0	0	
1	0	0	0	0	0	0	0	0.50251436	0	0	0	0	0	0.6032798	0.5091696	0	0	0	0.5727933	0	0	0	0	0	0	0	0	0	0	0.59231025	0	0	0	0.5866697	0.5535614	0	0	0	0	0	0	0	0.6198537	0	0	0.5921569	0	0	0.58948976	0	0	0	0.5334168	0	0	0	0	0	0	0	0	0	0	0.6023345	0	0	0	0	0	0	0	0	0	0.5951607	0	0	0	0	0	0	
1	0	0	0	0	0.66257113	0.63471925	0.70554036	0.69605434	0.72167873	0.7168336	0.7227834	0.5312587	0.6713947	0.57179976	0.620111	0.71849996	0.645852	0.6110339	0.61439204	0.618547	0.6214087	0.6707087	0	0.57869285	0.52971804	0.66168195	0.53900087	0.54714316	0.57655144	0.52510387	0.60138375	0.53286	0.53955126	0	0	0	0.58266646	0	0	0	0	0.5028568	0	0	0	0	0.540407	0	0	0	0.52193123	0.52809155	0	0	0	0	0.52164847	0	0	0	0	0	0	0	0	0	0	0	0	0	0	0	0	0	0	0	0	0	0	0	
1	0	0	0.50564337	0.5585201	0	0.68280286	0	0.71707183	0	0	0	0.7007952	0	0.6460708	0.62696505	0.6818361	0	0.62076324	0	0	0.6878229	0	0.6095693	0	0.5660567	0	0.6643191	0.609083	0	0.5470241	0.5246997	0.5784515	0	0	0.51387537	0.5868849	0	0	0	0	0.5041938	0.5643575	0	0	0	0	0	0	0	0	0	0	0	0	0	0	0	0	0	0	0	0	0	0	0	0	0	0	0	0	0	0	0	0.5466576	0	0	0	0	0	0	
1	0	0	0	0	0.50677395	0.5690333	0.5736936	0.5569938	0.590898	0.60550356	0.5735536	0.56105906	0.5675847	0.5647339	0.55617464	0.5433963	0.5039622	0	0.50803435	0.50706035	0.5606947	0.5275387	0.54237497	0.50640464	0.5083729	0.52969277	0.526783	0	0	0	0.5221689	0	0	0	0	0.63295645	0	0	0	0	0	0	0	0	0	0	0	0	0	0	0	0	0	0	0	0.5043353	0	0	0	0	0.50006944	0	0	0	0	0.5239872	0	0	0	0	0	0	0	0	0	0	0	0	0	0	
1	0	0	0	0	0.5107675	0	0.5489565	0.5794057	0.52577186	0	0.55342424	0.53809565	0.5071021	0.5040878	0	0	0	0	0	0	0	0	0	0	0.5905513	0	0	0	0	0.5033233	0	0	0	0.5985323	0	0	0	0	0	0	0	0.53314096	0.6550561	0	0.5137666	0	0.5315184	0	0.50486034	0	0	0	0	0	0	0	0	0	0	0.5333565	0	0.5191347	0	0.65823376	0	0	0	0	0	0	0	0.5354089	0	0	0	0	0.51415366	0.51449144	0	0	
1	0	0	0	0	0	0	0	0	0	0	0	0	0	0	0	0	0	0	0	0	0	0	0	0	0	0	0	0	0	0	0	0	0	0	0	0	0	0	0	0	0	0	0	0	0	0	0	0	0	0	0	0	0	0	0	0	0	0	0	0	0	0	0	0	0	0	0	0	0	0.5058799	0	0	0	0	0	0	0	0	0	0	
1	0	0	0	0	0	0	0	0	0	0	0	0	0	0	0	0	0	0	0	0	0	0	0	0	0	0	0.5070057	0	0	0	0.5056882	0	0	0	0	0	0	0	0	0	0	0	0	0	0	0	0.5296896	0	0.5726795	0.5683471	0	0.52039766	0	0.5646177	0.55367535	0	0	0	0.53533554	0.5136402	0	0	0	0	0	0	0	0	0	0	0	0	0	0	0	0	0	0	0	0	
1	0	0	0	0	0	0	0	0	0	0	0	0	0	0	0	0	0	0	0	0	0	0	0	0	0	0	0	0	0	0	0	0	0	0	0.50552	0	0.523713	0	0.5086454	0.53079724	0.5014491	0.5175148	0	0.54985285	0	0	0	0.518901	0	0	0	0	0.50640273	0	0	0	0	0	0	0	0	0	0	0	0	0	0.50763524	0	0	0	0	0	0	0	0	0	0	0	0	0	
1	0	0	0	0	0	0.6096775	0	0	0	0	0.68149364	0	0	0	0	0.68085366	0	0	0	0	0.6521727	0	0	0	0	0.5447696	0.6419171	0	0	0	0.59195167	0	0	0	0	0.5618555	0	0	0	0	0	0	0	0	0	0	0.58078694	0	0	0	0	0	0	0	0	0	0.5541928	0	0	0	0	0	0	0	0	0	0.52079606	0	0	0	0	0	0	0	0	0	0	0	0	0	
1	0	0	0	0	0.5768192	0.6681051	0.7153614	0.729896	0.710226	0.6962106	0	0.7027517	0.6723386	0.7320745	0.73194	0	0.720848	0.73205465	0.72261125	0.71036136	0	0.6511852	0.558659	0	0.6584734	0.6014543	0	0.63983077	0.64609325	0.6437198	0	0.6151199	0	0.5893257	0	0	0	0	0.5427591	0	0	0.57321125	0	0.5527387	0.56079614	0	0	0	0.5624191	0.55154306	0.5275539	0.5483978	0	0.5515912	0.53422207	0	0	0	0	0.52597165	0	0.5054553	0	0.50343	0	0	0	0	0	0	0	0	0	0	0	0	0	0	0	0	
1	0	0	0	0.5389036	0	0	0	0	0	0	0	0	0	0	0	0	0	0	0	0	0	0	0	0	0	0	0	0	0	0	0	0	0	0	0	0	0	0	0	0	0	0	0	0	0	0	0	0	0	0	0	0	0	0	0	0	0	0	0	0	0	0	0	0	0	0	0	0	0	0	0	0	0	0	0	0	0	0	0	0	
1	0	0	0	0.5544454	0.66227365	0.66714156	0.71368897	0.71904725	0.7019127	0.6897999	0.72273475	0.7225029	0.703587	0.6868799	0.67458105	0.66929525	0.61072224	0.65615946	0.64742684	0.6224625	0.5940119	0.5093059	0.57539576	0.6156772	0.6093645	0.50218153	0.56391144	0.59969026	0.6181065	0.5911661	0.50930434	0.58044213	0.57589895	0.5791402	0.5499473	0.58369756	0.5335815	0.52719975	0.57291895	0.5460672	0.6425125	0.50551397	0.52622074	0	0	0.5053816	0	0.5277664	0.54435945	0.5385531	0	0	0.5037982	0.5340164	0.52311844	0	0	0.5291008	0.52038777	0.51662993	0	0	0	0	0	0.7269608	0	0	0	0	0	0	0	0	0.5022988	0	0	0	0	0	
1	0	0	0	0	0	0	0	0	0	0	0	0	0	0	0	0	0	0	0	0	0	0	0	0	0	0	0	0	0.500063	0	0	0	0	0	0.50486916	0	0	0	0	0	0	0	0	0.5633807	0	0	0.5374569	0	0	0	0	0	0	0	0	0	0	0	0.5483977	0	0	0.6409082	0	0	0	0	0	0	0	0	0	0	0	0	0	0	0	0	0	0	
1	0	0	0	0	0	0	0.5602323	0.6089496	0.52513915	0.65202916	0.5546695	0.5416958	0.5392255	0.54508	0.5312535	0	0	0	0	0	0	0	0	0	0	0	0	0	0	0	0	0	0	0	0	0	0	0	0	0	0	0	0	0	0	0	0	0	0	0	0	0	0	0	0	0	0	0	0	0	0	0	0	0	0	0	0	0	0	0	0	0	0	0	0	0	0	0	0	0	
1	0	0	0	0	0	0	0	0.57277364	0.5604545	0.54976755	0	0	0	0	0.5506975	0	0.758113	0	0.6546573	0	0	0.77265316	0	0	0	0	0	0	0	0	0.7453009	0	0	0	0.5285122	0	0	0	0	0.7483345	0.76224583	0	0	0	0.61240214	0	0	0	0	0.7556234	0	0	0.5108527	0	0	0	0.64172083	0	0	0	0	0	0	0	0	0	0	0	0	0.5301096	0.75419647	0	0	0	0.74547845	0	0	0	0	0	
1	0	0	0	0.5012778	0	0	0	0	0	0	0	0	0	0	0	0	0	0	0	0	0	0	0	0	0	0	0	0	0	0	0	0	0	0	0	0	0	0	0	0	0	0	0	0	0	0	0	0	0	0	0	0	0	0	0	0	0	0	0	0	0	0	0	0	0	0	0	0	0	0	0	0	0	0	0	0	0	0	0	0	
1	0	0	0	0	0	0	0	0	0.510703	0	0.51907635	0.5293123	0.51504326	0.55284154	0.5476377	0.52281237	0.54845756	0.51171577	0.5134743	0	0	0.56029135	0	0	0	0.55381036	0	0	0.51784503	0	0	0	0.5057621	0	0	0	0	0	0	0	0	0	0	0	0	0	0	0	0	0	0	0	0	0	0	0	0	0	0	0	0	0	0	0	0	0	0	0	0	0	0	0	0	0	0	0	0	0	0	0	
1	0	0	0	0	0	0	0	0	0	0.5331629	0	0	0.5467425	0	0	0	0	0	0	0	0	0	0	0	0	0	0	0.5302367	0	0.50131965	0	0	0	0	0	0	0	0.50827366	0	0	0	0	0	0	0	0	0	0	0	0	0	0	0	0	0	0	0	0	0	0	0	0	0	0	0	0	0	0	0	0	0	0	0	0	0	0	0	0	0	0	
1	0	0	0	0	0.51416355	0	0	0	0	0	0.73032415	0.6510012	0	0	0	0.7256037	0	0	0	0	0	0.666854	0	0	0	0.61148685	0.52955836	0.6239314	0	0	0.60981244	0.5959815	0	0	0	0.5407632	0.5105614	0	0	0	0	0	0	0	0	0	0	0	0	0	0	0	0	0	0	0	0	0	0	0	0	0	0	0	0	0	0	0	0	0	0	0	0	0	0	0	0	0	0	0	
1	0	0	0	0	0	0.5590095	0.64447004	0.66400254	0.6850993	0.6884723	0.6302399	0	0.679076	0.65262103	0.6672861	0.64747864	0.6596796	0.6496053	0.6296295	0.6392607	0.5410789	0.59956473	0.6833196	0.59733236	0.5728662	0.56775117	0.5652207	0.5040445	0.6240842	0.5734496	0	0	0.586597	0	0.5638345	0	0	0.56829894	0	0.546546	0	0	0.54190713	0.56586456	0	0.51500124	0	0	0	0	0	0	0	0	0	0	0	0	0	0	0	0	0	0	0	0	0	0	0	0	0	0	0	0	0	0	0	0	0	0	
1	0	0	0	0	0	0	0	0	0	0	0	0.65134007	0	0.6185317	0	0	0	0.5746487	0	0	0.6095359	0	0	0	0	0	0.5383295	0	0	0	0	0	0	0	0	0	0	0	0	0	0	0	0	0	0	0	0	0	0	0	0	0	0	0	0	0	0	0	0	0	0	0	0	0	0	0	0	0	0	0	0	0	0	0	0	0	0	0	0	0	
1	0	0	0	0	0.58772665	0.65284866	0.67725664	0.6766026	0	0	0.68217456	0.6792199	0.6876348	0	0	0.6083335	0.6385156	0	0	0	0.5255529	0.5843438	0	0	0	0.5669775	0.53309196	0.5093574	0	0	0	0.5059625	0.5903151	0	0	0.62423813	0.5717488	0	0	0	0	0.53575754	0	0	0	0	0	0	0	0	0.6068613	0.5192224	0	0	0	0	0	0	0	0	0	0	0	0	0	0	0	0	0	0	0	0.5040156	0	0	0	0	0	0	0	0	
1	0	0	0	0.5451925	0.58832014	0	0	0.6434442	0.67886597	0.65276456	0	0	0	0.6799062	0.6381435	0	0	0.6408189	0.63091487	0.5100113	0	0	0.5830785	0.5969114	0.5368596	0.5628678	0	0	0	0.6265465	0.6220678	0	0	0	0.5655597	0	0	0.52830136	0	0	0.57154256	0	0	0	0	0	0	0.5091685	0	0	0	0	0	0	0	0	0.525704	0	0	0	0	0	0	0	0	0	0	0	0.5215511	0	0	0	0	0	0	0	0	0	0	0	
1	0	0	0	0	0.53408897	0.5505118	0.5408757	0.5490232	0	0	0.5806129	0.5819523	0	0.5284679	0.5446759	0.5003681	0	0	0	0	0	0.55496216	0	0	0	0.5036808	0	0	0	0	0	0	0	0	0	0	0	0	0	0	0	0	0	0	0	0	0	0	0	0	0	0	0	0	0	0	0	0	0	0	0	0	0	0	0	0	0	0	0	0	0	0	0	0	0	0	0	0	0	0	
1	0	0	0	0	0	0	0	0	0.57551146	0	0	0	0	0	0	0	0	0	0	0.50205874	0	0	0	0	0	0	0	0	0	0	0	0	0	0	0	0	0	0	0	0	0	0	0	0	0	0	0	0	0	0	0	0	0	0	0	0	0	0	0	0	0	0	0	0	0	0	0	0	0	0	0	0	0	0	0	0	0	0	0	0	
1	0	0	0	0	0.5866016	0.64648974	0.6346261	0.6038786	0.62155056	0.6279099	0.6558414	0.6011004	0.59852034	0.65716	0.62774086	0.63126767	0.64108104	0.5915748	0.57145596	0.50099623	0.53869814	0.53796595	0.6451961	0.5114036	0	0	0.5187651	0.504049	0	0.54174334	0.52264076	0	0	0	0.55532146	0	0	0	0	0.52892804	0	0	0	0	0	0	0	0	0	0	0	0	0	0	0	0	0	0	0	0	0	0	0	0	0	0	0	0	0	0	0	0	0	0	0	0	0	0	0	0	
1	0	0	0	0.50298876	0	0	0	0	0.6318701	0.6535546	0	0	0.66573083	0	0	0	0	0.59206814	0	0.5273032	0	0	0	0	0	0.5415251	0.6043112	0	0	0	0	0.62791884	0	0.5298134	0	0	0	0.5154065	0.62142736	0	0	0	0	0	0	0.53922933	0	0.56244767	0	0	0	0	0	0	0	0	0	0.51016563	0	0.5209465	0	0	0	0.5383191	0.61676854	0	0	0	0	0	0	0	0	0	0	0	0.5229573	0.6030224	0	0	
1	0	0	0	0	0.5215762	0	0.6677876	0	0.6476968	0.5144755	0.5858654	0.61567855	0.537141	0.57538706	0.5848032	0.6026615	0.54889876	0.5701619	0.55294216	0.5437128	0.51422596	0	0.5495825	0	0	0.5488896	0.53772616	0.51644415	0	0	0.5416627	0	0	0	0	0	0	0	0	0	0	0	0	0	0	0	0	0	0	0	0	0	0.50094783	0	0	0	0	0	0	0	0	0	0	0	0	0	0	0	0	0	0	0	0	0	0	0	0	0	0	0	
1	0	0	0	0	0	0.51487976	0	0.5655705	0.5100987	0.6132937	0.6067135	0	0.5982937	0	0	0.5147586	0.55248356	0	0.56658894	0	0	0.5308126	0	0	0	0	0	0	0	0	0	0	0	0	0.51182485	0	0	0	0	0.5049931	0	0	0	0	0	0	0	0	0	0	0	0	0	0	0	0	0	0	0	0	0	0	0	0	0	0	0	0	0	0	0	0	0	0	0	0	0	0	0	0	
1	0	0	0	0	0.57296807	0.64965343	0.6237056	0.6787867	0.63631463	0	0.66190416	0.6360908	0.60327506	0.5662389	0.5866068	0.5224145	0.5798759	0.58106273	0.6145739	0.5333849	0.57405835	0.50586057	0	0	0	0.52631587	0.5034033	0.51168454	0.5484345	0.5466545	0.54903	0.520423	0.5472007	0	0	0.6409872	0	0	0	0	0	0.51200235	0	0	0	0	0	0	0	0	0	0	0	0	0	0	0	0	0	0	0	0	0	0	0	0.5523329	0	0	0	0	0	0	0	0	0	0	0	0	0	0	
1	0	0	0	0.5602841	0.5928086	0	0	0	0	0.63876325	0	0	0	0.5955322	0	0.54383266	0	0	0.5177178	0.61002874	0	0	0.57238805	0.63743657	0.6266998	0	0	0	0	0.63079935	0	0	0	0.6008129	0.53637457	0	0	0.57597256	0.58606553	0.58409506	0	0	0.56293046	0.5687472	0.5700205	0.5606408	0	0.5809067	0.57010514	0.5685912	0	0	0.5020564	0.565262	0.5506993	0.50519633	0	0	0.5082498	0.52375495	0	0	0	0.52649426	0.51666033	0	0	0.6037339	0.53244376	0.5122934	0	0.5267251	0	0	0	0	0	0	0	0	
1	0	0	0	0	0	0	0	0	0	0	0	0	0	0	0	0	0	0	0	0	0	0	0	0	0	0	0	0	0	0	0	0	0	0	0	0	0	0	0	0	0	0	0	0	0	0	0	0	0	0	0	0	0	0	0	0	0	0	0	0	0.6129179	0	0	0	0	0	0	0	0	0	0	0	0	0	0	0	0	0	0	0	
1	0	0	0	0	0	0.5300413	0.53675926	0	0	0	0	0.52533144	0	0	0	0.5270863	0	0	0	0	0	0	0.56890035	0	0	0	0	0	0	0	0.50107545	0	0	0	0.5357052	0	0	0.5084698	0	0.50488555	0	0	0	0	0	0	0	0	0	0	0	0	0	0	0	0	0	0	0	0	0	0	0	0	0	0	0	0	0	0	0	0	0	0	0	0	0	0	0	0	
1	0	0	0	0	0.53923756	0	0.5933164	0.6136898	0.63254213	0.62672305	0.5842843	0.5724742	0.5985932	0.59192985	0.5869386	0.5153846	0.571326	0.5444161	0.52306455	0.5006133	0.5296916	0	0.51790535	0.5039828	0.5105686	0.63212746	0	0	0	0	0	0	0	0.5202488	0	0	0	0	0	0	0.57023686	0	0	0	0	0	0	0	0	0	0	0	0	0	0	0	0	0	0	0	0	0	0	0	0	0	0	0	0	0	0	0	0	0	0	0	0	0	0	0	
1	0	0	0	0	0	0	0	0	0	0	0	0	0	0	0	0	0	0	0	0	0	0	0.57117605	0	0	0	0	0	0	0	0	0	0	0.5219945	0	0	0	0.5176517	0.5131167	0	0	0	0	0	0	0	0	0	0	0	0	0	0	0	0	0	0	0	0	0	0	0	0	0	0	0	0	0	0	0	0	0	0	0	0	0	0.5043374	0	0	0	
1	0	0	0	0	0	0	0.5503823	0.5399479	0	0	0	0.6215669	0	0	0	0	0.50477296	0	0	0	0	0.57983524	0	0	0	0	0.54137677	0	0	0	0	0	0	0	0	0	0	0	0	0	0	0	0	0	0	0	0.50305116	0	0	0	0	0	0	0	0	0	0	0	0	0	0	0	0	0	0	0	0	0	0	0	0	0	0	0	0	0	0	0	0	0	
1	0	0	0	0	0.52792203	0.51337045	0.6630024	0.621852	0	0	0.6829982	0.65471786	0.6203864	0	0	0.68265516	0.6866292	0	0	0	0.53994507	0.5656448	0	0	0	0.5752225	0	0.55363446	0.6504196	0.6118207	0.53089476	0.6039545	0.61552846	0	0	0.5442659	0	0	0	0	0	0	0	0	0	0	0	0	0	0	0	0	0	0	0	0	0	0	0	0	0	0	0	0	0	0	0	0	0	0	0	0	0	0	0	0	0	0	0	0	
1	0	0	0	0	0	0.64053136	0	0	0.6702879	0.68453306	0	0	0.676585	0.66698486	0.63141996	0	0	0.6780017	0.6375498	0.56146777	0.6475363	0	0	0.6076595	0.6319457	0	0.5070077	0	0	0	0	0	0	0.59143406	0.64175606	0	0	0	0.5439956	0.5934446	0	0	0	0	0	0	0	0.5323725	0	0	0	0	0.52189493	0	0	0	0.626173	0	0.5610762	0	0	0	0	0	0	0	0	0	0	0	0	0	0	0	0	0	0	0	0	0	
1	0	0	0	0	0	0	0	0	0	0	0	0	0	0	0	0	0	0	0	0	0	0	0.69803786	0	0	0	0	0	0	0	0	0	0	0	0	0	0	0.5611013	0	0	0	0	0	0	0	0.5917907	0	0	0	0	0	0	0	0	0	0.51038677	0	0	0	0	0	0	0	0	0	0	0	0	0	0	0	0	0	0	0	0	0	0	0	0	
1	0	0	0	0	0	0	0	0	0	0	0	0	0	0.50545007	0	0	0	0.5162866	0	0	0	0	0	0	0	0	0	0	0	0.5351285	0	0	0	0	0	0	0	0	0	0	0	0	0	0	0	0	0	0	0	0	0	0	0	0	0	0	0	0	0	0	0	0	0	0	0	0	0	0	0	0	0	0	0	0	0	0	0	0	0	0	
1	0	0	0	0	0	0	0	0	0	0	0	0	0	0	0	0	0.53736097	0	0	0	0	0	0	0	0	0	0	0	0.5341069	0	0	0	0	0	0	0	0	0	0	0	0	0	0	0	0	0	0	0	0	0	0	0	0	0	0	0	0	0	0	0	0	0	0	0	0	0	0	0	0	0	0	0	0	0	0	0	0	0	0	0	
1	0	0	0.51230973	0	0.56589186	0.5994055	0.656146	0	0	0	0.7043729	0.6408031	0	0	0	0.57308143	0.57731116	0	0	0	0.59300673	0.5536958	0	0	0	0.50331795	0.59267396	0.5378109	0	0	0	0.506249	0	0	0	0	0	0	0	0	0	0.63541675	0	0	0	0	0.5400069	0	0	0	0	0	0	0	0	0	0	0	0	0	0	0	0	0	0	0	0	0	0	0	0	0	0	0	0	0	0	0	0	0	
1	0	0	0	0.5684062	0.66084397	0.6086939	0.74945784	0.7554427	0.6428164	0.77236485	0	0.7120488	0.6993136	0.69641364	0.7059579	0.6169608	0	0.6458557	0.652806	0.525967	0	0	0.61896807	0.64116025	0.6421374	0	0	0	0	0.61064774	0.5286209	0	0	0.5802827	0.5154906	0	0	0.6047557	0.52471	0	0.53110296	0	0.5023137	0.50172913	0.5130035	0.5629407	0	0	0.5218913	0	0	0	0.5008952	0	0	0	0	0	0	0	0	0	0	0.68999654	0	0	0	0	0	0	0	0	0	0	0	0	0	0	0	0	
1	0	0	0	0.5880766	0.6663201	0.6745285	0.6896308	0.67228174	0.6759765	0.67260396	0.70619047	0.56829005	0.6400728	0.5822866	0.64136994	0.62123656	0.63995016	0.5993821	0.5959308	0.595743	0.553715	0.5420766	0.5197457	0.57016116	0.5445237	0.54604137	0	0.5820762	0.53770065	0.5698826	0	0.54747665	0.52233946	0	0	0	0	0	0	0	0.524155	0	0	0	0	0.52939206	0	0	0	0	0	0	0	0	0	0	0	0	0	0	0	0	0	0	0	0	0	0	0	0	0.50327057	0.5525033	0	0	0	0	0	0	0	0	
1	0	0	0	0.5493121	0	0	0.6500845	0.6754559	0	0	0	0	0	0	0	0	0	0	0	0	0	0	0	0	0	0	0	0.64642286	0	0.66124856	0	0	0	0.6298928	0	0	0	0	0	0	0	0	0	0	0	0	0	0	0	0	0	0	0	0	0	0	0	0	0.50808036	0	0	0	0	0.5456709	0	0	0	0	0	0	0	0	0	0	0	0	0	0	0	0	
1	0	0	0	0	0	0.6775347	0	0	0	0	0.77948505	0	0	0	0	0.732252	0	0	0	0	0.5792955	0	0	0	0	0.5724075	0	0	0	0	0.62389654	0	0	0	0	0.50584406	0	0	0	0	0	0	0	0	0	0	0	0	0	0	0.5075123	0	0	0	0	0	0	0	0	0	0	0	0	0	0	0	0	0	0	0	0	0	0	0	0	0	0	0	0	0	
1	0	0	0	0.53291285	0.6750734	0.6985657	0.74595845	0.7373326	0.75539285	0.7429917	0	0.7264117	0.7471809	0.73621094	0.70250523	0	0.6774676	0.74815935	0.7145559	0.68864477	0	0.6321762	0.6235867	0.6359911	0.6764209	0	0.5635608	0.70119625	0.7280686	0.7144475	0	0.699949	0.7063178	0.6403919	0.5601718	0	0.63574326	0.53351367	0.62879854	0.5338997	0.74723285	0.6195435	0.5021114	0	0	0.5398203	0.59186876	0.504275	0.59067494	0.58061373	0	0.56464964	0	0.53747815	0.51727253	0	0.5275355	0	0	0	0	0.55396533	0	0	0.5116351	0	0	0	0	0	0	0	0	0	0	0	0	0	0	0	
1	0	0	0	0	0	0	0	0	0	0	0	0	0	0	0	0	0	0	0	0	0	0	0	0	0	0	0	0	0	0	0	0	0	0	0	0	0	0.59563386	0	0	0	0	0	0	0	0	0	0	0	0	0	0	0	0	0	0	0	0	0.5174081	0.61657256	0	0	0	0	0	0	0	0	0	0	0	0	0	0	0	0	0.5466941	0	0	0	
1	0	0	0	0	0	0	0	0	0	0	0	0	0	0	0	0	0	0	0	0	0	0	0.55660945	0	0	0	0	0.51379955	0	0	0	0	0	0	0	0	0	0.5334352	0	0	0	0	0	0	0	0	0	0	0	0	0	0	0	0	0	0	0	0	0	0	0	0	0	0	0	0	0	0	0	0	0	0	0	0	0	0	0	0	0	0	
1	0	0	0	0	0	0	0	0	0	0	0	0	0	0	0	0	0	0	0	0	0	0	0	0	0	0	0	0	0	0	0	0	0	0	0	0	0	0	0	0	0	0	0.50966364	0	0	0	0	0	0	0	0	0	0	0	0	0	0	0	0	0	0	0	0	0	0	0	0	0	0	0	0	0	0	0	0	0	0	0	0	0	
1	0	0	0	0	0.57645065	0	0.61532086	0	0	0	0	0	0	0	0	0.50915194	0	0	0	0	0	0	0	0	0	0	0	0	0	0	0	0	0	0	0	0	0	0	0	0	0	0	0	0	0	0	0	0	0	0	0	0	0	0	0	0	0	0	0	0	0	0	0	0	0	0	0	0	0	0	0	0	0	0	0	0	0	0	0	0	
1	0	0	0	0	0	0.55299443	0	0	0.5368812	0.5135957	0.5881047	0	0	0.51064783	0.52932113	0	0	0.50543875	0.5196474	0.50985694	0	0	0	0	0	0	0	0	0	0	0	0	0	0	0	0	0	0	0	0	0	0	0	0	0	0	0	0	0	0	0	0.5278564	0	0	0	0	0	0	0	0	0	0	0	0	0	0	0	0	0	0	0	0	0	0	0	0	0	0	0	0	
1	0	0	0	0	0	0.7147467	0	0	0	0	0.7284259	0.5085119	0	0	0	0.6696801	0	0	0	0	0.6736099	0.53673303	0	0	0	0.58410895	0.6198411	0.66520774	0	0	0.606832	0.6747338	0	0	0	0.61829454	0.54755026	0	0	0	0	0.5202393	0	0	0	0	0	0	0	0	0	0	0	0	0	0	0	0	0	0	0	0	0	0	0	0	0	0	0	0	0	0	0	0	0	0	0	0	0	0	
1	0	0	0	0.5365936	0.63819957	0	0.74004734	0.7622094	0.75135905	0.7534492	0.6053515	0.7191626	0.73791367	0.713423	0.70019245	0.57889783	0.64245135	0.6653096	0.6580869	0.66593933	0.5456972	0.58898973	0.5859544	0.6159712	0.63166934	0.6190612	0	0	0.6450331	0.60299623	0	0	0.6148931	0.6145493	0.5015168	0.5630702	0	0.5502512	0.5919399	0	0.6500412	0.51347417	0.56690466	0.53676575	0	0	0	0	0.5640293	0	0	0.5073088	0	0	0	0.5426273	0	0	0	0	0.5134482	0.521268	0	0.50881034	0.52269006	0	0	0	0	0	0	0	0	0	0	0	0	0	0	0	
1	0	0	0	0	0	0	0	0	0	0	0	0	0	0	0	0	0	0	0	0.50102735	0	0	0.5196219	0	0	0	0	0	0	0	0	0	0	0	0	0	0	0	0	0.5313247	0	0	0	0	0	0.5035495	0.56007934	0	0	0	0	0	0	0	0	0	0.5281181	0.5249964	0	0	0	0	0	0	0	0	0	0	0	0	0	0	0	0.63832957	0	0	0	0	0	0	
1	0	0	0	0	0	0	0.5713821	0	0.5237393	0	0	0	0	0.55224705	0.56277436	0.54180676	0.50401986	0	0.510791	0	0.567188	0	0	0	0.60262805	0	0	0	0	0.53620535	0.53274834	0	0.51381475	0.61707914	0	0	0	0	0.6186936	0	0	0	0	0.58697563	0.55979556	0	0	0	0	0	0	0	0	0	0	0	0	0	0	0	0	0	0	0	0	0	0	0	0	0	0	0	0	0	0	0	0	0	0	0	
1	0	0	0	0	0	0	0	0.5402877	0.6469941	0.5751718	0.592758	0	0	0	0.57714534	0	0	0.50716186	0	0.57586694	0	0	0.71676606	0.56161386	0	0.5443765	0	0	0	0	0	0	0	0	0.6833964	0	0	0.5731061	0	0.6681072	0	0	0.52053356	0	0	0	0	0.6099156	0.5202993	0.50558513	0	0	0.56216115	0	0	0	0	0	0	0	0	0	0	0	0	0	0	0	0	0	0	0	0	0	0	0	0	0	0	0	
1	0	0	0	0	0	0.5791416	0	0	0	0	0	0	0	0	0	0	0	0	0	0	0	0	0	0	0	0	0	0	0	0	0	0	0	0	0	0	0	0	0	0	0	0	0	0	0	0	0	0	0	0	0	0	0	0	0	0	0	0	0	0	0	0	0	0	0	0	0	0	0	0	0	0	0	0	0	0	0	0	0	0	
1	0	0	0	0.5402299	0.5919479	0	0.6256614	0.56968385	0.58807987	0.554905	0.52452904	0.52174354	0.5047934	0	0	0	0	0	0	0	0	0	0	0	0	0	0	0	0	0	0	0	0	0	0	0	0	0	0	0	0	0	0	0	0	0	0	0	0	0	0	0	0	0	0	0	0	0	0	0	0	0	0	0	0	0	0	0	0	0	0	0	0	0	0	0	0	0	0	0	
1	0	0	0	0	0	0.5416739	0	0	0	0.5198867	0.5287875	0	0	0	0	0.50479096	0	0	0	0	0	0	0	0	0	0	0.5106289	0	0	0	0	0	0	0	0	0	0	0	0	0	0	0	0	0	0	0	0	0	0	0	0	0	0	0	0	0	0	0	0	0	0	0	0	0	0	0	0	0	0	0	0	0	0	0	0	0	0	0	0	0	
1	0	0	0	0	0	0	0.5199547	0	0	0	0	0	0	0	0	0	0	0	0	0	0	0	0	0	0	0	0	0	0	0	0	0	0	0	0	0	0	0	0	0	0	0	0	0	0	0	0	0	0	0	0	0	0	0	0	0	0	0	0	0	0	0	0	0	0	0	0	0	0	0	0	0	0	0	0	0	0	0	0	0	
1	0	0	0	0	0	0	0	0	0	0	0	0	0	0	0	0	0	0	0.50814074	0	0	0	0	0	0	0	0	0	0	0	0	0	0	0	0	0	0	0	0	0	0	0	0	0	0	0	0	0	0	0	0	0	0	0	0	0	0	0	0	0	0	0	0	0	0	0	0	0	0	0	0	0	0	0	0	0	0	0	0	0	
1	0	0	0	0.5563385	0.5820676	0.59738475	0.58699495	0.62126154	0.5620087	0.55783844	0.7075318	0.62729555	0.51202327	0	0	0.66367096	0	0	0	0	0.6105234	0.5415834	0.56611085	0	0	0.50671875	0.55613786	0	0	0	0	0	0	0	0	0	0	0	0	0	0	0	0	0	0	0	0	0	0	0	0	0	0	0	0	0	0	0	0	0	0	0	0	0	0	0	0	0	0	0	0	0	0	0	0	0	0	0	0	0	
1	0	0	0	0.5578382	0.590109	0.59926724	0.6462288	0.65114367	0.5843787	0	0.5338304	0.60535365	0.60132706	0.59979063	0.59053874	0.50668377	0.5439472	0.57546717	0.5760787	0.51668805	0	0.57829255	0	0	0	0.5594017	0.6721453	0.6407098	0.5138351	0.53610486	0	0	0.5033558	0	0	0.5228226	0	0	0	0	0.54680747	0	0	0	0	0	0.50045675	0	0	0	0	0	0	0	0	0	0	0	0	0	0	0	0	0	0	0	0	0	0	0	0	0.6656481	0	0	0	0	0	0	0	0	
1	0	0	0	0	0	0	0.5062729	0	0.60891616	0	0.5080325	0	0	0	0	0.51520765	0.6101943	0	0	0	0	0	0	0	0	0	0	0	0.5380522	0	0	0	0	0	0	0	0	0	0	0	0	0	0	0	0	0	0	0	0	0	0	0	0	0	0	0	0	0	0	0	0	0	0	0	0	0	0	0	0	0	0	0	0	0	0	0	0	0	0	0	
1	0	0	0	0	0	0	0	0	0	0	0	0	0	0	0	0.5079909	0	0	0	0	0	0	0	0	0	0	0	0	0	0	0	0	0	0	0	0	0	0	0	0	0	0	0	0	0	0	0.54178745	0	0	0	0	0	0	0	0	0	0	0	0	0	0	0	0	0	0	0	0	0	0	0	0	0	0	0	0	0	0	0	0	0	
1	0	0	0	0	0	0	0.5085452	0.5273923	0	0	0	0.5297088	0	0	0	0	0	0	0	0	0	0	0	0	0	0	0	0	0	0	0	0	0	0	0	0	0	0	0	0	0	0	0	0	0	0	0	0.5967796	0	0.5584252	0	0	0	0	0	0	0	0	0	0	0	0	0	0	0	0	0	0	0	0	0	0	0	0	0	0	0	0	0.5481883	0	
1	0	0	0	0	0.5775012	0.61113775	0.6576844	0.64625233	0.6339575	0.58674026	0.68078196	0.57793987	0.51612645	0.534249	0.5083557	0.6100851	0	0	0	0	0	0	0	0	0	0.5930531	0	0	0	0	0	0	0	0	0	0	0	0	0	0	0	0	0	0	0	0	0	0	0	0	0	0	0	0	0	0	0	0	0	0	0	0	0	0	0	0	0	0	0	0	0	0	0	0	0	0	0	0	0	0	
1	0	0	0	0	0.58611226	0.5259866	0.5564472	0.65980846	0.69494015	0.70979434	0	0.6956801	0.73450655	0.53974956	0.59277976	0	0.70665103	0	0.54085743	0.6100142	0.5952027	0	0	0.5382592	0.5026421	0	0.56344926	0.5092004	0.62657326	0	0.5287175	0	0.61864	0	0	0	0	0	0	0	0	0	0	0	0	0	0	0	0	0	0	0	0	0	0	0	0	0	0	0	0	0	0	0	0	0	0	0	0	0	0	0	0	0	0	0	0	0	0	0	
1	0	0	0	0.56733996	0	0	0.6555438	0.68601304	0	0	0	0.7129705	0	0.7171737	0.6032326	0.6731273	0	0.70306486	0.54784054	0	0	0.579344	0	0	0	0	0	0.54317296	0	0.64450467	0	0.5140214	0	0.5117608	0	0	0	0	0	0	0	0	0	0	0	0	0	0	0	0	0	0	0	0	0	0	0	0	0	0	0	0	0	0.5243669	0	0	0	0	0	0	0	0	0	0	0	0.59579295	0	0	0	0	
1	0	0	0	0	0	0	0	0	0	0	0	0	0	0	0	0	0	0	0	0.5198969	0	0	0.518408	0.50687426	0	0.56720155	0.5020965	0	0	0.5304176	0	0	0	0	0	0	0	0.5148916	0	0	0	0	0	0	0	0	0	0	0	0	0	0	0	0	0	0	0	0	0	0	0	0	0	0	0	0	0	0	0	0	0	0	0	0	0	0	0	0	0	0	
1	0	0	0	0	0	0	0	0	0	0	0	0	0	0	0	0	0	0	0.51148695	0	0	0.5221609	0	0	0	0	0	0	0	0	0	0	0	0	0	0	0	0	0	0	0	0	0	0	0	0	0	0	0	0	0	0	0	0	0	0	0	0	0	0	0	0	0	0	0	0	0	0	0	0	0	0	0	0	0	0	0	0	0	0	
1	0	0	0	0	0.5081693	0.530136	0.5674468	0.546354	0	0.52631456	0	0.58559656	0.58270437	0.5970088	0	0	0.6117824	0.6023112	0.5679582	0	0	0	0.5023977	0	0	0	0	0	0.55304927	0.6187884	0	0	0.5370482	0	0	0	0	0	0	0	0	0	0	0	0	0	0	0	0	0	0	0	0	0	0	0	0	0	0	0	0	0	0	0	0	0	0	0	0	0	0	0	0	0	0	0	0	0	0	0	
1	0	0	0	0	0	0	0	0	0.51991546	0	0	0	0	0	0.5616461	0	0	0	0	0	0	0	0	0	0	0	0	0	0	0	0	0	0	0	0	0	0	0	0	0	0	0	0	0	0	0	0	0	0	0	0	0	0	0	0	0	0	0	0	0	0	0	0	0	0	0	0	0	0	0	0	0	0	0	0	0	0	0	0	0	
1	0	0	0	0	0	0	0.50865245	0	0	0.521766	0.50949323	0	0	0	0.5000858	0.5084219	0	0	0	0.51265043	0	0	0	0.51847625	0	0	0	0	0	0	0	0	0	0	0	0	0	0	0	0	0	0	0	0	0	0	0	0	0	0	0	0	0	0	0	0	0	0	0	0	0	0	0	0	0	0	0	0	0	0	0	0	0	0	0	0	0	0	0	0	
1	0	0	0	0	0	0.50808525	0	0.5158135	0	0.54152626	0	0	0	0	0	0	0	0	0	0	0	0	0	0	0.54100853	0	0	0	0	0	0	0	0	0	0	0	0	0	0	0	0	0	0	0	0	0	0	0	0	0	0	0	0	0	0	0	0	0	0	0	0	0	0	0	0	0	0	0	0	0	0	0	0	0	0	0	0	0	0	0	
1	0	0	0.51607597	0	0.5760753	0.611311	0.6815163	0.7360787	0.7339808	0.70512265	0.5698895	0.55843014	0.7305292	0.5489391	0.70993495	0.5622518	0.6611161	0	0	0.6426331	0	0.51397556	0	0.5967151	0.5227559	0.50680035	0	0	0.5592823	0.5242899	0	0	0.55962366	0	0	0	0	0	0	0	0	0	0	0	0	0	0	0	0	0	0	0	0	0	0	0	0	0	0	0	0	0	0	0	0	0	0	0	0	0	0	0	0	0	0	0	0	0	0	0	
1	0	0	0	0.57390773	0	0.6939514	0	0	0.6002572	0	0	0.5934768	0	0.62987894	0	0	0.5090113	0.7031693	0.6012409	0	0	0	0.5698517	0	0	0	0	0	0	0.62229717	0	0	0	0	0	0	0	0	0	0	0	0	0	0	0	0	0	0	0	0	0	0	0	0	0	0	0	0	0	0	0	0	0	0	0	0	0	0	0	0	0	0	0	0	0	0	0	0	0	0	
1	0	0	0	0.5694369	0.63815904	0.5846296	0.7125917	0.6381178	0.71471375	0.5809526	0.64146847	0.6356686	0.6583737	0.6286766	0.6459649	0.66421694	0.6761422	0.5525468	0.66457623	0.63168097	0.5627719	0.6283252	0.56472725	0.59786516	0	0.5276643	0.5665835	0	0.6237312	0.51941985	0	0	0.58863556	0	0	0	0	0	0	0	0	0	0.5098336	0	0	0.5485026	0.5001691	0	0	0	0	0	0	0	0	0	0	0	0	0	0	0	0	0	0	0	0	0	0	0	0	0	0	0	0	0	0	0	0	0	
1	0	0	0	0	0	0	0	0.7285881	0	0.69335103	0	0	0.6618166	0	0	0	0	0	0	0	0	0	0	0	0.59696996	0	0	0.53676856	0	0.6052879	0	0	0	0.5548207	0	0	0	0	0	0	0.503442	0	0	0	0	0	0	0	0	0	0	0	0	0	0	0	0	0	0	0	0	0	0	0	0	0	0	0	0	0	0	0	0	0	0	0	0	0	0	0	
1	0	0	0	0	0	0.5352558	0.6353576	0.6003576	0.67393404	0.6838968	0.57925224	0.5940955	0.61976177	0.6389377	0.6647959	0.55635136	0.51460904	0.57664007	0.59874564	0.5914879	0.5314967	0	0.5531141	0.5870361	0.5665211	0	0	0.53734237	0	0	0	0	0	0	0	0	0	0	0	0	0	0	0	0	0	0	0	0	0	0	0	0	0	0	0	0	0	0	0	0	0	0	0	0	0	0	0	0	0	0	0	0.5299241	0	0	0	0	0	0	0	0	
1	0	0	0	0	0.52204645	0	0.5310775	0	0	0	0	0	0	0	0	0	0.6196232	0	0	0	0	0	0	0	0	0	0	0	0	0	0	0	0	0	0	0	0	0	0	0	0	0	0	0	0	0	0	0	0	0	0	0	0	0	0	0	0	0	0	0	0	0	0	0	0	0	0	0	0	0	0	0	0	0	0.5082837	0	0	0	0	0	
1	0	0	0	0	0	0	0	0	0.5056015	0.5205722	0	0	0	0	0	0	0	0	0	0	0	0	0	0	0	0	0	0	0	0	0	0	0	0	0	0	0	0	0	0	0	0	0	0	0	0	0	0	0	0	0	0	0	0	0	0	0	0	0	0	0	0	0	0	0	0	0	0	0	0	0	0	0	0	0	0	0	0	0	0	
1	0	0	0	0	0.68480855	0.68164176	0.7455788	0.7119155	0.76300687	0.7580981	0.7057285	0.68045586	0.7066365	0.69744945	0.6975187	0.64665914	0.6739521	0.66730726	0.6516156	0.6680795	0.62490946	0.591422	0	0.65010136	0.62914795	0.6101816	0.52100486	0.5016883	0	0.5176322	0.505449	0	0	0	0	0	0	0	0	0	0	0	0	0	0	0	0	0	0	0	0	0	0	0	0	0	0	0	0	0	0	0	0	0	0	0	0	0	0	0	0	0	0	0	0	0	0	0	0	0	
1	0	0	0	0.5484111	0	0	0	0.76712424	0	0	0	0.66524655	0	0.6455887	0	0	0	0	0	0	0	0	0.59948975	0	0	0	0.5323378	0.5643986	0	0.533322	0	0	0	0	0	0	0	0	0	0	0	0	0	0	0	0	0	0	0	0	0	0	0	0	0	0	0	0	0	0	0	0	0	0	0	0	0	0	0	0	0	0	0	0	0	0	0	0	0	0	
1	0	0	0	0	0	0	0	0.5107069	0	0	0	0	0	0	0	0	0	0	0	0	0	0	0	0	0	0	0	0	0	0	0	0	0	0	0	0	0	0	0	0	0	0	0	0	0	0	0	0	0	0	0	0	0	0	0	0	0	0	0	0	0	0	0	0	0	0	0	0	0	0	0	0	0	0	0	0	0	0	0	0	
1	0	0	0	0	0.54357463	0.60747087	0.637002	0.60128975	0.59989953	0.62890583	0.66925895	0.6096218	0.6297902	0.59509134	0.5799542	0.59444565	0.65412724	0.53793305	0.568732	0.51136833	0.64523983	0.65702313	0.50161856	0	0.5349688	0.58680063	0	0.6156518	0	0	0	0	0	0.52156264	0	0.54712737	0	0	0	0	0	0	0	0	0	0	0	0	0	0	0	0	0	0	0	0	0	0	0	0	0	0	0	0	0	0	0	0	0	0	0	0	0	0	0	0	0	0	0	0	
1	0	0	0	0	0	0	0	0.6202366	0	0	0	0	0	0	0.5898105	0	0	0	0	0	0	0	0	0	0	0	0	0	0	0	0	0	0	0	0.5052575	0	0	0	0	0	0	0	0	0	0	0	0	0	0	0	0	0	0	0	0	0	0	0	0	0	0	0	0	0	0	0	0	0	0	0	0	0	0	0.5217448	0	0	0	0	0	0	
1	0	0	0	0	0	0.56163836	0.5762395	0.5899688	0	0	0.60548073	0.55633235	0.5429221	0	0	0.5655874	0.5914919	0	0	0	0	0.7190975	0	0	0	0.552066	0.678477	0.6130853	0.5999311	0.6473177	0	0.6291758	0	0	0	0.5587656	0.576907	0	0	0	0	0.58647937	0	0	0	0	0.61841345	0	0	0	0.51402014	0.5533674	0	0	0	0	0	0	0	0	0	0.5525497	0	0	0	0	0	0	0	0	0	0	0	0	0	0	0	0	0	0	
1	0	0	0	0	0	0	0	0	0.5916778	0.5298668	0	0	0	0.58067966	0.5938854	0	0	0.59542596	0.6181527	0.5697281	0	0	0.65050614	0.5345222	0.53887725	0	0	0	0	0	0.6030599	0	0.6157621	0.57322764	0.5242229	0	0.5631987	0.5673408	0.59074455	0.5398904	0	0	0.6094664	0.57663596	0.55136645	0	0	0.52278674	0.50387526	0.54463905	0	0	0.54785246	0.53740126	0	0.515041	0	0	0.5041505	0.52638805	0.5343599	0	0.54751754	0.513129	0.5218552	0	0	0	0.54730743	0	0	0	0	0.51822186	0	0	0	0	0	0	
1	0	0	0	0	0	0	0	0	0	0	0	0	0	0	0	0	0	0	0	0	0	0	0	0	0	0	0	0	0	0	0	0	0	0	0.5640712	0	0	0	0	0	0	0	0	0	0	0	0	0	0	0	0	0	0	0	0	0	0	0	0	0	0	0	0	0	0	0	0	0	0	0	0	0	0	0	0	0	0	0	0	0	
1	0	0	0	0	0	0.61174935	0	0	0	0	0.5812293	0	0	0	0	0.55908376	0	0	0	0	0.5386595	0	0	0	0	0.560959	0.6910878	0	0	0	0	0	0	0	0	0	0	0	0	0	0	0	0	0	0	0	0	0	0	0	0	0	0	0	0	0	0.52669096	0	0	0	0	0	0	0	0	0	0	0	0	0	0	0	0	0	0	0	0	0	0	0	
1	0	0	0	0	0.6151125	0	0.7089382	0.6973067	0.71151465	0.6944895	0.6837351	0.6985964	0.6373275	0.61866355	0.6007941	0	0.5757308	0.5629504	0.5719623	0.58448315	0	0.5893467	0.586223	0.5692858	0.56924146	0	0	0.5342035	0.5182087	0.5664586	0	0	0	0	0.56147915	0	0	0	0	0	0	0	0.5365796	0	0	0	0.5132243	0	0	0	0	0	0	0	0	0	0	0	0	0	0	0	0	0	0	0	0	0	0	0	0	0	0	0	0	0	0	0	0	0	
1	0	0	0	0	0	0	0	0	0	0	0	0	0	0	0	0	0	0	0	0	0	0	0	0	0	0	0	0	0	0	0	0	0	0	0	0	0	0	0	0.5350867	0	0	0	0	0	0.50645757	0	0	0	0	0	0	0	0	0	0	0	0	0	0	0.52866966	0	0	0	0	0	0	0	0	0	0	0	0	0	0	0	0	0	0	0	
1	0	0	0	0	0.57200533	0.5042609	0.6308775	0.5529982	0	0	0.5981095	0.59842354	0.6494351	0	0	0.6598869	0.5585937	0.57618034	0	0	0	0.691486	0	0	0	0.5604172	0.71683663	0.5143816	0.63088787	0.5587569	0.54123634	0.5810769	0.6077078	0	0	0	0	0	0	0	0	0	0	0	0	0	0.52224004	0	0	0	0	0	0	0	0	0	0.5322519	0	0	0	0	0	0	0	0	0	0.5371006	0	0	0	0	0	0	0	0	0	0	0	0	0	
1	0	0	0	0.5472005	0	0.6742609	0	0.6780645	0.73196554	0.7355345	0.7215586	0	0.68013275	0.65396845	0.6676039	0	0	0.5918322	0.6106909	0.67173237	0.5385173	0	0.6015249	0.66818	0.6641622	0	0	0	0	0	0	0	0	0.5571375	0	0	0	0.5487551	0.5161658	0	0	0.5596796	0.5546271	0	0	0	0	0	0	0	0.50882316	0	0	0	0	0	0	0	0	0	0	0	0	0	0	0.5995684	0	0	0	0	0	0	0	0	0	0	0	0	0	0	
1	0	0	0	0	0	0	0	0	0	0	0	0	0	0	0	0	0	0	0	0	0	0	0.55604357	0	0	0	0	0	0	0	0	0	0	0	0	0	0	0	0	0	0.5183257	0	0	0	0	0	0	0	0	0	0	0	0	0	0	0	0	0	0	0	0	0	0	0	0	0	0	0	0	0	0	0	0	0	0	0	0	0	0	0	
1	0	0	0	0	0.6221452	0.6063531	0.6129944	0	0.6282571	0.59510803	0.64080286	0	0.5169077	0.51378685	0.56961685	0.56199974	0.68055266	0	0.5195958	0.51602376	0	0.50062525	0	0	0.5125171	0.5028377	0.5623333	0.566842	0.5385467	0	0	0	0	0	0	0	0	0	0	0	0	0.5067827	0	0	0	0	0	0	0	0	0	0	0	0	0	0	0	0	0	0	0	0	0	0	0	0	0	0	0	0	0	0	0	0	0	0	0	0	0	0	
1	0	0	0	0	0	0	0	0.642901	0	0.64615583	0	0.59361416	0.65884733	0	0	0	0	0	0	0.58303326	0	0	0	0.56093913	0	0	0	0.57531416	0	0	0	0	0	0	0	0	0	0	0	0	0	0	0	0	0	0	0	0	0	0	0	0	0	0	0	0	0	0	0	0	0	0	0	0	0	0	0	0	0	0	0	0	0	0	0	0	0	0	0	0	
1	0	0	0	0	0.6062574	0.5953899	0.57401025	0.5395106	0.57965934	0.5690017	0.5844653	0	0	0	0.546972	0	0	0	0	0	0	0	0	0	0.51548636	0	0	0.5168005	0	0	0.5394891	0.5351214	0	0.5191883	0	0	0.5370008	0	0	0	0	0	0	0	0	0	0	0	0	0	0.5084596	0.520919	0.5050704	0	0	0	0	0	0	0	0	0	0	0	0	0	0	0	0	0	0	0	0	0	0	0	0	0	0	0	
1	0	0	0	0	0	0	0.58566964	0.578027	0	0	0	0.52278054	0	0	0	0	0	0	0	0.5086354	0	0	0	0.5428325	0	0	0	0.51582175	0	0.55211747	0	0.53583986	0	0	0.5469122	0	0	0.5184018	0.5342739	0	0	0.5209204	0.5538339	0.54276174	0.5320885	0	0.54430455	0	0	0	0	0	0	0	0	0	0	0	0	0	0.5154144	0	0.50508434	0	0	0	0	0	0	0	0	0	0	0	0	0	0	0	0	0	
1	0	0	0	0	0.6097693	0.5147414	0.62314594	0	0	0	0.6328822	0.5213634	0.5139007	0.5125555	0.54571307	0.57000774	0.5511243	0.5808433	0	0	0.52032083	0.63624257	0	0	0	0	0	0	0	0	0	0	0	0	0	0	0	0	0	0	0	0	0	0	0	0	0	0	0	0	0	0	0	0	0	0	0	0	0	0	0	0	0	0	0	0	0	0	0	0	0	0	0	0	0	0	0	0	0	0	
1	0	0	0	0.51774573	0	0.6135781	0	0.6341962	0.6709608	0.64224946	0.65081775	0	0.54397094	0.55748904	0.56210184	0	0	0	0.6197109	0	0	0	0.5286776	0.5378651	0	0	0.5509273	0	0	0	0	0	0	0	0	0	0	0	0	0	0	0	0	0	0	0	0	0	0	0	0	0	0	0	0	0	0	0	0	0	0	0	0	0	0	0	0	0	0	0	0	0	0	0	0	0	0	0	0	0	
1	0	0	0	0	0	0	0	0.53316796	0	0	0	0	0	0	0.5034122	0	0	0	0	0	0.5258737	0	0	0	0.54315764	0.51246226	0	0	0.5075149	0.51530683	0.5442014	0	0.51759356	0	0	0.5382967	0.624453	0	0	0	0	0	0	0	0	0	0.53488874	0	0.5200325	0.584319	0.5335622	0.62142986	0	0.53505087	0	0	0.51350564	0	0	0	0	0	0	0	0	0	0	0	0	0	0	0	0	0	0.5141553	0	0	0	0	0	
1	0	0	0	0	0	0.6921381	0	0	0	0	0.6960656	0	0	0	0	0.55893344	0	0	0	0	0.6635069	0	0.521738	0	0	0	0	0	0	0	0.55238956	0	0	0	0.56532097	0.5153033	0	0.5432517	0	0.52800024	0.56412137	0.5485569	0	0	0	0.6434776	0	0	0	0	0	0	0.5253556	0	0	0	0	0	0	0	0	0	0	0	0	0	0	0	0	0	0	0	0	0	0	0	0	0	0	0	
1	0	0	0	0.5001695	0.5647841	0	0.6473537	0.653268	0.71396446	0.70923805	0	0.59273976	0.5274564	0.6321377	0.6552872	0.70852655	0.54773635	0.587777	0.62597024	0.5394876	0	0.53915787	0.5082533	0.61741316	0.60990644	0	0.5481727	0.55730987	0	0.5700041	0.6169074	0	0.503279	0.5519754	0.5070207	0	0	0	0.5173	0	0	0	0	0	0	0	0	0	0	0	0	0	0	0	0	0	0	0	0	0	0	0	0	0	0	0	0	0	0	0	0	0	0	0	0	0	0	0	0	0	
1	0	0	0	0.52650034	0	0	0	0.5290273	0.5066525	0.5045063	0	0	0.54772913	0	0	0	0	0.50315154	0	0.5104812	0.56016463	0	0.5280943	0.5200277	0	0.5747987	0	0	0.5013535	0	0	0	0.53993183	0	0	0.5478605	0	0	0	0	0	0	0	0.54766536	0.5656359	0	0	0	0	0	0	0	0	0	0	0	0	0	0.5131034	0	0	0	0	0	0	0	0	0.51862824	0	0	0	0	0	0	0	0	0	0	0	0	
1	0	0	0	0	0.510888	0.5301916	0.52115136	0.5893307	0	0	0.5542082	0.6726637	0.53236955	0	0	0.5499231	0.5757784	0	0	0	0.53212625	0.5218644	0	0	0	0.5682231	0.5302871	0.5467476	0	0	0	0.5320531	0	0	0	0.5455207	0.5333238	0	0	0	0	0	0	0	0	0	0.51600313	0	0	0	0	0	0	0	0	0	0	0	0	0	0	0	0	0	0	0	0	0	0	0	0	0	0	0	0	0	0	0	0	0	
1	0	0	0	0	0.519382	0	0.6303248	0	0.6375107	0.7093769	0.6010549	0	0	0.5879352	0.59886056	0	0.5492167	0.6073091	0.56032073	0.6457094	0.55276275	0.56229925	0.59064925	0.63735497	0.645828	0	0.54581374	0	0	0	0	0	0	0.57497096	0.5220734	0	0	0.52372676	0.54121345	0	0	0	0	0.5140432	0.5344645	0	0	0	0.55513203	0.5775557	0	0	0	0.5619636	0.5742006	0	0	0.51615345	0	0.5614085	0	0	0	0.54431033	0.55764705	0	0	0	0.5179462	0	0	0	0	0	0	0	0	0	0	0	
1	0	0	0	0	0	0	0.5058068	0	0.5519841	0	0.530879	0.52117854	0	0.5170267	0.5410426	0.5432834	0	0	0.52023786	0	0	0	0	0	0	0	0.53689903	0	0	0	0	0	0	0	0.55879766	0	0	0	0	0	0	0	0	0	0	0	0	0	0	0	0	0	0	0	0	0	0	0	0	0	0	0	0	0	0	0	0	0	0	0	0	0	0	0	0	0	0	0	0	0	
1	0	0	0	0	0	0	0	0	0	0.57217	0	0	0	0	0	0	0	0	0	0	0	0	0	0	0	0	0	0	0	0	0	0	0	0	0	0	0	0	0	0	0	0	0	0	0	0	0	0	0	0	0	0	0	0	0	0	0	0	0	0	0	0	0	0	0	0	0	0	0	0	0	0	0	0	0	0	0	0	0	0	
1	0	0	0	0	0	0.6215978	0	0	0	0	0	0	0	0	0	0	0	0	0	0	0	0	0	0	0	0.5200952	0	0	0	0	0	0	0	0	0	0	0	0	0	0	0	0	0	0	0	0	0	0	0	0	0	0	0	0	0	0	0	0	0	0	0	0	0	0	0	0	0	0	0	0	0	0	0	0	0	0	0	0	0	0	
1	0	0	0	0	0.6084869	0	0.63346934	0.6568747	0.61166257	0.5695104	0.6092651	0.5187108	0.611906	0.6279326	0.5843089	0.6030941	0	0.5910793	0.55793077	0.5259096	0	0	0	0	0	0	0	0	0	0.50160223	0	0	0.5116303	0	0.50897396	0	0	0	0	0	0	0	0	0	0	0	0	0	0	0	0	0	0	0	0	0	0	0	0	0	0	0	0	0	0	0	0	0	0	0	0	0.5041251	0	0	0	0	0	0	0	0	
1	0	0	0	0	0	0	0	0	0	0.57089996	0	0	0	0	0	0	0	0.515015	0	0	0	0	0	0	0	0	0	0	0	0	0	0	0	0	0	0	0	0	0	0	0	0	0	0	0	0	0	0	0	0	0	0	0	0	0	0	0	0	0	0	0	0	0	0	0	0	0	0	0	0	0	0	0	0	0	0	0	0	0	0	
1	0	0	0	0	0	0.5320647	0	0	0	0	0.59523624	0	0	0	0	0.56902105	0	0	0	0	0.6055295	0.54670626	0	0	0	0	0	0	0	0	0	0	0	0	0	0	0	0	0	0	0	0	0	0	0	0	0	0	0	0	0	0	0	0	0	0	0	0	0	0	0	0	0	0	0	0	0	0	0	0	0	0	0	0	0	0	0	0	0	0	
1	0	0	0	0.5947354	0.6447618	0.6859792	0.68132764	0.69456124	0.71184874	0.67518824	0.6346877	0.6438622	0.6323915	0.65779746	0.64691854	0	0.5424303	0.60028625	0	0.5580754	0	0	0	0.5328842	0	0.56521195	0	0	0.507153	0	0	0	0	0	0.61142856	0	0	0.6012305	0	0	0	0	0	0	0.5381926	0	0	0	0	0	0	0	0	0	0	0	0	0	0	0	0	0	0	0	0	0	0	0	0	0	0	0	0.6393388	0	0	0	0	0	0	0	
1	0	0	0	0	0	0	0	0	0	0	0	0	0	0	0	0	0	0	0	0	0	0	0	0	0	0	0	0	0	0	0	0	0	0	0.533326	0	0	0	0	0.52661926	0	0	0	0	0	0	0	0.5114867	0	0	0	0	0	0	0	0	0	0	0	0	0	0	0	0	0	0	0	0	0	0	0	0	0	0	0	0	0	0	0	0	
1	0	0	0	0	0.500023	0	0.51655716	0	0.517468	0	0	0	0	0	0	0	0	0	0	0	0	0	0	0	0	0	0	0	0	0	0	0	0	0	0	0	0	0	0	0	0	0	0	0	0	0	0	0	0	0	0	0	0	0	0	0	0	0	0	0	0	0	0	0	0	0	0	0	0	0	0	0	0	0	0	0	0	0	0	0	
1	0	0	0	0	0	0.51559705	0	0.51078963	0	0	0	0	0	0	0	0	0	0	0	0	0	0	0	0	0	0	0	0	0	0	0	0	0	0	0	0	0	0	0	0	0	0	0	0	0	0	0	0	0	0	0	0	0	0	0	0	0	0	0	0	0	0	0	0	0	0	0	0	0	0	0	0	0	0	0	0	0	0	0	0	
1	0	0	0	0	0	0	0	0	0	0	0	0	0.5062183	0	0	0.50312924	0.5546362	0	0.5286809	0	0	0	0	0	0	0	0	0	0	0	0	0	0	0	0	0	0	0	0	0	0	0	0	0	0	0	0	0	0	0	0	0	0	0	0	0	0	0	0	0	0	0	0	0	0	0	0	0	0	0	0	0	0	0	0	0	0	0	0	0	
1	0	0	0	0.52892774	0.50067	0	0.57965946	0	0	0	0	0	0	0	0	0	0	0	0	0	0	0	0	0	0	0	0	0	0	0	0	0	0	0	0	0	0	0	0	0	0	0	0	0	0	0	0	0	0	0	0	0	0	0	0	0	0	0	0	0	0	0	0	0	0	0	0	0	0	0	0	0	0	0	0	0	0	0	0	0	
1	0	0	0	0	0	0	0	0.51306695	0	0	0.5773772	0	0	0	0	0	0	0	0	0	0	0	0	0	0	0	0	0	0	0	0	0	0	0	0	0	0	0	0	0	0	0	0	0	0	0	0	0	0	0	0	0	0.57113475	0	0	0	0	0	0	0	0	0	0	0	0	0	0	0	0	0	0	0	0	0	0	0	0	0	0	0	
1	0	0	0	0	0	0	0	0	0	0	0	0	0	0	0	0	0	0	0	0	0	0	0	0	0	0	0	0	0	0	0.5210191	0	0	0	0	0	0	0	0	0	0	0	0	0	0	0	0	0	0	0	0	0	0	0	0	0	0	0	0	0	0	0	0	0	0	0	0	0	0	0	0	0	0	0	0	0	0	0	0	0	
1	0	0	0	0	0	0	0	0	0	0	0	0	0.5390536	0	0	0	0	0	0	0.5046352	0	0	0	0	0	0	0	0	0	0	0	0	0	0	0	0	0	0	0	0	0	0	0	0	0	0	0	0	0	0	0	0	0	0	0	0	0	0	0	0	0	0	0	0	0	0	0	0	0	0	0	0	0	0	0	0	0	0	0	0	
1	0	0	0	0	0	0	0	0	0.52671933	0	0	0	0	0.5233207	0.5611314	0.5463624	0	0	0	0	0.5434542	0.5416588	0	0	0	0	0	0	0	0	0.5043729	0	0	0	0	0	0	0	0	0	0	0	0	0	0	0	0	0	0	0	0	0	0	0	0	0	0	0	0	0	0	0	0	0	0	0	0	0	0	0	0	0	0	0	0	0	0	0	0	0	
1	0	0	0	0	0.5190886	0	0.5931358	0.53739417	0.5654032	0.53696936	0	0.56693816	0	0.50806135	0	0.5216056	0.5080014	0	0	0	0	0	0	0.5130276	0.5784045	0	0	0	0	0	0	0	0	0	0	0	0	0	0	0	0	0	0.56094587	0	0	0	0	0	0.56317306	0	0	0	0	0	0	0	0	0	0	0	0	0	0	0	0	0	0	0	0	0	0	0	0	0	0	0	0.5199299	0	0	0	
1	0	0	0	0	0	0	0	0.53847533	0	0.5879598	0	0	0	0	0	0	0	0	0	0	0	0	0	0.55557156	0	0	0	0	0	0	0	0	0	0	0	0	0	0	0	0	0.5133076	0	0	0	0	0	0	0	0	0	0	0	0	0	0	0	0	0	0	0	0	0	0	0	0	0	0	0	0	0	0	0	0	0	0	0	0	0	0	0	
1	0	0	0	0	0	0.51466364	0.5142037	0	0.54894584	0	0.550361	0	0	0	0.53871965	0	0	0	0	0	0	0.5070288	0	0	0	0	0	0	0	0	0	0	0	0	0	0	0	0	0	0	0	0	0	0	0	0	0	0	0	0	0	0	0	0	0.5195131	0	0	0	0	0	0	0	0	0	0	0	0	0	0	0	0	0	0	0	0	0	0	0	0	0	
1	0	0	0	0	0	0.5130058	0	0	0	0.5162292	0	0	0	0	0	0.54463416	0	0	0	0	0.5120801	0	0	0.5065227	0	0.5450607	0	0	0	0	0.5316618	0	0	0	0	0	0	0.54247105	0	0	0	0	0	0	0	0	0	0	0	0	0	0	0	0	0	0	0	0	0	0	0	0	0	0	0	0	0	0	0	0	0	0	0	0	0	0	0	0	0	0	
1	0	0	0	0	0	0	0.59820664	0.55837125	0	0.5727852	0.5232384	0.6397278	0.5382591	0	0	0.5224849	0.5856192	0	0	0.5027194	0.55149543	0	0	0.5185736	0.5443173	0	0	0.5176782	0.5714733	0	0	0	0.51378816	0	0	0	0	0	0	0	0	0	0	0	0	0	0	0	0	0	0	0	0	0	0	0	0	0	0	0	0	0	0	0	0	0	0.5065525	0	0	0	0	0	0	0	0	0	0	0	0	0	
1	0	0	0	0.5403585	0.54018915	0.62290746	0.5847619	0.7110696	0.5824587	0.5856868	0	0.6570027	0.5268006	0.6609159	0.5928793	0.6178556	0.5233888	0.63106245	0.6092687	0.50121814	0.5344536	0	0	0.5469093	0.55878526	0.6263693	0.5162274	0.53813004	0.5493316	0.5328535	0	0	0.58470696	0.58598834	0	0	0	0.5037858	0.62887114	0	0	0	0	0.6183858	0.6031034	0	0.56597877	0	0.532897	0.5449648	0	0	0	0.55612415	0	0	0.5781715	0.51424253	0	0.5070699	0	0	0	0	0	0	0.5014766	0	0.5373255	0.5387837	0	0	0	0	0	0	0.52575105	0	0	0	
1	0	0	0	0	0.6464839	0	0.7027301	0	0.699987	0	0.54425776	0	0.5092234	0	0.6316666	0	0.53079844	0	0	0.57878435	0.6219769	0.6438911	0.55688626	0	0.54190207	0.6937403	0	0	0.5315547	0	0.5572791	0	0	0	0.5130496	0.67938817	0.5774217	0.5851763	0	0	0.6169586	0	0	0	0	0.5528234	0	0	0	0	0	0.5637117	0.50267476	0	0.5578873	0.5462366	0	0	0.57236546	0.56079924	0	0	0	0.5005683	0	0	0	0.5057887	0	0	0	0	0	0	0	0	0	0.59815836	0	0	
1	0	0	0	0.5857813	0.6577509	0.6787745	0.7116543	0.7197833	0.72153914	0.723008	0.6402836	0.7069759	0.68464667	0.6396979	0.6284698	0.629484	0.6623825	0.5957252	0.563643	0.55738705	0.54120404	0.65837437	0.52813643	0.5805784	0.65143627	0.5296152	0.563159	0.6024258	0.52428496	0.5149768	0	0.57562286	0	0.57694465	0.54985744	0.54324454	0.55482566	0.5366346	0.53031445	0.5056403	0.5494848	0.5070839	0.5432031	0.508364	0.5160555	0.5419896	0.50767046	0	0.5165933	0	0	0	0	0	0	0	0	0	0	0	0	0	0	0	0	0	0	0	0	0	0	0	0	0	0	0	0	0	0	0	
1	0	0	0	0	0	0	0	0	0.6899533	0	0	0.7291766	0	0	0	0	0	0.59330744	0	0	0	0	0.56723154	0	0	0	0	0	0.5958924	0.62657046	0	0	0	0	0	0	0	0	0	0	0	0	0	0.51034707	0	0	0	0	0	0	0	0	0	0	0	0	0	0	0	0	0	0	0	0	0	0	0	0	0	0	0	0	0	0	0	0	0	0	0	0	
1	0	0	0	0	0.5814475	0.6069688	0.61472124	0	0.6572881	0.53907126	0.65638566	0	0.50510234	0	0.50309944	0.6025724	0.5010617	0	0	0	0.5024383	0.54699486	0.5155059	0	0	0	0.5027832	0.57789874	0.50086987	0	0	0.53165805	0.5476572	0	0	0.50186086	0	0	0	0	0	0	0	0	0	0	0	0	0	0	0	0	0	0	0	0	0	0	0	0	0	0	0	0	0	0	0	0	0	0	0	0	0	0	0	0	0	0	0	0	
1	0	0	0	0	0	0	0	0.6333337	0.5001505	0.65700257	0	0	0.51308227	0	0	0	0	0	0	0	0	0	0.6100593	0.5162377	0	0	0	0	0	0	0	0	0	0	0	0	0	0	0	0	0	0	0	0	0	0	0	0	0	0	0	0	0.5299247	0	0	0	0	0	0	0	0	0	0	0	0	0	0	0	0	0	0	0	0	0	0	0	0	0	0	0	
1	0	0	0	0	0	0.5513828	0	0	0	0	0	0	0	0	0	0.5568046	0	0	0	0	0	0	0	0	0	0	0	0	0	0	0	0	0	0	0	0	0	0	0	0	0	0	0	0	0	0	0	0	0	0	0	0	0	0	0	0	0	0	0	0	0	0	0	0	0	0	0	0	0	0	0	0	0	0	0	0	0	0	0	0	
1	0	0	0	0	0.5263513	0	0.58722925	0	0.53107417	0.5193049	0.6612552	0.6246492	0.529727	0.55280685	0.54793	0	0.5032377	0	0	0	0	0	0	0	0	0	0	0	0.5062738	0	0	0	0.50768757	0	0	0	0.54442376	0	0	0	0	0	0	0	0	0	0	0	0	0	0.6345303	0.550999	0	0	0	0	0	0	0	0	0	0	0	0	0	0	0	0	0	0	0	0	0	0	0	0	0	0	0	0	
1	0	0	0	0	0	0	0	0	0	0	0	0	0	0	0	0	0	0	0	0	0	0	0	0	0	0	0	0	0	0	0	0	0	0	0	0	0	0	0	0	0	0	0	0	0	0	0	0	0	0	0	0	0	0	0	0	0	0	0	0	0	0	0	0	0	0	0	0	0	0	0	0	0	0	0	0	0	0.5394273	0	0	
1	0	0	0	0	0.6140875	0.7022944	0.68762106	0.752442	0.7835242	0.74455386	0.76495814	0.58208054	0.6392507	0.51174074	0.7168044	0.613523	0.5130857	0.5314144	0.66572773	0.68229777	0.59819263	0.6029162	0	0.63596857	0.51504165	0	0.52817756	0	0	0	0	0	0	0	0	0	0	0	0	0	0	0	0	0	0	0	0	0	0	0	0	0	0	0	0	0	0	0	0	0	0	0	0	0	0	0	0	0	0	0	0	0	0	0	0	0	0	0	0	0	
1	0	0	0	0.5489418	0.5676445	0	0	0	0	0	0	0.5846599	0	0.6536555	0	0.63248336	0.5507243	0.63455003	0	0	0	0	0.54820454	0	0.5837353	0.5720395	0.6187599	0	0	0	0.56531036	0	0	0.5016401	0.53312343	0	0	0	0	0.5413702	0	0	0	0.51315856	0	0	0	0.5046148	0	0	0	0	0	0	0	0	0.5050736	0	0	0	0	0	0	0	0	0	0	0	0	0	0	0	0	0	0	0.5072096	0	0	0	0	
1	0	0	0	0	0	0	0	0	0.5677717	0.5622614	0	0	0	0	0	0	0	0	0	0	0	0	0	0	0	0.5916919	0	0	0	0	0	0	0	0	0	0.5367274	0	0	0	0	0	0	0	0	0	0	0	0	0	0	0	0	0	0	0	0	0	0	0	0	0	0	0	0	0	0	0	0	0	0	0	0	0	0	0	0	0	0	0	0	
1	0	0	0	0	0	0	0	0	0	0	0	0	0.5124983	0	0	0.5110733	0	0	0.51350754	0.5720635	0	0	0.5406873	0.55066264	0.5069267	0	0.5608884	0.50799054	0.5852315	0.6171548	0	0.54373455	0.5576372	0.5141512	0.54523206	0	0.50980496	0	0	0.57158434	0.5531134	0	0.58338815	0	0	0.57325643	0.5340926	0	0	0	0	0	0	0	0	0	0	0	0.5216224	0.5440139	0	0	0	0	0	0	0	0	0	0	0	0.508176	0	0.50953114	0.6020094	0	0	0	0	0	
1	0	0	0	0	0	0	0	0	0	0	0	0	0	0	0	0	0	0	0	0	0	0	0	0	0	0	0	0	0	0	0	0	0	0.53485775	0	0	0	0.61388403	0	0	0	0	0	0	0	0	0	0	0	0	0	0	0	0	0	0	0	0	0	0	0	0	0	0	0	0	0	0	0	0	0	0	0	0	0	0	0	0	0	0	
1	0	0	0	0	0	0	0	0	0	0	0	0	0	0	0	0.502767	0	0	0	0	0.5498248	0	0	0	0	0	0.51328707	0	0	0	0	0	0	0	0	0	0	0	0	0	0	0	0	0	0	0	0	0	0	0	0	0	0	0	0	0	0	0	0	0	0	0	0	0	0	0	0	0	0	0	0	0	0	0	0	0	0	0	0	0	
1	0	0	0	0	0	0	0.50873035	0	0	0	0.53979516	0	0	0	0	0	0	0	0	0	0	0	0	0	0	0.5348275	0	0	0	0	0	0	0	0	0	0.5229017	0	0	0	0	0	0	0	0	0	0	0	0	0	0	0	0	0	0	0	0	0	0	0	0	0	0	0	0	0	0	0	0	0	0	0	0	0	0	0	0	0	0	0	0	
1	0	0	0	0	0	0.6575352	0	0	0	0	0	0	0	0	0	0.5802488	0	0	0	0	0.7288821	0	0	0	0	0.60779744	0	0	0	0	0.5504306	0	0	0	0	0.5618682	0	0	0	0	0	0	0	0	0	0	0	0	0	0	0	0	0	0	0	0	0	0	0	0	0	0	0	0	0	0	0	0	0	0	0	0	0	0	0	0.5331812	0	0	0	0	
1	0	0	0	0.5447029	0.5948572	0	0.6640587	0.7232152	0.72180486	0.67114824	0.7015819	0.68735915	0.7185212	0.6530247	0.6052365	0.7004309	0.6578424	0.6325396	0.6247254	0.57248574	0	0.59550524	0.63405466	0.6027017	0.6324891	0.64491636	0.7148639	0.66322553	0.57645994	0.6472631	0.6108418	0.6337879	0.5979238	0.6520056	0.5721463	0.65665734	0.6024248	0.5748593	0.5999522	0.50634325	0.6348111	0.6330877	0	0	0.5636625	0.5469031	0.57074535	0.5419921	0.53387773	0	0.52758753	0.5448387	0.5163499	0	0.52872306	0.5197249	0.5033853	0	0.63141936	0.6476326	0.54038304	0.5043942	0	0.550154	0	0	0	0	0	0	0.5000121	0.5637377	0	0	0	0	0	0	0	0	
1	0	0	0	0	0	0	0	0	0.61566335	0	0	0	0	0	0	0	0	0	0	0.57769424	0	0	0	0	0.7188258	0	0	0	0	0	0	0	0	0.65208036	0	0	0	0	0	0	0	0	0	0	0	0	0	0	0	0	0	0	0	0.51421934	0	0	0	0	0	0	0	0	0	0	0.50609463	0	0	0	0	0	0	0	0.5763292	0	0.5011956	0	0	0	0	0	
1	0	0	0	0	0	0	0	0	0	0	0.54405695	0	0	0	0	0	0	0	0	0	0	0.60786575	0	0	0	0	0.55885285	0	0	0	0	0	0	0	0	0.50963867	0	0	0	0	0	0	0	0	0	0	0	0	0	0	0	0	0	0	0	0	0	0	0	0	0	0	0	0	0	0	0	0	0	0	0	0	0	0	0	0	0	0	0	0	
1	0	0	0	0	0	0.59056413	0	0.508877	0.61915743	0.5562664	0	0.50782126	0	0	0.5955913	0	0	0.54555273	0.5443686	0.50619185	0	0	0.5857184	0	0	0	0	0	0	0	0	0.5262077	0	0	0.5349941	0	0	0	0	0.5716801	0	0	0	0	0	0	0	0.5556834	0	0	0	0	0	0	0	0	0	0	0	0	0	0	0	0	0	0	0	0	0	0	0	0	0	0	0	0	0	0	0	0	
1	0	0	0.5597703	0	0.6367355	0.7161632	0.57870203	0.6831389	0.61070156	0	0.6264931	0.66132975	0.7273727	0.6616488	0.55217016	0.5923436	0.67390096	0.68245566	0.5698889	0	0.7194579	0.62935996	0	0	0	0.6860593	0.59062344	0.62685335	0	0.61769915	0.53872705	0.5407724	0.57836014	0	0	0	0	0	0	0	0	0	0	0	0	0	0.52697855	0	0	0	0	0	0	0	0	0	0.50018686	0	0	0	0	0	0	0	0	0	0	0	0	0	0	0	0	0	0	0	0	0	0	0	
1	0	0	0	0.5307654	0	0	0.7050024	0	0.66441417	0.62272614	0.68595356	0.7445582	0	0	0.5460561	0	0.6801184	0	0	0.51394033	0	0	0.5035751	0.5276001	0.53010005	0.66880983	0	0	0	0	0	0.52212304	0	0.5322949	0	0	0.58344066	0.5944407	0.537863	0.5299167	0	0	0	0	0	0	0	0.55303	0	0	0	0	0	0	0	0	0.6483028	0	0	0	0	0	0	0	0	0	0	0	0	0	0	0	0	0	0	0	0	0	0	0	
1	0	0	0	0	0	0	0	0	0	0	0	0	0	0	0	0	0	0.5498431	0.5028481	0	0	0	0	0	0	0	0	0	0	0	0	0	0.52367824	0	0	0.501099	0	0	0	0	0	0	0	0.5236385	0.50013673	0	0	0	0	0	0	0	0	0	0	0	0	0	0	0	0	0	0	0	0	0	0	0	0	0	0	0	0	0	0	0	0	0	0	0	
1	0	0	0	0	0	0	0	0	0	0	0	0	0	0	0	0	0	0	0	0	0	0	0	0	0	0	0	0	0	0	0	0	0	0	0	0	0	0	0	0	0	0	0	0	0	0	0	0	0	0	0	0	0	0	0	0	0	0	0	0	0.505398	0	0.5326553	0	0	0	0	0	0	0	0	0	0	0	0	0	0	0	0	0	
1	0	0	0	0	0	0	0	0	0	0	0	0	0.5130333	0	0	0.50194925	0	0	0	0	0	0	0	0	0	0	0	0	0	0	0	0	0	0	0	0	0	0	0	0	0	0	0	0	0	0	0	0	0	0	0	0	0	0	0	0	0	0	0	0	0	0	0	0	0	0	0	0	0	0	0	0	0	0	0	0	0	0	0	0	
1	0	0	0	0	0.5874164	0.55532837	0.61331654	0.616608	0.6589475	0.6405478	0.6745381	0.5523354	0.50705296	0.54873914	0.5125096	0.54240066	0	0	0	0.5258512	0	0	0	0	0.5106434	0	0	0	0	0	0	0	0	0	0	0	0	0	0	0	0	0	0	0	0	0	0	0	0	0	0	0	0	0	0	0	0	0	0	0	0	0	0	0	0	0	0	0	0	0	0	0	0	0	0	0	0	0	0	0	
1	0	0	0	0.57914376	0	0.6608041	0	0.65870667	0	0	0	0	0.54037744	0	0	0	0	0	0	0	0.50005126	0	0	0	0	0	0	0	0	0	0	0	0	0	0	0	0	0	0	0	0	0	0	0	0	0	0	0	0	0	0	0	0	0	0	0	0	0	0	0	0	0	0	0	0	0	0	0.517364	0.6206099	0	0	0	0	0	0	0	0	0	0	0	
1	0	0	0	0	0.6219693	0.6993493	0.6769256	0.581237	0.595069	0.5945592	0.7381047	0	0.5397851	0.54966736	0.51148653	0.52274746	0.60399735	0	0	0	0	0.668276	0	0	0	0	0	0	0	0	0	0	0	0	0	0	0.5205543	0	0	0	0	0	0	0	0	0	0	0	0	0	0	0	0	0	0	0	0	0	0	0	0	0	0	0	0	0	0	0	0	0	0	0	0	0	0	0	0	0	0	0	
1	0	0	0	0.58303905	0	0	0	0.67069936	0.60059285	0.66020036	0	0.562374	0.6834189	0	0	0.60368717	0	0.56497955	0	0	0	0	0	0	0	0	0.62949127	0.5109492	0	0	0	0	0	0	0	0	0	0	0	0	0	0	0	0	0	0	0	0	0	0	0	0	0	0	0	0	0	0	0	0	0	0	0	0	0	0	0	0	0	0	0	0	0	0	0	0	0	0	0	0	
1	0	0	0	0	0	0.5925654	0	0	0	0	0	0	0	0	0	0	0	0	0	0	0	0.51898736	0	0	0	0.50429696	0	0	0	0	0	0	0	0	0	0	0	0	0	0	0	0	0	0	0	0	0	0	0	0	0	0	0	0	0	0	0	0	0	0	0	0	0	0	0	0	0	0	0	0	0	0	0	0	0	0	0	0	0	0	
1	0	0	0	0.5510694	0.57392806	0	0.62696385	0.60218465	0.5470491	0.5919974	0.52403474	0.5840023	0.61431336	0	0	0	0.54330045	0.51058286	0	0	0	0	0.53146434	0	0	0	0	0	0	0	0	0	0.5100204	0.5008144	0	0	0	0	0.52008855	0	0	0	0	0	0	0	0	0	0	0	0	0	0	0	0	0	0	0	0	0	0	0	0	0	0	0	0	0	0	0	0	0	0	0	0	0	0	0	0	0	
1	0	0	0	0	0	0.59331226	0	0.5482156	0.5493613	0.52930105	0.5506618	0.5186875	0	0	0	0	0	0	0	0	0	0	0	0	0	0	0	0	0	0	0	0	0	0	0	0	0	0	0	0	0	0	0	0	0	0	0	0	0	0	0	0	0	0	0	0	0	0	0	0	0	0	0	0	0	0	0	0	0	0	0	0	0	0	0	0	0	0	0	0	
1	0	0	0	0	0.5518685	0.5971636	0.5993493	0	0	0	0	0.5325887	0	0	0	0	0	0	0	0	0	0	0	0	0	0	0	0	0	0	0	0	0	0	0	0	0	0	0	0	0	0	0	0	0	0	0	0	0	0	0	0	0	0	0	0	0	0	0	0	0	0	0	0	0	0	0	0	0	0	0	0	0	0	0	0	0	0	0	0	
1	0	0	0	0	0	0.50994986	0	0	0	0	0	0	0	0	0	0	0	0	0	0	0	0	0	0	0	0	0	0	0	0	0	0	0	0	0	0	0	0	0	0	0	0	0	0	0	0	0	0	0	0	0	0	0	0	0	0	0	0	0	0	0	0	0	0	0	0	0	0	0	0	0	0	0	0	0	0	0	0	0	0	
1	0	0	0	0	0.6065789	0	0.65188205	0.61641586	0.6311974	0.65418315	0.63192147	0.57779676	0.55389863	0.58161676	0.56859004	0.5837611	0.51792544	0.55912435	0.5332535	0	0	0	0.52335995	0.5040229	0.5046581	0.5387712	0	0	0	0	0	0	0	0	0	0	0	0	0	0	0	0	0	0	0	0	0	0	0	0	0	0	0	0	0	0	0	0	0	0	0	0	0	0	0	0	0	0	0	0	0	0	0	0	0	0	0	0	0	0	
1	0	0	0	0.5347379	0	0	0	0	0	0.5637909	0	0	0	0.6714098	0.5837567	0.5667067	0	0.6255168	0.5886594	0	0	0	0	0	0	0	0.50909823	0	0	0	0	0	0	0	0	0	0	0	0	0	0	0	0	0	0	0	0	0	0	0	0.5098606	0	0	0	0	0	0	0	0	0	0	0	0	0	0	0	0	0	0	0	0	0	0	0	0	0	0	0	0	0	
1	0	0	0	0.5370453	0.5276482	0	0.5580626	0.5175008	0.55102843	0	0	0.51676387	0	0.53622586	0.5855168	0.51874554	0	0	0.5276473	0	0	0	0	0	0	0.5109814	0	0	0	0	0	0	0	0	0	0	0	0	0	0	0	0	0	0	0	0	0	0	0	0	0	0	0	0	0	0	0	0	0	0	0	0	0	0	0	0	0	0	0	0	0	0	0	0	0	0	0	0	0	0	
1	0	0	0	0	0.53216046	0	0	0.5414882	0.5778262	0.5739737	0	0.54076475	0.5227993	0	0	0	0.51317054	0	0	0	0	0	0	0	0	0	0	0	0	0	0	0	0	0	0	0	0	0	0	0	0	0	0	0	0	0	0	0	0	0	0	0	0	0	0	0	0	0	0	0	0	0	0	0	0	0	0	0	0	0	0	0	0	0	0	0	0	0	0	0	
1	0	0	0	0	0	0.60154235	0.5997542	0.7101333	0.715172	0.67638594	0.6137314	0.6068806	0.6521384	0.53622353	0.6009163	0	0.53667563	0	0.52311945	0.5775273	0.5022482	0	0	0.5073674	0.5249445	0	0	0	0	0.5711556	0	0	0	0	0	0	0	0	0	0	0	0	0	0	0	0	0	0	0	0	0	0	0	0	0	0	0	0	0	0	0	0	0	0	0	0	0	0	0	0	0	0	0	0	0	0	0	0	0	0	
1	0	0	0	0	0.55644804	0	0	0	0.61552703	0	0	0.60189164	0	0.6377097	0	0.5156619	0	0.6403262	0	0.50358427	0	0	0	0	0	0.5407924	0	0	0	0	0	0	0	0	0	0	0	0.5899912	0	0	0	0	0	0	0.5349657	0	0	0	0	0	0	0	0	0	0	0	0	0	0	0	0	0	0.55343467	0	0	0	0	0	0	0	0	0	0	0	0	0	0	0	0	0	
1	0	0	0	0	0	0.5173582	0	0	0	0	0	0	0	0	0	0	0	0	0	0	0.5444149	0	0	0	0	0	0	0	0	0	0.5093312	0	0	0	0	0	0	0	0	0	0	0	0	0	0	0	0	0	0	0	0	0	0	0	0	0	0	0	0	0	0	0	0	0	0	0	0	0	0	0	0	0	0	0	0	0	0	0	0	0	
1	0	0	0	0	0	0	0.55785006	0.59247303	0.6599768	0.60554224	0.569223	0	0.64075994	0.55822605	0.6337559	0.5133083	0.5316431	0.61682206	0.5975168	0	0	0.56990176	0.57953376	0	0	0	0.5073297	0	0	0.60884094	0	0	0	0	0	0	0	0.6016532	0	0	0	0	0.5274205	0	0	0	0	0	0	0.5069317	0	0	0	0	0	0	0	0	0	0	0	0	0	0	0	0	0	0	0	0	0	0	0	0	0	0	0	0	0	0	
1	0	0	0	0	0	0	0	0	0	0	0	0	0	0	0	0	0	0	0	0	0	0	0	0	0	0	0	0	0	0	0	0	0	0.5091407	0	0	0	0	0	0	0	0	0	0	0	0	0	0	0	0	0	0	0	0	0	0.5663252	0	0	0	0	0	0	0	0	0	0	0	0	0	0	0	0	0	0	0	0	0	0	0	0	
1	0	0	0	0	0	0	0	0	0	0	0	0	0.51327544	0	0	0	0	0	0.502745	0	0	0	0	0	0	0	0	0	0	0	0	0	0	0	0	0	0	0	0	0	0	0	0	0	0	0	0	0	0	0	0	0	0	0	0	0	0	0	0	0	0	0	0	0	0	0	0	0	0	0	0	0	0	0	0	0	0	0	0	0	
1	0	0	0	0	0	0	0	0	0	0	0	0	0	0	0	0	0.50848365	0	0	0	0	0	0	0	0	0	0	0	0	0	0	0	0	0	0	0	0	0	0	0	0	0	0	0	0	0	0	0	0	0	0	0	0	0	0	0	0	0	0	0	0	0	0	0	0	0	0	0	0	0	0	0	0	0	0	0	0	0	0	0	
1	0	0	0	0	0.64980596	0.6292124	0.6756027	0.57140577	0.64656156	0.56028473	0.564008	0.5183815	0.5219356	0	0.5299122	0.51932317	0.55020016	0	0.50286144	0.54260606	0.5553698	0	0	0	0	0.6201872	0	0	0	0	0.5318197	0	0	0	0	0	0	0	0	0	0	0.54584366	0	0	0	0	0	0	0	0	0.5185326	0	0	0	0	0	0	0	0	0	0	0	0	0	0	0	0	0	0	0	0	0	0	0	0	0	0	0	0	0	
1	0	0	0	0.54229844	0	0.6535503	0	0.6881706	0	0.6219437	0.693699	0.60252845	0.547583	0	0	0	0	0.5090079	0	0	0	0.5438908	0	0.51571226	0	0	0	0.55711645	0.52225554	0	0	0.5150414	0	0	0.53570986	0	0	0	0	0	0.5284154	0	0	0.50537014	0.56276935	0	0	0	0	0.5464197	0	0	0	0	0	0	0	0	0	0	0	0	0	0	0	0	0	0	0	0	0	0	0	0	0	0	0	0	0	0	
1	0	0	0	0	0	0	0	0	0	0	0	0	0	0	0	0.5686856	0	0	0	0	0.54717404	0	0	0	0	0	0	0	0	0	0	0	0	0	0	0	0	0	0	0	0	0	0	0	0	0	0	0	0	0	0	0	0	0	0	0	0	0	0	0	0	0	0	0	0	0	0	0	0	0	0	0	0	0	0	0	0	0	0	0	
1	0	0	0	0	0	0	0.5239186	0.51215947	0.5619984	0.52258444	0	0	0	0.5074045	0	0	0	0	0	0	0	0	0	0	0.5035839	0	0	0	0	0	0	0	0	0	0	0	0	0	0	0	0	0	0	0	0	0	0	0	0	0	0	0	0	0	0	0	0	0	0	0	0	0	0	0	0	0	0	0	0	0	0	0	0	0	0	0	0	0	0	0	
1	0	0	0	0.5159384	0.5831413	0.5992896	0.59399396	0.5529477	0.5639547	0	0.5819692	0.52854836	0.50945926	0	0.5291108	0.5336953	0	0	0	0	0.5259569	0	0.5023477	0	0	0	0.53459984	0	0	0	0	0	0	0	0	0	0	0.5183172	0	0	0	0	0	0	0	0	0	0	0	0	0	0	0	0	0	0	0	0	0	0	0	0	0	0	0	0	0	0	0	0	0	0	0	0	0	0	0	0	0	0	
1	0	0	0	0	0	0	0	0.5254097	0.59090865	0	0	0	0	0	0	0	0	0	0	0	0	0	0	0	0	0	0	0	0	0	0	0	0	0	0	0	0	0	0	0	0	0	0	0	0	0	0	0	0	0	0	0	0	0	0	0	0	0	0	0	0	0	0	0	0	0	0	0	0	0	0	0	0	0	0	0	0	0	0	0	
1	0	0	0.5183598	0	0.58911955	0.6561948	0.6650972	0	0	0	0.5502932	0.5654522	0	0	0	0.56562746	0	0	0	0	0.5103286	0.52787346	0	0	0	0.5112239	0	0	0	0	0	0	0	0	0	0.6101699	0	0	0	0	0	0	0	0	0	0	0	0	0	0	0	0	0	0	0	0	0	0	0	0	0	0	0	0	0	0	0	0	0	0	0	0	0	0	0	0	0	0	0	0	
1	0	0	0	0.5428262	0	0	0	0.65254986	0.6649117	0.62330705	0	0	0.55663306	0.65023327	0.55957836	0	0.55988944	0.6259958	0.5488883	0.52816707	0	0	0.5364607	0.5490426	0	0	0	0	0.6067732	0	0.5134968	0	0.50837344	0	0	0	0	0	0	0.51028246	0	0	0	0	0	0.51548105	0	0	0	0	0	0	0	0	0	0	0	0	0	0	0	0	0	0	0	0	0	0	0	0	0	0	0	0	0	0	0	0	0	0	
1	0	0	0	0	0	0	0.55477166	0.5980941	0.540555	0.5148354	0	0	0.6036137	0.5348328	0	0	0.5704497	0	0	0.52315766	0	0	0.5012474	0	0	0.5125862	0	0	0	0	0	0	0	0	0	0	0	0	0	0	0	0	0	0	0	0	0	0	0	0	0	0	0	0	0	0	0	0	0	0	0	0	0	0	0	0.5214328	0	0	0	0	0	0	0	0	0	0	0	0	0	0	
1	0	0	0	0	0	0	0	0	0	0	0	0	0	0	0	0	0	0	0	0	0	0	0	0	0	0	0	0	0	0	0	0	0	0	0	0	0	0	0	0.5287156	0	0	0	0	0	0	0	0	0	0	0	0	0	0	0	0	0	0	0	0	0	0	0	0	0	0	0	0	0	0	0	0	0	0	0	0	0	0	0	0	
1	0	0	0	0	0	0	0	0	0.50793046	0	0.6044563	0	0	0.5129427	0.5483214	0	0	0	0.5732883	0	0	0	0	0	0	0	0	0	0	0	0	0	0	0	0	0	0	0	0	0	0	0	0	0	0	0	0	0	0	0	0	0	0	0	0	0	0	0	0	0	0	0	0	0	0	0	0	0	0	0	0	0	0	0	0	0	0	0	0	0	
1	0	0	0	0	0	0.60325664	0	0	0	0	0	0	0	0	0	0	0	0	0	0	0	0	0	0	0	0	0	0	0	0	0	0	0	0	0	0	0	0	0	0	0	0	0	0	0	0	0	0	0	0	0	0	0	0	0	0	0	0	0	0	0	0	0	0	0	0	0	0	0	0	0	0	0	0	0	0	0	0	0	0	
1	0	0	0	0	0.5691324	0.6075211	0.68909127	0.7245964	0.6577667	0.6678516	0.6369081	0.5969975	0.6285719	0	0.6178371	0.50333935	0.6165844	0.5732655	0.61830956	0.54072297	0.52576655	0.58628315	0	0.5113933	0	0	0.5579302	0	0	0.528071	0	0	0	0	0	0	0.65978	0	0	0	0.5037952	0	0	0	0	0	0	0	0	0	0	0	0	0.5290834	0	0	0	0	0	0	0	0	0	0	0	0	0.55528724	0	0	0	0	0	0	0	0	0	0	0	0	0	
1	0	0	0	0	0	0	0.50667614	0.59372854	0	0	0.58300936	0	0.50776315	0	0	0	0	0.55832744	0	0	0	0.51786673	0	0.5051887	0	0.51381445	0	0	0	0	0.5178914	0	0	0	0	0	0	0	0	0	0	0	0	0	0	0	0	0	0	0	0	0	0	0	0	0	0	0	0	0	0	0	0	0	0	0	0	0	0	0	0	0	0	0	0	0	0	0	0	0	
1	0	0	0	0	0	0	0	0	0.50359744	0.58305657	0	0	0.71405214	0	0	0	0	0	0.5099268	0	0	0	0.5899209	0	0.5332159	0	0	0	0	0	0	0	0.5551762	0	0	0	0	0	0	0	0	0	0	0	0	0	0	0	0	0	0	0	0	0	0	0	0	0	0	0	0	0	0	0	0	0	0	0	0	0	0	0	0	0	0	0	0	0	0	0	
1	0	0	0	0	0	0.53424156	0.56122607	0.5775228	0.51898044	0	0	0.5472891	0.5049897	0	0.5062605	0.5156332	0	0	0	0	0	0	0	0	0	0	0	0	0	0	0	0	0	0	0	0	0	0	0	0	0	0	0	0	0	0	0	0	0	0	0	0	0	0	0	0	0	0	0	0	0	0	0	0	0	0	0	0	0	0	0	0	0	0	0	0	0	0	0	0	
1	0	0	0	0	0	0	0	0	0	0	0	0	0	0	0	0	0	0	0	0	0	0	0	0	0	0	0	0	0	0	0	0	0	0	0	0	0	0	0	0	0	0	0	0	0	0	0	0	0	0.5141932	0	0	0	0	0	0	0	0	0	0	0	0	0	0	0	0	0	0	0	0	0	0	0	0	0	0	0	0	0	0	
1	0	0	0	0	0	0.5501371	0	0	0	0	0	0	0	0	0	0	0	0	0	0	0	0	0	0	0	0	0	0	0	0	0	0	0	0	0	0	0	0	0	0	0	0	0	0	0	0	0	0	0	0	0	0	0	0	0	0	0	0	0	0	0	0	0	0	0	0	0	0	0	0	0	0	0	0	0	0	0	0	0	0	
1	0	0	0	0	0.53859013	0.56088316	0.576379	0.5742637	0.5427845	0.5745052	0.5535753	0	0	0	0	0	0	0	0	0	0	0	0	0	0	0	0	0	0	0	0	0	0	0	0	0	0	0	0	0	0	0	0	0	0	0	0	0	0	0	0	0	0	0	0	0	0	0	0	0	0	0	0	0	0	0	0	0	0	0	0	0	0	0	0	0	0	0	0	0	
1	0	0	0	0	0	0	0	0	0	0	0	0	0	0	0	0	0	0	0	0.52109456	0	0	0	0	0	0	0	0	0	0	0	0	0	0	0	0	0	0	0	0	0	0	0	0	0	0	0	0	0	0	0	0	0	0	0	0	0	0	0	0	0	0	0	0	0	0	0	0	0	0	0	0	0	0	0	0	0	0	0	0	
1	0	0	0.51079655	0.5763779	0.6437969	0.6402172	0.66968375	0.6843042	0.5643818	0.7024063	0.7230792	0.71065545	0.5109091	0.73060244	0	0.6134475	0.52040815	0.6378098	0.6960774	0	0.5537919	0.5496027	0.55143464	0	0	0	0.5330202	0.61477613	0	0.5099691	0.5196821	0	0	0	0	0	0	0	0	0	0	0	0	0	0	0	0	0	0	0	0	0	0	0	0	0	0	0	0	0	0	0	0	0	0	0	0	0	0	0	0	0	0	0	0	0	0	0	0	0	
1	0	0	0	0	0	0	0.7248179	0.6902046	0.76651347	0.711179	0	0	0.6796662	0	0.74306035	0	0.7080501	0	0	0.63393325	0	0	0	0.54645264	0	0	0	0	0.6518338	0	0	0	0.5676039	0	0	0	0	0.50020295	0	0	0	0	0	0	0	0	0	0	0	0	0	0	0	0	0	0	0	0	0	0	0	0	0	0	0	0	0	0	0	0	0	0	0	0	0	0	0	0	0	0	
1	0	0	0	0.63789064	0.63503075	0.67679465	0.68521243	0.7085119	0.6591157	0.6727027	0.7001027	0.7253444	0.6547318	0.56927526	0.5323937	0.5777705	0.65388286	0.509251	0.5317419	0	0	0.59798753	0.5732416	0	0	0	0.63781786	0.5707202	0	0	0	0	0.5138021	0	0	0	0	0	0	0	0	0	0	0	0	0	0	0	0	0	0	0	0	0	0	0	0	0	0	0	0	0	0	0	0	0	0	0	0	0	0	0	0	0	0	0	0	0	0	0	
1	0	0	0	0	0.682728	0	0.75084925	0	0	0.67490584	0	0	0	0	0.549157	0	0	0	0	0.51402223	0	0.60954666	0	0	0	0	0	0	0.5650216	0	0	0.5250553	0	0	0.5668778	0	0	0	0	0	0	0	0	0	0	0	0	0	0	0	0	0	0	0	0	0	0	0	0	0	0	0	0	0.51335603	0	0	0.5334169	0	0	0	0	0	0	0	0	0	0	0	0	0	
1	0	0	0	0.50544465	0.6206318	0.65087366	0.679451	0.65582633	0.6474355	0.5854105	0.5505353	0.59257895	0.54461	0.60278904	0.5136477	0.6212574	0.59993607	0.5817688	0	0	0.64390105	0.50585634	0	0	0	0	0	0.625618	0	0.53844297	0	0	0	0	0.52036095	0	0	0	0	0	0	0.5599183	0	0	0	0	0	0	0	0	0	0	0	0	0	0	0	0	0	0	0	0	0	0	0	0	0	0	0	0	0	0	0	0	0	0	0	0	0	0	
1	0	0	0	0	0	0	0	0	0.5749336	0	0	0	0	0	0	0	0	0	0	0	0	0	0	0	0	0	0	0	0	0	0	0	0	0	0	0	0	0	0	0	0	0	0	0	0	0	0	0	0	0	0	0	0	0	0	0	0	0	0	0	0	0	0	0	0	0	0	0	0	0	0	0	0	0	0	0	0	0	0	0	
1	0	0	0	0	0.6395545	0.69583184	0.6711353	0.74519295	0.7722014	0.61505514	0.643915	0.57677406	0.6621456	0.67083836	0.7003456	0.656426	0.562236	0.5764214	0.6111966	0.6639864	0.52235746	0	0	0.6012477	0.571429	0	0	0	0.5860441	0	0	0	0	0	0	0	0	0	0	0	0	0	0	0	0	0	0	0	0	0	0	0	0	0	0	0	0	0	0	0	0	0	0	0	0	0	0	0	0	0	0	0	0	0	0	0	0	0	0	0	
1	0	0	0	0.61153775	0.58649755	0	0	0	0	0.7174402	0.7386123	0.55833095	0.691688	0	0	0	0	0.66244817	0	0.67452663	0.5931719	0	0.5223951	0.66201824	0	0	0	0	0	0	0	0	0.5801766	0	0.54619104	0	0	0.5499226	0	0	0	0	0	0	0	0	0	0	0	0	0	0	0	0	0.51529914	0	0	0	0.5347903	0	0	0	0	0	0	0	0	0	0	0.5066745	0	0	0	0	0	0	0	0	0	0	
1	0	0	0	0	0	0	0	0	0	0	0.54708606	0	0	0	0	0.5476276	0.54354155	0	0	0	0	0	0	0	0	0	0	0	0	0	0	0	0	0	0	0	0	0	0	0	0	0	0	0	0	0	0	0	0	0	0	0	0	0	0	0	0	0	0	0	0	0	0	0	0	0	0	0	0	0	0	0	0	0	0	0	0	0	0	0	
1	0	0	0	0	0	0.5205949	0	0	0	0	0	0.5590913	0	0	0	0	0	0	0	0	0	0	0	0	0	0	0	0	0	0	0.50102186	0	0	0	0	0	0	0	0	0	0	0	0	0	0	0	0	0	0	0	0	0	0	0	0	0	0	0	0	0	0	0	0	0	0	0	0	0	0	0	0	0	0	0	0	0	0	0	0	0	
1	0	0	0	0	0	0	0	0.60675645	0.5091482	0.5086438	0.52039385	0	0	0	0.5195531	0	0.5999787	0.505794	0.5024374	0.50657976	0.5133119	0	0.6401195	0.5519926	0.5471433	0	0	0.5662139	0.5390452	0.5186589	0	0	0.5598394	0	0	0.51264924	0	0.50493026	0	0	0	0.55492014	0	0	0	0	0	0	0	0	0	0	0	0	0	0	0	0	0	0	0	0	0	0	0	0	0	0	0	0	0	0	0	0	0	0	0	0	0	0	
1	0	0	0	0	0	0	0	0	0	0	0	0.51357013	0	0	0	0	0	0	0	0	0	0	0.6115408	0	0	0	0	0	0	0	0	0	0	0	0	0	0	0	0	0	0	0	0	0	0	0	0	0	0	0	0	0	0	0	0	0	0	0	0	0	0	0	0	0	0	0	0	0	0	0	0	0	0	0	0	0	0	0	0	0	
1	0	0	0	0	0	0.6160083	0	0	0	0	0	0	0	0	0	0	0	0	0	0	0	0	0	0	0	0.5468332	0	0	0	0	0	0	0	0	0	0	0	0	0	0	0	0	0	0	0	0	0	0	0	0	0	0	0	0	0	0	0	0	0	0	0	0	0	0	0	0	0	0	0	0	0	0	0	0	0	0	0	0	0	0	
1	0	0	0	0.5606023	0.5601838	0	0.5734081	0.60071445	0	0.6365659	0.51548886	0.56559056	0.6373328	0.53945565	0	0.58876276	0.61199325	0.5284997	0	0.6302069	0	0.58351403	0.51911837	0.5173879	0	0	0	0	0.56849414	0	0	0	0.52866983	0	0.5230413	0	0	0	0	0	0.6728583	0	0	0	0	0	0	0	0	0	0	0	0	0	0	0	0	0	0	0	0	0	0	0	0	0	0	0	0	0	0	0	0	0	0	0	0	0	0	0	
1	0	0	0	0	0	0	0	0	0.6420723	0	0	0	0	0	0.61643666	0	0	0	0	0	0	0	0	0	0	0	0	0	0	0	0	0	0	0	0	0	0	0	0	0	0	0	0	0	0	0	0	0	0.5111526	0	0	0	0	0	0	0	0	0	0	0	0	0	0	0	0	0	0	0	0	0	0	0	0	0	0	0	0	0	0	0	
1	0	0	0	0	0.5642733	0.58067393	0.54952806	0.5635841	0.5515144	0.59717375	0.50645685	0.5967775	0.5417863	0.54238826	0	0.567603	0.61017954	0.6373898	0	0.5768042	0	0.60731244	0	0.5391431	0	0.62375	0	0.56730986	0.63019925	0.52066857	0	0.6030248	0.5483337	0	0	0	0	0	0	0	0	0	0	0	0	0	0	0	0	0	0	0.52035654	0	0	0	0	0	0	0	0	0	0	0	0	0	0	0	0	0	0	0	0	0	0	0	0	0	0	0	0	
1	0	0	0	0	0	0	0.5997484	0	0.6348727	0	0.5817903	0	0	0	0.5871676	0.5697804	0	0	0.53133196	0.5620933	0	0	0.518288	0	0.5828549	0	0.6041356	0	0	0	0.5292609	0	0	0.577499	0.57459915	0	0.56923205	0.50733876	0	0.61692744	0	0	0	0	0	0.59801203	0	0	0.5284234	0.605743	0.6066608	0.6088335	0	0	0	0.5343366	0	0	0	0	0	0	0	0	0	0	0	0	0	0	0	0	0	0	0	0	0	0	0	0	
1	0	0	0.5194632	0.5084815	0.60986745	0.6631459	0.6171414	0.7548886	0.69375134	0.71648717	0.72114253	0.7328007	0.7335433	0.61162215	0.6042932	0.71492946	0.59267354	0.6121823	0.53643876	0.6055526	0.64971733	0	0.5705333	0.53802663	0	0.5450696	0.59527135	0.5493666	0.54256153	0.5848132	0.6326828	0	0.5253775	0	0.56877965	0	0.51902866	0	0	0	0	0	0	0.5158467	0.5181751	0.5229229	0.5439143	0	0.6066504	0.5124803	0	0	0.55563325	0	0	0.5799407	0	0	0	0	0.5049307	0	0	0	0	0	0	0	0	0	0	0	0	0	0	0	0	0	0	0	
1	0	0	0	0.5456997	0.6646854	0	0.7594393	0	0.68612814	0	0.6986873	0	0	0.6930443	0.63458467	0	0.66886455	0.63935465	0.63687503	0	0	0.67599404	0	0	0	0	0	0	0.5319625	0	0	0.5757297	0	0	0	0.5077908	0	0	0	0	0	0	0	0.5436875	0	0	0.587051	0	0	0	0	0	0	0	0	0	0.5467587	0	0	0	0	0	0	0	0	0	0	0	0	0	0	0	0	0	0	0	0	0	0	0	
1	0	0	0	0	0	0.50534093	0	0	0	0	0	0	0	0	0	0	0	0	0	0	0.57440597	0.51684624	0	0	0	0	0	0	0	0	0	0	0	0	0	0	0	0	0	0	0	0	0	0	0	0	0	0	0	0	0	0	0	0	0	0	0	0	0	0	0	0	0	0	0	0	0	0	0	0	0	0	0	0	0	0	0	0	0	0	
1	0	0	0	0	0.5267339	0.5787173	0.5839792	0.62720877	0.6087881	0.5399922	0.65120286	0.63006735	0.5726716	0	0	0	0.5332438	0.5153944	0	0	0	0	0	0	0	0	0	0	0	0	0	0.51626825	0	0	0	0	0	0	0	0	0	0	0	0	0	0	0	0	0	0	0	0	0	0	0	0	0	0	0	0	0	0	0	0	0	0	0	0	0	0	0	0	0	0	0	0	0	0	0	0	
1	0	0	0	0	0.56830645	0.56274295	0.6485895	0.58421993	0.64432824	0.63365626	0.5670512	0.5873241	0	0.56372446	0.56124026	0.5724259	0.6180311	0.59609216	0	0	0	0	0	0	0	0	0	0	0	0.50568837	0.5640544	0	0	0	0	0	0	0	0	0	0	0	0	0	0	0	0	0	0	0	0	0	0	0	0	0	0	0	0	0	0	0	0	0	0	0	0	0	0	0	0	0	0	0	0	0	0	0	0	0	
1	0	0	0	0	0	0	0	0	0.65659636	0.5606305	0	0.5919414	0.5833384	0	0.53857076	0	0	0	0	0	0	0	0.5077327	0	0	0	0	0	0	0	0	0	0	0	0	0	0	0	0	0	0	0	0	0.50351655	0	0	0	0	0	0	0	0	0	0	0	0	0	0	0	0	0	0	0	0	0	0	0	0	0	0	0	0	0	0	0	0	0	0	0	0	
1	0	0	0	0	0	0.5079587	0	0	0	0.5507638	0	0	0	0.5626833	0.57678485	0.6168687	0	0.5732029	0.6178818	0	0.58413315	0.55496484	0	0.5361186	0.62009245	0	0.5086729	0	0	0	0	0	0	0	0	0	0	0	0	0	0	0	0.5126629	0	0	0	0	0	0	0	0	0	0	0	0	0	0	0	0	0	0	0	0	0	0	0	0	0	0	0	0	0	0	0	0	0.5100367	0	0	0	0	
1	0	0	0	0	0	0	0	0	0	0	0	0.62567854	0	0	0	0	0	0	0	0	0	0	0	0	0	0	0	0	0	0	0	0	0	0	0	0	0	0	0	0	0	0	0	0	0	0	0	0	0	0	0	0	0	0	0	0	0	0	0	0	0	0	0	0	0	0	0	0	0	0	0	0	0	0	0	0	0	0	0	0	
1	0	0	0	0	0	0	0	0	0	0	0	0	0	0	0	0.52832204	0	0	0	0	0	0	0	0	0	0.5013685	0	0	0	0	0.5289562	0	0	0	0	0	0	0	0	0	0	0	0	0	0	0	0	0	0	0	0	0	0	0	0	0	0	0	0	0	0	0	0	0	0	0	0	0	0	0	0	0	0	0	0	0	0	0	0	0	
1	0	0	0	0	0	0	0	0	0.56686014	0.5191542	0	0.5143128	0.53684783	0	0.51827323	0	0.5141639	0	0	0.50143206	0	0	0.50728565	0	0	0	0	0.50920683	0	0.50825053	0	0	0	0	0	0	0	0	0	0	0	0	0	0	0	0	0	0	0	0	0	0	0	0	0	0	0	0	0	0	0	0	0	0	0	0	0	0	0	0	0	0	0	0	0	0	0	0	0	0	
1	0	0	0	0	0	0.5097343	0.5646007	0.508026	0.5773315	0	0	0	0.5261174	0	0.5054073	0	0	0	0	0	0	0	0	0	0	0	0	0	0	0	0	0	0	0	0	0	0	0	0	0	0	0	0	0	0	0	0	0	0	0	0	0	0	0	0	0	0	0	0	0	0	0	0	0	0	0	0	0	0	0	0	0	0	0	0	0	0	0	0	0	
1	0	0	0	0	0	0	0	0.5697028	0	0.5378463	0	0	0	0	0	0	0	0	0	0	0	0	0	0	0	0	0	0	0	0	0	0	0	0	0	0	0	0	0	0	0	0	0	0	0	0	0	0	0	0	0	0	0	0	0	0	0	0	0	0	0	0	0	0	0	0	0	0	0	0	0	0	0	0	0	0	0	0	0	0	
1	0	0	0	0.51222736	0	0	0	0	0.52976793	0	0	0	0.5195665	0	0	0.53884125	0	0	0	0	0	0	0.6383672	0.52986395	0	0	0	0.51212394	0	0	0.50026965	0	0	0	0	0	0	0.5277409	0	0	0	0	0	0	0	0	0	0	0.54987234	0	0	0	0	0	0	0	0	0.5019587	0	0	0	0	0	0	0	0	0	0	0	0	0	0	0	0	0	0	0	0	0	0	
1	0	0	0.53869295	0	0.6128427	0.6938425	0.65313643	0.725422	0	0	0.72424835	0.65673625	0.6477485	0.6044372	0	0.6236356	0.6890909	0.58987117	0	0	0.5755029	0.5985856	0	0	0	0.5058313	0.5831182	0.51628345	0.6184697	0	0.59435093	0	0	0	0	0	0.592643	0	0	0	0	0.5292558	0	0	0	0	0.54336995	0	0	0	0	0.52597916	0	0	0	0	0	0	0	0	0	0	0	0	0	0	0	0	0	0	0	0	0	0	0	0	0	0	0	0	
1	0	0	0	0.5310399	0	0	0.6871272	0	0.73737204	0.7299099	0	0	0	0.6357135	0.67309344	0.69703084	0	0	0.5248509	0.6317579	0	0	0.5734688	0.62635916	0.5593942	0	0	0	0	0	0	0	0	0.5425441	0.557033	0	0	0.50731385	0.553964	0	0.6922493	0	0.6195405	0	0	0.54031706	0	0	0.5064167	0.5093407	0	0	0	0	0	0	0	0	0	0	0	0	0	0	0	0	0	0	0	0	0	0	0	0	0	0	0	0	0	0	
1	0	0	0	0	0	0.6532467	0.5327235	0.71348053	0.59711045	0.7122041	0.5961486	0.53994036	0.6360315	0	0.5181973	0	0	0	0	0.5993826	0.50798476	0	0	0.61894023	0.5970261	0	0.5121755	0.57535005	0.5224476	0.55817926	0	0.54803383	0	0	0	0	0	0	0	0	0	0	0	0	0	0	0.54833364	0	0	0	0	0	0	0	0	0	0	0	0	0	0	0	0	0	0	0	0	0	0	0	0	0	0	0	0	0	0	0	0	0	
1	0	0	0	0.5452236	0.6135662	0	0.6704279	0	0.52353674	0	0	0.6993892	0	0.60936874	0.52706856	0.5504917	0.5732609	0.5755054	0.55237484	0	0.53979146	0.50271773	0.58138216	0	0	0.55812734	0	0	0	0	0.516605	0	0	0	0	0	0	0	0	0	0	0	0	0	0.5154481	0	0	0	0	0	0	0	0	0	0	0	0	0	0	0	0	0	0	0	0	0	0	0	0	0	0	0	0	0	0	0	0	0	0	0	
1	0	0	0	0	0	0	0	0	0	0	0	0	0	0	0	0	0	0	0	0	0	0	0	0	0	0.55418426	0	0	0	0	0	0	0	0	0	0	0	0	0	0	0	0	0	0	0	0	0	0	0	0	0	0	0	0	0	0	0	0	0	0	0	0	0	0	0	0	0	0	0	0	0	0	0	0	0	0	0	0	0	0	
1	0	0	0.5473056	0.57245374	0.6245813	0.7010028	0.70538956	0.7355151	0.6435278	0.7586838	0.77438664	0.671958	0.6381215	0.586914	0.52230513	0.68032455	0.57593197	0	0.56491894	0.6279328	0.706112	0.57299787	0.677858	0.6459124	0.6690199	0	0.6837328	0.57459754	0.56837445	0	0.5572494	0.5611432	0.58346623	0	0	0.5636567	0.52587444	0	0	0.5368438	0.549248	0	0	0	0	0	0	0.5334953	0	0	0.53918225	0	0	0	0	0	0	0	0	0	0	0	0	0	0	0	0	0	0	0	0	0	0	0	0	0	0	0	0	0	
1	0	0	0	0	0	0	0	0	0.64632	0	0	0	0.72863674	0.6775019	0.61683184	0	0	0.6276547	0.65045935	0	0	0	0	0	0	0	0	0	0	0.6291958	0	0	0	0.6083304	0	0	0	0.5336997	0.56192315	0	0	0	0	0	0	0	0	0	0	0	0	0	0	0	0	0	0	0	0	0	0	0	0	0	0	0	0	0	0	0.5126384	0	0	0	0	0	0	0	0	0	0	
1	0	0	0	0	0	0	0	0	0.51146996	0	0	0	0	0	0	0	0.5656753	0	0	0	0	0	0	0	0	0	0	0	0	0	0	0	0	0	0	0	0	0	0	0	0	0	0	0	0	0	0	0	0	0	0	0	0	0	0	0	0	0	0	0	0	0	0	0	0	0	0	0	0	0	0	0	0	0	0	0	0	0	0	0	
1	0	0	0	0	0	0	0	0.54981905	0	0	0	0.5000363	0	0	0.50813603	0	0	0	0	0.5863225	0	0	0	0	0	0	0	0	0	0	0	0	0	0	0	0	0	0	0	0	0	0	0	0	0	0	0	0	0	0	0	0	0	0	0	0	0	0	0	0	0	0	0	0	0	0	0	0	0	0	0	0	0	0	0	0	0	0	0	0	
1	0	0	0	0.6323489	0.7097164	0.6079585	0.6080065	0.7174813	0.6959424	0.60050344	0.55270666	0.73612833	0.7445518	0.65835035	0.6777948	0.6773035	0.67018145	0.64956635	0.6825555	0.5684796	0.56344134	0.7065004	0.5781699	0	0.52920777	0	0	0.6284032	0.5231713	0	0.6054382	0.5522817	0.60512906	0	0	0	0.5129016	0	0	0	0	0.50226074	0	0.55702555	0.5813353	0	0.56207037	0	0.5775245	0.5152811	0	0	0	0	0	0	0	0	0	0	0	0	0	0	0	0	0	0	0	0	0	0	0	0	0	0	0	0	0	0	
1	0	0	0	0	0	0.5638659	0.72173667	0	0	0	0.67565715	0	0.6225077	0	0	0.6386158	0	0.67009455	0	0.5430389	0	0.67981756	0	0.5490346	0	0.6347149	0.5870526	0	0	0.5649994	0.6925948	0.51286477	0	0.5333345	0.5065603	0	0	0	0	0	0	0	0.59247	0.54318506	0.51291895	0.52316755	0.5537884	0	0	0	0	0	0	0	0	0.59294015	0	0	0	0	0	0	0.55193025	0	0.50528336	0	0	0	0	0	0	0	0	0	0	0.5306491	0	0	0	0	
1	0	0	0	0.5274899	0.55275744	0.53941125	0.60499626	0.58224744	0.6914798	0.73036057	0	0.51648545	0.6546542	0.6806243	0.68798584	0	0.56398195	0.6908785	0.59715295	0.5879755	0	0	0.5869242	0.69791037	0.54937476	0	0	0	0.5411608	0.54441667	0	0	0	0.51964885	0.6095088	0	0	0	0	0.51643753	0.5678806	0	0	0	0	0.52285546	0	0	0	0	0	0	0	0	0	0	0	0	0	0.6093509	0.5144985	0	0	0	0	0	0	0	0	0	0	0	0	0	0	0	0.5815896	0	0	0	
1	0	0	0	0	0.5187576	0.5919022	0.52004087	0.53905696	0	0.62062275	0.51216346	0.54099506	0.54943126	0.59056485	0	0.59382826	0.5819405	0.61331266	0.5218786	0.5795727	0.61882484	0.63768137	0	0.50208455	0.6876417	0.52220136	0.6151685	0.5264975	0	0.5169126	0.5368057	0.52400374	0	0	0	0	0	0	0	0	0.554169	0	0	0	0	0	0.5093043	0	0	0	0	0	0.61367464	0.50990266	0	0	0	0	0	0	0	0	0	0	0	0	0	0	0	0	0	0	0	0	0	0	0	0	0	0.53376025	
1	0	0	0	0	0	0	0.53670985	0	0	0	0	0	0	0	0.6686609	0	0.5427544	0	0.6213067	0	0	0	0.50415957	0	0	0	0	0	0	0	0	0	0	0.59634215	0	0	0	0.51940095	0.5660419	0	0	0.52262676	0	0	0	0.57121676	0	0	0	0	0	0	0	0	0	0	0	0	0	0	0	0	0	0	0	0	0	0	0	0	0	0	0	0	0	0	0	0	0	0	
1	0	0	0	0	0.55773497	0.66366374	0.59562963	0.6942726	0.6107442	0.6475803	0.62845445	0.6093638	0.6770392	0.609123	0.59025896	0.5943164	0.5405628	0.5991403	0.5112206	0.57387316	0.50601006	0.56571937	0	0.55382097	0	0.5394323	0.5462125	0	0	0	0.546027	0.57016	0	0.57679665	0	0	0	0	0.531563	0.5226527	0	0	0	0	0	0	0	0	0	0	0	0	0	0.5857437	0	0	0	0	0	0	0	0	0	0	0	0	0.59374106	0	0	0	0	0	0	0	0	0	0	0	0	0	
1	0	0	0	0	0	0	0	0	0	0	0	0	0	0	0	0	0	0	0	0	0	0	0	0	0	0	0.5125774	0	0	0	0	0	0	0	0	0	0	0	0	0	0	0	0	0	0	0	0	0	0	0	0	0	0	0	0	0	0	0	0	0	0	0	0	0	0	0	0	0	0	0	0	0	0	0	0	0	0	0	0	0	
1	0	0	0	0	0	0.60555965	0	0	0	0	0.62045854	0	0	0	0	0.6419448	0	0	0	0	0.53401244	0	0	0	0	0.58974266	0.5620363	0	0	0	0.50802016	0	0	0	0	0.58119154	0	0	0	0	0	0	0	0	0	0	0	0	0	0	0	0	0	0	0	0	0	0	0	0	0	0	0	0	0	0	0	0	0	0	0	0	0	0	0	0	0	0	0	0	
1	0	0	0	0	0.5511257	0	0.62934613	0.5602143	0.5135247	0.65088946	0	0.6284445	0.5719231	0	0	0	0.670856	0	0.55717057	0.5536509	0	0	0	0.5948898	0.578485	0	0	0.56451577	0.658192	0	0	0.54120815	0.508598	0	0	0	0	0	0	0	0	0	0	0	0	0	0	0	0	0	0.58990777	0.5274958	0	0	0	0	0	0	0	0	0	0	0	0	0	0	0	0	0	0	0	0	0	0	0	0	0	0	0	0	
1	0	0	0	0	0.56465614	0.64394367	0.63222015	0.71885926	0.52960855	0.6907564	0.5961601	0.5203772	0.5862017	0.6876432	0.7052697	0.7105031	0.5508857	0.6584503	0.64384633	0.7122172	0.53279173	0.5573616	0.648844	0.5772986	0.5371964	0.5217435	0.5135871	0.5442206	0	0.54859716	0	0.5496947	0	0	0.5192449	0	0	0	0	0.54265773	0.5187886	0.5117415	0	0	0	0	0	0.51597476	0	0	0.55322176	0	0.56953293	0	0	0.5959357	0	0	0	0	0	0	0	0	0.5044141	0	0	0	0	0	0	0	0	0	0	0	0	0	0	0	
1	0	0	0	0	0.5926988	0	0.63563293	0	0.68794733	0	0.7360145	0.5698232	0.5029401	0	0.7316632	0.6317426	0.5286289	0	0	0.66672164	0	0.60208833	0	0	0	0	0.5080628	0.5439479	0	0	0.54142815	0.5199639	0.51998097	0	0.6420228	0.5092274	0	0	0.5176036	0	0	0	0.5382981	0	0	0	0	0	0	0	0	0	0.5120568	0	0	0.5117547	0	0	0	0	0	0	0	0	0	0	0	0	0	0	0	0.567328	0	0.52080446	0	0	0	0	0	0	
1	0	0	0	0	0	0	0	0.53725946	0	0.54301685	0	0	0	0.50321937	0.54323596	0	0	0	0	0.50985414	0.5073368	0	0	0.50446737	0	0	0	0	0	0.5305426	0.5163933	0	0	0	0	0	0.5364858	0	0	0	0	0.5313746	0	0.51926064	0	0	0	0	0	0	0	0	0	0	0	0	0	0	0	0	0	0	0	0	0	0	0	0	0	0	0	0	0	0	0	0	0	0	0	0	
1	0	0	0	0	0	0	0	0	0	0.5077937	0	0	0	0	0	0	0	0	0	0	0	0.50953746	0	0	0	0	0	0	0	0	0	0	0	0	0	0	0	0.57	0	0	0	0	0	0	0	0	0	0	0	0	0	0	0	0	0	0	0	0	0	0	0	0	0	0	0	0	0	0	0	0	0	0	0	0	0	0	0	0	0	0	
1	0	0	0	0	0	0.53066087	0	0.5821926	0.5199709	0.6250063	0.58939296	0.5345878	0.51319766	0	0	0	0	0	0	0	0	0	0	0	0.5016876	0	0	0	0	0	0	0	0	0	0	0	0	0	0	0	0	0	0	0	0	0	0	0	0	0	0	0	0	0	0	0	0	0	0	0	0	0	0	0	0	0	0	0	0	0	0	0	0	0	0	0	0	0	0	0	
1	0	0	0	0	0.5059542	0.5544491	0.5745329	0	0	0	0	0	0	0.5128091	0	0.5114732	0	0	0	0	0	0.5362619	0	0	0	0	0	0	0	0	0	0	0	0	0	0	0	0	0	0	0	0	0	0	0	0	0	0	0	0	0	0	0	0	0	0	0	0	0	0	0	0	0	0	0	0	0	0	0	0	0	0	0	0	0	0	0	0	0	0	
1	0	0	0	0	0	0	0.5387789	0.5096665	0	0.5476112	0	0.5297094	0.5007273	0	0	0	0	0	0	0	0	0	0	0	0	0	0	0	0	0	0	0	0	0	0	0	0	0	0	0	0	0	0	0	0	0	0	0	0	0	0	0	0	0	0	0	0	0	0	0	0	0	0	0	0	0	0	0	0	0	0	0	0	0	0	0	0	0	0	0	
1	0	0	0	0.5714711	0.6460781	0.5529833	0.7068534	0.67077875	0.7192147	0.6436644	0.5696877	0.53307515	0.5585708	0.6810938	0.7206497	0.7000972	0	0.63485926	0.6614386	0.5318216	0.52853394	0.64069855	0.57141906	0.54738367	0	0	0.5575429	0	0.50935835	0.57373434	0.54759973	0	0	0.53274107	0	0	0.58002985	0	0	0	0	0	0	0	0.5235334	0	0	0.5050142	0	0	0	0	0	0	0	0	0	0	0	0	0	0	0	0	0	0	0	0	0	0	0	0	0	0	0	0	0	0	0	0	
1	0	0	0	0	0	0.5534451	0	0.5502932	0.7720315	0.681601	0.65609205	0	0.51235116	0	0	0	0.588822	0	0	0.6383159	0	0	0	0	0.53926134	0	0	0.5733035	0.63365525	0	0	0	0	0	0.52976674	0	0	0.5623958	0	0	0	0	0	0	0	0	0	0	0	0	0	0	0	0	0	0.50835556	0	0	0	0	0.5646344	0	0	0	0	0	0	0	0	0	0	0	0	0	0	0	0	0	0	0	
1	0	0	0.52578473	0.6208602	0.6364371	0.66918534	0.68179846	0.6601408	0.682257	0.6700526	0.6203474	0.6027325	0.5590532	0.5869773	0.5834022	0.56901765	0.5638856	0.6176039	0.5304669	0.5075411	0.6301288	0.5160563	0.59353244	0	0.5182302	0.5903778	0	0.54548967	0	0.51559424	0.526022	0.6085351	0	0	0	0	0	0.6107418	0	0	0	0.60870177	0	0	0	0	0	0	0	0	0	0	0	0	0	0	0	0	0	0	0	0	0	0	0	0	0	0	0	0	0	0	0	0	0	0.5352895	0	0	0	0	
1	0	0	0	0	0	0	0	0.70489675	0	0	0	0	0.66238356	0	0	0	0.61049026	0	0	0.5486805	0	0	0	0.6001631	0.5550931	0	0.64593357	0.6017083	0.5040843	0.51891387	0	0	0.68139195	0.5907821	0	0	0	0	0.62233084	0	0	0	0	0.5080911	0	0	0	0	0	0	0	0	0	0	0	0	0	0.62363404	0	0	0	0	0	0.5074179	0	0	0.5566032	0	0	0	0	0	0	0	0	0	0	0	0	0.5152543	
1	0	0	0	0	0.53499776	0.5541245	0.61426514	0.61443645	0	0.5075994	0	0.55991596	0.5746366	0.5057778	0.5546397	0	0.56213707	0.5381302	0.50076014	0.58883905	0	0.5639667	0	0.5378843	0.6825618	0.5455843	0.659433	0.5588627	0.508937	0.53951204	0	0	0	0.517557	0	0	0.5172724	0	0	0	0	0	0	0	0	0	0	0	0	0	0	0	0	0	0	0	0	0	0	0	0	0	0	0	0	0	0	0	0	0	0	0	0	0	0	0	0	0	0	0	
1	0	0	0	0.5743272	0	0.50690615	0.50198406	0	0.54537976	0.60145605	0.55999714	0.5435055	0	0.5132066	0.62386155	0.51332486	0	0	0.60202324	0	0	0	0.58780086	0	0	0	0	0.5856343	0	0	0	0	0	0	0.5029228	0	0	0.5956748	0	0	0	0	0.51190627	0	0.54621613	0	0	0	0	0	0.5617791	0	0	0	0	0	0	0	0	0	0	0	0	0	0	0	0	0.55314094	0	0	0	0.52977103	0	0	0	0	0	0	0	0.56281626	
1	0	0	0	0	0	0	0	0	0	0	0	0	0	0.5107886	0	0	0	0	0	0	0	0	0	0	0	0	0	0	0	0	0	0	0	0	0	0	0	0	0	0	0	0	0	0	0	0	0	0	0	0	0	0	0	0	0	0	0	0	0	0	0	0	0	0	0	0	0	0	0	0	0	0	0	0	0	0	0	0	0	0	
1	0	0	0	0	0.5350248	0	0.54782975	0	0.6670881	0.6142652	0.6034035	0.5232417	0.54397047	0.59527373	0.661493	0.62746245	0.6405035	0.5397109	0.6730467	0.59531254	0.536799	0.5052037	0.55144614	0.53669626	0.57009923	0.55830646	0.51804715	0.5215039	0.57890093	0.5943307	0	0	0	0	0.54110104	0.5196411	0	0.57264626	0.53825307	0	0	0.58525276	0.5150233	0	0	0	0	0	0	0	0	0	0.5871361	0	0	0.53732663	0	0	0	0	0	0	0	0	0	0	0	0	0	0	0	0	0	0	0	0	0	0	0	0	
1	0	0	0	0	0	0.53247505	0.5533155	0.58974934	0	0	0	0	0.5403049	0	0	0	0	0	0	0	0	0.5648935	0	0.58030844	0	0	0	0	0	0	0.5766478	0	0	0	0	0	0	0	0	0	0	0	0	0	0.5252289	0	0.5471743	0	0	0	0	0	0	0	0	0	0	0	0	0	0	0	0	0	0	0	0.5009477	0	0	0	0	0	0	0	0	0	0	0	0	0	
1	0	0	0	0	0.59290093	0.66723317	0.5472939	0.670206	0.63636315	0	0.61916584	0.6826545	0.6213502	0.6216085	0.53336143	0.50620395	0.5443229	0.5895945	0.5407245	0.505696	0	0	0	0	0	0.5319405	0	0	0	0	0	0	0	0.501134	0	0	0	0	0.54345006	0.51537585	0	0	0	0.50886464	0	0	0	0	0	0	0	0	0	0	0	0	0	0	0	0	0	0	0	0	0	0.5785491	0	0	0	0	0	0	0	0	0	0	0	0	0	0	
1	0	0	0	0	0	0	0.6745984	0	0	0.6577557	0	0	0	0	0	0	0.57447433	0	0.5578281	0	0	0.5040142	0	0	0	0	0	0	0.67149097	0	0	0	0	0	0.51771617	0	0	0	0	0	0	0	0	0	0	0	0	0	0	0	0	0	0	0	0	0	0	0	0	0	0	0	0	0	0	0	0	0	0	0	0	0	0	0	0	0	0	0	0	0	
1	0	0	0	0	0	0.5638439	0	0	0	0	0	0	0	0	0	0	0	0	0	0	0	0	0	0	0	0	0	0	0	0	0	0	0	0	0	0	0	0	0	0	0	0	0	0	0	0	0	0	0	0	0	0	0	0	0	0	0	0	0	0	0	0	0	0	0	0	0	0	0	0	0	0	0	0	0	0	0	0	0	0	
1	0	0	0	0	0.56643856	0	0.6591278	0.7021226	0.69500566	0.6446923	0.6546358	0.63504165	0.6560557	0	0.5760633	0.51812	0.5316104	0.56585044	0	0.62228906	0	0.5725468	0	0	0	0	0	0	0.5640493	0	0.5388317	0	0.5221026	0	0.51952827	0.53415227	0.5584074	0	0	0	0	0	0	0	0	0	0	0	0	0	0	0	0	0	0	0	0	0	0	0	0	0	0	0	0	0	0	0	0	0	0	0	0	0	0	0	0	0	0	0	
1	0	0	0	0.515391	0.5948329	0.56675607	0.66235906	0	0.6652335	0.7116565	0.62455595	0	0.6361089	0.65574753	0.64592487	0	0.5859822	0	0.7188226	0.6069496	0.5847175	0	0.5603292	0.6080956	0.5974167	0	0.5375017	0	0	0	0	0.5751834	0	0	0	0	0.61468995	0.6008987	0.51531434	0	0	0	0.537255	0	0.5124349	0	0	0.61514294	0	0	0	0	0	0.52670234	0.5360426	0	0.5258424	0	0	0	0	0.519451	0.637593	0	0	0	0	0	0	0	0	0	0	0	0	0	0	0	0	0	
1	0	0	0	0	0.5947885	0.5057822	0.6420449	0.5183221	0.59935814	0.5669626	0	0.50912255	0	0.5814747	0	0.537182	0.58978474	0.5695726	0	0	0	0.6438567	0	0	0.5209157	0	0	0	0	0	0	0	0	0	0	0	0	0	0	0	0	0	0	0	0	0	0	0	0	0	0	0	0	0	0	0	0	0	0	0	0	0	0	0	0	0	0	0	0	0	0	0	0	0	0	0	0	0	0	0	
1	0	0	0	0.53793037	0	0	0	0.66998696	0	0	0	0	0.5856408	0	0	0	0	0	0	0	0	0	0	0	0	0	0.5451759	0	0	0	0	0	0	0	0	0	0	0	0	0.5575981	0	0	0	0	0	0	0	0	0	0	0	0	0	0	0	0	0	0	0	0	0	0	0	0	0	0	0.5264844	0	0	0	0	0	0	0	0	0	0	0	0.50443	0	
1	0	0	0	0	0.5322855	0	0.59091926	0.55500114	0.55541736	0.5653745	0	0.58596796	0.5958098	0	0	0	0.54142267	0	0	0	0.50309145	0	0	0	0	0	0.5017576	0	0	0.5246898	0	0	0	0	0	0	0	0	0	0	0	0	0	0	0.51100683	0	0.51753455	0.51173615	0.5116187	0	0	0	0	0	0	0.5028595	0	0	0	0	0	0	0	0	0	0	0	0	0	0	0	0	0	0	0	0	0	0	0	0	
1	0	0	0	0	0	0	0	0.5666823	0	0	0	0	0	0.54814726	0	0	0	0.5798564	0	0	0	0	0	0	0	0	0	0	0	0	0	0	0	0	0	0	0	0	0	0	0	0	0	0	0	0	0	0	0	0	0	0	0.5391394	0	0	0	0	0	0	0	0	0	0	0	0	0	0	0	0	0	0	0	0	0	0	0	0	0	0	0	
1	0	0	0	0.52215767	0.5077273	0.5496183	0.5814523	0.5983404	0.59981424	0.60473347	0.70319074	0.5432222	0.6423408	0.5112677	0	0.64399225	0.62571484	0.5477219	0	0.69913185	0.514757	0.63084036	0	0.59186	0.5974164	0.6960806	0.5605926	0	0.6861436	0.6202139	0	0	0.56272024	0.55900204	0	0	0.5106898	0	0	0	0	0.5081403	0	0.50441337	0	0	0	0	0.54530555	0.6175252	0	0.57230824	0	0	0	0	0	0	0	0	0	0	0	0	0	0	0	0	0	0	0	0	0	0	0	0	0	0	0	0	
1	0	0	0	0	0	0	0	0	0	0	0.596136	0	0	0	0	0	0	0	0	0	0	0	0.5697956	0	0	0	0	0	0	0	0	0	0	0.58930135	0.56540525	0	0	0	0	0.63300836	0	0	0	0	0	0.5239402	0	0	0	0	0.60314405	0	0	0	0	0	0	0	0	0	0	0	0	0	0	0	0	0.5713011	0	0	0	0	0	0	0	0	0	0	0	0	
1	0	0	0	0.57209593	0.6081207	0.6321716	0.61515534	0.6621036	0.5811098	0.5577193	0.6456679	0.5585802	0.6232441	0.5318113	0.5014086	0.515864	0.6078756	0.58411074	0.51201594	0	0.6704001	0.5569592	0	0	0.56480575	0.7179736	0	0.55506384	0.5711505	0	0	0	0.6220169	0.57016677	0	0.52403146	0.58085495	0	0.5850037	0	0	0	0	0.51918894	0	0	0.5106826	0.5019992	0	0	0	0	0	0	0	0	0	0	0	0	0	0	0	0	0	0.694759	0	0	0	0	0	0	0	0	0	0	0	0	0	0	
1	0	0	0	0.5297651	0.62312603	0.5744943	0.6995321	0.6387652	0.72988254	0.6882184	0.7228609	0.74458385	0.6030488	0.6747891	0.64896744	0.60902655	0.6261137	0.7105519	0.5458417	0.6091673	0	0.5752302	0.61180097	0.5531829	0.61059463	0	0.7145241	0.58786416	0.77579975	0.7185586	0.5914374	0.60935485	0.68254256	0.5120502	0.5247514	0	0.6745222	0.6484029	0.55518365	0.6414623	0.6332327	0.5233248	0.5952256	0.61165226	0	0.6478342	0	0	0.7113552	0.7671435	0.540703	0.713872	0	0.5935751	0	0	0	0.5738578	0	0	0	0	0	0.77437776	0	0	0	0	0	0	0	0	0.56254333	0.74067837	0.6033938	0.52045983	0.7025327	0.7534734	0	0	
1	0	0	0	0	0	0.54844254	0.6031104	0.60297215	0.6243137	0.68496746	0.6239752	0	0.54253626	0.6498615	0.5843517	0.60445774	0	0.6803772	0.6341585	0	0.58965003	0	0	0.51826674	0.50759065	0	0	0	0	0.5523631	0.5646614	0	0.50755	0	0	0.5523514	0	0	0	0	0	0	0	0	0	0	0	0	0	0.57193315	0	0	0	0	0	0.55143905	0.50513613	0	0	0	0	0	0	0.6093376	0	0	0.62085176	0	0	0	0	0	0.61204046	0	0.6098345	0	0	0	0	0	
1	0	0	0	0.53025496	0.55833006	0.6500469	0.6294966	0.52654475	0.751953	0.7056201	0.6714874	0	0.6113887	0	0.69853884	0.5904384	0.5852386	0.5270638	0.53745764	0.5928575	0.556532	0.5221362	0.5571545	0.5595304	0.52213466	0.54450804	0.5225541	0.51991343	0.5016823	0	0	0	0	0	0	0	0.52037466	0.5003894	0	0.60739857	0.5919272	0	0	0	0	0	0	0	0	0	0.5020655	0	0	0	0	0.56666267	0	0	0	0	0	0	0	0	0	0	0	0	0	0	0	0	0.5670125	0	0	0	0	0	0	0	
1	0	0	0	0	0.62499756	0.708007	0.69603664	0.72190785	0.750521	0.6869151	0.7465835	0.54134095	0.70933306	0.64605594	0.65114856	0.58577645	0.656884	0.5147715	0.6460562	0.61649853	0.57556105	0.5384561	0	0.55138093	0.6000649	0.5585406	0	0.530269	0.5784046	0.5159292	0	0	0.5093822	0.5419579	0	0	0	0.5117893	0	0	0	0.6304257	0	0	0	0.51800936	0	0	0	0	0	0	0	0	0	0	0	0	0	0	0	0	0	0	0	0	0	0	0	0	0	0	0	0	0	0	0	0	0	0	
1	0	0	0	0.5487993	0	0	0	0.51512486	0	0.55055207	0	0.53652763	0.5213062	0.5133064	0	0	0	0.5613818	0	0	0	0.5247273	0.67105156	0	0	0	0.50609523	0	0	0.5170853	0	0	0	0.58582306	0.56262743	0	0.5142851	0.7348715	0	0	0.5928471	0	0	0.6195365	0.71971965	0	0	0.6726988	0.56316394	0	0	0	0.688282	0	0	0	0	0	0.68583333	0	0	0	0	0	0.50111085	0	0	0	0	0	0	0	0.68149626	0.5618646	0.529998	0	0	0.5657669	0	0	
1	0	0	0.5510229	0	0.5997417	0.63419497	0.63021314	0.69221854	0.7183096	0.73949856	0.7430842	0.59770435	0.72599983	0.58264273	0.62781614	0.61325943	0.6586218	0	0.6794295	0.6289973	0.5685625	0.5990761	0.5716482	0.6089616	0.6227007	0.655461	0.5328404	0.64494026	0.57279015	0.5829756	0.547258	0	0.51725596	0.72828346	0.63311183	0	0.6925248	0.5456035	0.53609264	0.53544134	0	0.6063082	0.7057257	0	0	0.52792066	0	0	0.6424734	0.7263613	0.51002187	0	0	0	0	0.6803365	0.6031602	0	0	0.62052053	0	0	0	0.67038226	0	0	0.69155216	0	0	0.7287551	0	0.54672486	0	0.7491331	0.67622715	0.556121	0	0	0	0	
1	0	0	0	0.5101494	0.552802	0.5843138	0.5641347	0.73035383	0.532266	0.6437679	0.585169	0.69906634	0.58755195	0.53127664	0	0.50675	0.5052536	0.5399415	0.6272306	0.5396456	0.600955	0.53651106	0	0.53111774	0.63098294	0.50448704	0.58042425	0.52609247	0	0.5554832	0.6239338	0	0.53372574	0.52602935	0	0.5909806	0	0.66304016	0.5268311	0	0	0.5128597	0	0.56930184	0.6017724	0	0.5545236	0	0	0.5764525	0.5622776	0.5211084	0	0	0	0	0	0	0	0	0	0	0	0	0	0	0	0	0	0	0	0	0	0	0	0	0	0	0.6381523	0	
1	0	0	0	0.5771917	0	0	0	0.58361584	0.57884556	0	0	0	0	0.541985	0.5374126	0.6511769	0.51101893	0.5967752	0.6083982	0	0	0	0.54157335	0.57721514	0	0.6113608	0	0	0.5751514	0	0.6493287	0	0.5442749	0	0.68628836	0	0	0.52624744	0	0.5651095	0.5773796	0	0.55935216	0	0	0.5216368	0	0	0	0	0	0	0.5278763	0.5008773	0.6409033	0	0.53308946	0	0.6348184	0.5854075	0.5184665	0	0	0.5369402	0	0	0	0	0	0	0	0	0	0	0	0	0	0	0.5293284	0	
1	0	0	0	0.5158391	0.54575187	0.5604929	0.54981977	0.6449401	0.5956491	0.5328166	0.5734795	0.66181874	0.6116175	0.57893777	0.63605434	0.65735406	0.6478299	0.61260265	0.6450649	0.6677424	0.6894632	0.6540154	0.6820415	0.6319937	0.6387333	0.6497278	0.6185078	0.67371213	0.5871112	0.6552767	0.6568193	0.6162086	0.72096723	0.68687946	0.60435134	0.76977545	0.7271731	0.75867075	0.7419824	0.65727156	0.58872014	0.7199754	0.5874843	0.5871316	0.652266	0.6701723	0.67749643	0.69580364	0.55028373	0.6777796	0.6424164	0.6464075	0.6046204	0.65270925	0.72016406	0.63123107	0.62016773	0.5876781	0.6954796	0.6922979	0.5974453	0.6850911	0.5265313	0.6728971	0.65315634	0.6343377	0.62747824	0.63870615	0.54450107	0.64163077	0.54690754	0.65137905	0.5760623	0.57073104	0.63556015	0	0.5637137	0.59461486	0.56337947	0.6378891	
1	0	0	0	0	0.5769771	0.5599361	0.6234297	0.6132704	0.67727727	0.6712406	0.5691232	0.58235526	0.6451466	0.54003763	0.55956453	0.5836743	0.56078696	0.5847758	0.60596925	0.7535519	0.5076363	0.5339933	0.7026773	0.56317836	0.6665465	0.61455023	0	0.6384108	0.7170366	0.6182143	0.5766142	0.57450914	0.53983176	0	0.6182522	0.64494044	0.54431295	0.54854214	0	0	0.6582349	0.6541042	0.7390417	0.6312944	0.61214334	0	0.5650413	0	0	0	0	0.5026576	0.6110373	0.70174694	0	0	0.6251053	0.51431024	0	0	0	0	0.7805663	0	0	0	0	0	0	0.5196678	0.627315	0	0	0.55150694	0	0	0	0	0	0	
1	0	0	0	0.5045255	0	0	0	0	0	0	0.5545218	0	0	0.5485567	0	0.5843879	0	0	0.5940845	0.61499333	0.53003335	0	0.6026151	0	0.554855	0	0.6309271	0	0.5231211	0	0	0	0	0.5306738	0.5168406	0	0	0.59872895	0.6275129	0.6418988	0.54546785	0	0.65467924	0.61193186	0.67033654	0.5738329	0.6337524	0.5241405	0.60996354	0.56739336	0	0	0.5479835	0	0.55985826	0.62449676	0	0.5091686	0.5447158	0	0.53777134	0.61122197	0	0.5407761	0.50674933	0.5454303	0	0.5673368	0	0.63424087	0	0	0.533052	0.5503293	0	0	0.5233775	0	0.50986546	0	
1	0	0	0	0	0	0	0	0	0	0	0	0	0	0	0	0	0	0	0	0	0	0	0	0	0	0	0	0	0	0	0	0	0	0	0	0	0	0	0	0	0	0	0.5631715	0	0	0	0	0	0	0	0	0	0	0	0	0	0	0	0	0	0	0	0	0	0	0	0	0	0	0	0	0	0	0	0	0	0	0	0	0	
