2	0	0	0	0.54987997	0.62090504	0.65666485	0.7429128	0.8422011	0.9566834	1.0282068	1.0222901	0.9698514	0.89309746	0.83471537	0.8991361	0.97869307	1.045908	1.1018901	1.1495581	1.0642953	1.0416185	0.93756074	0.9245014	1.1350913	
2	0	0	0	0	0.52076685	0.63379335	0.78120476	0.89915776	0.96772206	1.0110391	1.0178308	0.9803705	0.93063444	0.87208164	0.8288045	0.79257214	0.73454607	0.67717326	0.63394475	0.5563662	0.5022078	0	0	0	
2	0	0	0	0	0	0.5841534	0.6244711	0.7237747	0.7904953	0.8071724	0.82829785	0.8706199	0.88333	0.86158305	0.7990571	0.76241577	0.70339924	0.6379179	0.5927647	0.5243169	0	0	0	0	
2	0	0	0	0	0	0.51742905	0.56851065	0.61607724	0.66353387	0.67134464	0.6605115	0.6301039	0.5843635	0.6013687	0.610753	0.6206307	0.6120822	0.58019346	0.5410367	0	0	0	0	0	
2	0	0	0.591153	0.6977595	0.7942606	0.99129945	1.1251572	1.2001421	1.2372386	1.2352403	1.2001042	1.1457455	1.102487	1.1106495	1.0660939	1.0157483	0.94687474	0.92392915	0.8462529	0.7529806	0.63734585	0.5304934	0	0	
2	0	0	0	0.59654236	0.73195094	0.858635	0.88179	0.95047027	1.0027037	1.1012557	1.1630058	1.1578734	1.1491395	1.1634783	1.1707618	1.1571243	1.102997	1.0526096	0.9894394	0.9627733	0.8333835	0.6888142	0.53898054	0	
2	0	0	0	0.59387755	0.7450444	0.8742487	0.9380327	1.0182499	1.1192845	1.1722913	1.1988021	1.1810873	1.1300844	1.0555395	0.97155404	0.94466436	0.919616	0.91339844	0.8501651	0.8042655	0.7179897	0.6188555	0	0	
2	0	0	0	0	0	0.5371495	0.6006626	0.6628385	0.7316351	0.758677	0.7970002	0.8139661	0.7950087	0.7706306	0.7686194	0.7792662	0.7561361	0.72506326	0.6971269	0.63226044	0.5347141	0	0	0	
2	0	0	0	0	0	0	0	0	0.5270672	0.57344586	0.601934	0.62106556	0.61698407	0.6001107	0.5857952	0.5527267	0.55508685	0.542027	0.5489624	0	0	0	0	0	
2	0	0	0	0.5883736	0.6903607	0.81301063	0.9012881	0.944603	0.98652685	1.0472194	1.1091644	1.1404996	1.1212556	1.0715373	0.998013	0.94062555	0.86887145	0.7922545	0.6846421	0.60545945	0.5095488	0	0	0	
2	0	0	0	0.5036254	0.6420758	0.73644614	0.7817249	0.86885923	0.9493685	0.97556376	1.0185694	1.0546659	1.0688407	1.0821477	1.1012684	1.0825306	1.0605075	1.0100064	0.94052684	0.83072114	0.72329515	0.58366865	0	0	
2	0	0	0	0.5189996	0.59789276	0.73999465	0.84806	0.9041084	0.92583483	0.9731702	0.9933119	1.0234017	1.0289706	1.0187879	1.0256683	1.0013206	0.9808486	0.9294848	0.8484201	0.75377506	0.64874274	0.51449746	0	0	
2	0	0	0	0.5509777	0.60743433	0.65577143	0.74077207	0.84287894	0.8983302	0.91067886	0.90300167	0.91884995	0.91334105	0.8757309	0.86717314	0.83961475	0.8261878	0.79444784	0.7104703	0.65345633	0.5586182	0	0	0	
2	0	0	0	0.5445076	0.6354975	0.74085915	0.85936755	0.9479666	1.0308021	1.0662738	1.0632387	1.0565614	1.0856508	1.10542	1.0883557	1.0517462	0.98708504	0.89792323	0.7970314	0.678533	0.63752264	0.5409321	0	0	
2	0	0	0	0	0	0.58237994	0.65047085	0.6985346	0.78522533	0.8780612	0.9393382	0.9868864	0.9961334	0.9999354	0.9940329	0.95424694	0.9222511	0.86762565	0.7654714	0.69259614	0.5906424	0	0	0	
2	0	0	0	0	0.50695735	0.583269	0.6797488	0.812343	0.89985436	0.9345755	0.90921956	0.8709515	0.80963284	0.8312748	0.80610305	0.77692115	0.7156699	0.6338871	0.5640249	0.52722824	0	0	0	0	
2	0	0	0	0	0.58761615	0.71826065	0.82054996	0.93449426	0.99170965	1.027391	1.027544	1.0338537	1.0779753	1.0895644	1.0563105	1.0197455	0.93952405	0.8785399	0.7862653	0.6820836	0.5875324	0	0	0	
2	0	0	0	0	0.5542667	0.7166029	0.85516965	0.9560145	1.0202866	1.0450593	1.0433495	1.0151418	0.9598157	0.9309809	0.9087957	0.87475955	0.82805437	0.8145664	0.9670324	1.0873182	1.1061184	0.9730978	0.8585771	0.6041569	
2	0	0	0	0	0	0.5523423	0.6632703	0.7585307	0.81274635	0.83485794	0.9178583	0.94997686	0.9493108	0.9328361	0.89527845	0.8677078	0.8452942	0.80240595	0.7327869	0.68022776	0.586676	0	0	0	
2	0	0	0	0	0	0.567606	0.6132322	0.6564052	0.7190203	0.7722785	0.8341301	0.8633289	0.8524107	0.81229216	0.7799505	0.73646885	0.6947644	0.6787853	0.64588577	0.57163876	0.5137683	0	0	0	
2	0	0	0	0	0.5242906	0.5805652	0.6229917	0.6873691	0.76533765	0.8200027	0.8404878	0.8220767	0.7852089	0.7516516	0.72903824	0.6932888	0.66567254	0.63080126	0.5554138	0.50134605	0	0	0	0	
2	0	0	0	0	0	0	0	0	0	0.5587696	0.61709	0.64855164	0.6582058	0.64866585	0.6264461	0.5801092	0.5367402	0	0	0	0	0	0	0	
2	0	0	0	0.5296734	0.68796986	0.8349278	0.9263984	0.96604794	0.97325116	0.9710286	0.99345857	0.97357756	0.9229953	0.84934324	0.8180757	0.79240274	0.7425281	0.674128	0.64321715	0.57797664	0	0	0	0	
2	0	0	0	0	0.5690114	0.64771056	0.7426891	0.83829427	0.9163334	0.93125784	0.9261017	0.99935865	0.98987794	0.9437375	0.8877506	0.80743563	0.66690326	0.64154804	0.6257	0.58498687	0	0	0	0	
2	0	0	0	0	0	0.58406484	0.6390912	0.70439386	0.76075417	0.7942512	0.8261018	0.85048693	0.8480696	0.81836516	0.7905561	0.7430128	0.69972736	0.6644019	0.6009755	0.54562205	0	0	0	0	
2	0	0	0	0.5398569	0.6591358	0.8098465	0.9254721	0.9965161	1.0634608	1.0924275	1.0911443	1.160022	1.2144822	1.2447348	1.2577289	1.2452916	1.2154648	1.13531	1.0596935	1.0428591	0.9358187	0.74996585	0.6161802	0	
2	0	0	0	0	0	0.5744544	0.6712596	0.75287807	0.8041198	0.83755785	0.9059552	0.93783987	0.9828031	1.0240178	1.0281335	1.0230006	1.0394561	1.074276	1.0089097	0.9864554	0.8651132	0.68691146	0.5543819	0	
2	0	0	0	0	0	0	0.52072436	0.60306466	0.6772626	0.72933894	0.7640934	0.8192236	0.8302972	0.97312057	0.99447954	0.99532694	0.92500687	0.8789855	0.81856424	0.7539678	0.6325554	0.5492597	0	0	
2	0	0	0	0	0	0.54046303	0.6049798	0.7088695	0.7890979	0.8334876	0.8305568	0.8149289	0.78115916	0.7324706	0.6916237	0.6939574	0.6939689	0.6689729	0.69952404	0.65164274	0.563675	0	0	0	
2	0	0	0	0	0.5019848	0.5867157	0.69589615	0.768193	0.79807085	0.82042533	0.8468915	0.8891841	0.888754	0.8758887	0.8494674	0.8303197	0.8087798	0.74307877	0.66552097	0.5877747	0	0	0	0	
2	0	0	0	0	0.5826409	0.6928642	0.7857527	0.85219	0.8810283	0.8783836	0.8440809	0.78405046	0.7070932	0.6202679	0.576348	0.5502786	0.51013154	0	0	0	0	0	0	0	
2	0	0	0	0	0.51021034	0.59837854	0.65106404	0.69197977	0.73530996	0.7723035	0.7866596	0.7769227	0.7419185	0.6878135	0.66229826	0.62967485	0.5740461	0.52035975	0	0	0	0	0	0	
2	0	0	0	0	0.53750646	0.64120287	0.73659426	0.812024	0.858169	0.88648677	0.886639	0.85412955	0.87295854	0.86144125	0.84564584	0.7930549	0.7455505	0.6694963	0.60432255	0.50998014	0	0	0	0	
2	0	0	0	0	0	0	0	0.5043434	0.50848484	0	0.5093199	0.55453146	0.5813881	0.5839773	0.5695824	0.5479814	0.5478893	0.5068631	0	0	0	0	0	0	
2	0	0	0	0	0	0.5192466	0.5463668	0.549519	0.5779873	0.58722585	0.6160578	0.61988455	0.6143845	0.5829642	0.5328586	0.5101419	0	0	0	0	0	0	0	0	
2	0	0	0	0	0.5960626	0.65421003	0.7189025	0.791247	0.8604602	0.8912563	0.86718196	0.8470131	0.83592314	0.8190936	0.7797438	0.7351503	0.7023288	0.664152	0.6078448	0.5302496	0	0	0	0	
2	0	0	0	0	0	0.56148344	0.6451661	0.71045303	0.7796669	0.8355332	0.91309714	0.9859017	1.0503954	1.0819255	1.0798401	1.0552466	0.987861	0.90501285	0.8056874	0.67947716	0.5866201	0.5287282	0	0	
2	0	0	0	0	0	0.5531214	0.6229245	0.72543395	0.7957345	0.83972836	0.86949104	0.87330586	0.8849657	0.8715819	0.83815485	0.8098179	0.75123084	0.6980341	0.62097865	0.5802473	0.5097815	0	0	0	
2	0	0	0	0	0.54736555	0.61445737	0.6563429	0.7438712	0.8131335	0.8552027	0.86029637	0.83527696	0.7876575	0.7213301	0.70087117	0.84547544	0.8881394	0.94908315	0.9803912	1.1059283	1.0940393	0.9414066	0.95867693	0.67360044	
2	0	0	0	0	0	0	0.5202241	0.5939857	0.6481368	0.6791472	0.7161706	0.7176526	0.7018249	0.65993357	0.63399196	0.6078968	0.5657726	0.5278315	0	0	0	0	0	0	
2	0	0	0	0	0	0	0	0.52117324	0.54995877	0.5694905	0.5777794	0.5707356	0.5488889	0.5230374	0	0	0	0	0	0	0	0	0	0	
2	0	0	0	0	0.5680772	0.6234115	0.6652238	0.6969424	0.71745133	0.7132465	0.69144344	0.648169	0.6026526	0.5512436	0.54797107	0.5212833	0.51712424	0.50524527	0	0	0	0	0	0	
2	0	0	0	0	0.57308114	0.6537149	0.70716375	0.74692017	0.76096654	0.8053176	0.8934155	0.96574306	0.9874103	0.9768632	0.93309504	0.85355157	0.7649479	0.66331416	0.558205	0	0	0	0	0	
2	0	0	0	0	0.53031003	0.6072427	0.65111977	0.6971419	0.79230237	0.8825564	0.93794	0.9412598	0.9035202	0.8570201	0.8347577	0.79147214	0.7177229	0.6498716	0.5790161	0	0	0	0	0	
2	0	0	0	0	0	0.59236634	0.6934566	0.752828	0.8481802	0.9386075	0.9881343	0.98993653	0.9433269	0.87771994	0.7853437	0.68966055	0.7202607	0.764987	0.8262687	0.9439545	0.99118507	0.9036703	0.85953504	0.65051687	
2	0	0	0	0	0	0.5967629	0.65875804	0.68499666	0.7251699	0.8189656	0.8858081	0.9202295	0.8979193	0.85713714	0.78085166	0.6851034	0.5883163	0.5066348	0	0	0	0	0	0	
2	0	0	0	0	0	0	0.5135335	0.5411115	0.60210377	0.63552386	0.6410157	0.6357762	0.63303596	0.62856936	0.6013239	0.5755197	0.54946953	0.51017684	0	0	0	0	0	0	
2	0	0	0	0	0	0.5149526	0.57185936	0.64672446	0.7243113	0.78803235	0.83871853	0.87255055	0.86738276	0.84921616	0.7943415	0.7434308	0.67072535	0.59194624	0.52785957	0	0	0	0	0	
2	0	0	0	0	0	0	0.5336147	0.5674834	0.6187521	0.66385925	0.69750255	0.70731443	0.7001375	0.67921174	0.6365136	0.59426785	0.53255284	0	0	0	0	0	0	0	
2	0	0	0	0	0	0	0.5087635	0.5090978	0.52565545	0.5443861	0.5548014	0.5544167	0.551196	0.54621255	0.51721615	0	0	0	0	0	0	0	0	0	
2	0	0	0	0	0	0	0	0.53340787	0.5783572	0.6077219	0.6167752	0.5999434	0.57723147	0.53517884	0	0	0	0	0	0	0	0	0	0	
2	0	0	0	0.5260477	0.6329383	0.7126607	0.7582966	0.7802695	0.8511328	0.90514445	0.927714	0.91239107	0.8838317	0.8213341	0.7567901	0.6766483	0.5956702	0.5166646	0	0	0	0	0	0	
2	0	0	0	0	0	0	0.5611472	0.64645576	0.71276265	0.76348656	0.79944664	0.8234149	0.82625806	0.8061503	0.77322084	0.7252003	0.6502825	0.5872629	0.5086574	0	0	0	0	0	
2	0	0	0	0	0	0	0.5080579	0.55117583	0.60189855	0.62458324	0.6421452	0.6496265	0.626405	0.63311744	0.6079912	0.58105725	0.5242504	0	0	0	0	0	0	0	
2	0	0	0	0	0	0	0.55989057	0.63684535	0.69568074	0.7202792	0.7358144	0.71733654	0.6879616	0.6365418	0.56782204	0.50266373	0	0	0	0	0	0	0	0	
2	0	0	0	0	0	0	0.5278185	0.59156543	0.62871534	0.6423417	0.65035766	0.6261329	0.5942281	0.55458945	0.5061856	0	0	0	0	0	0	0	0	0	
2	0	0	0	0	0	0	0	0	0	0.51700246	0.52351266	0.5336987	0.52600384	0.5046295	0	0	0	0	0	0	0	0	0	0	
2	0	0	0	0	0	0	0	0	0	0	0.5205128	0.5248267	0.5092783	0	0	0	0	0	0	0	0	0	0	0	
2	0	0	0	0	0	0.5867109	0.69809943	0.7695607	0.81235856	0.84132534	0.84796435	0.8274379	0.7823215	0.72684145	0.66895616	0.6065659	0.56557214	0.5784641	0.57328635	0.58512807	0.56180304	0.54680854	0.5370827	0	
2	0	0	0	0	0	0.5246168	0.5618966	0.5805631	0.6171645	0.6763358	0.70744026	0.7075659	0.6928521	0.65453804	0.6019704	0.54671	0	0	0	0	0	0	0	0	
2	0	0	0	0.52087265	0.61323243	0.7470962	0.89206743	0.9881521	1.0382165	1.0571476	1.096705	1.0818939	1.0667877	1.0537281	1.0103177	0.9361918	0.8245513	0.73015475	0.62410694	0.52583665	0	0	0	0	
2	0	0	0	0.5237099	0.63519424	0.7277941	0.7663022	0.8714914	0.95015657	0.9788697	0.95599186	0.904993	0.8631433	0.899775	0.89966154	0.8923967	0.8544816	0.7942011	0.72735053	0.61407876	0.5284997	0	0	0	
2	0	0	0	0	0	0.5487713	0.6273484	0.6832152	0.72595376	0.76358324	0.7963246	0.8112195	0.82519853	0.81012136	0.8020947	0.7573457	0.71327245	0.63708586	0.55486816	0	0	0	0	0	
2	0	0	0	0	0	0	0.562542	0.6132088	0.6797207	0.7059641	0.7050547	0.669128	0.6173403	0.5629999	0.5813449	0.5732951	0.55179703	0.50398296	0	0	0	0	0	0	
2	0	0	0	0	0	0	0	0.5470419	0.61416966	0.6604868	0.6789329	0.66573787	0.64347327	0.6002081	0.6071588	0.6298799	0.69066125	0.74108046	0.7842804	0.80752426	0.78441536	0.68204	0.72561544	0.6037774	
2	0	0	0	0	0.58277136	0.6896838	0.74519825	0.77934784	0.85394394	0.925489	0.966992	0.9593942	0.9084962	0.85511285	0.7942299	0.731364	0.6732084	0.61269295	0.536031	0	0	0	0	0	
2	0	0	0	0	0.5453514	0.5820258	0.690522	0.7544285	0.7769733	0.76868975	0.7963173	0.8035236	0.8041952	0.7709334	0.7347636	0.6869647	0.6212281	0.5681102	0.5045748	0	0	0	0	0	
2	0	0	0	0.50036454	0.6237359	0.74902105	0.8107272	0.8715841	0.9819405	1.0362551	1.0492581	1.0632944	1.0483278	1.0167066	0.93398535	0.856248	0.7512863	0.6565088	0.59714717	0.52293366	0	0	0	0	
2	0	0	0	0.5049352	0.6159737	0.71127963	0.7850996	0.825503	0.8563489	0.9048948	0.90307754	0.88909394	0.882427	0.90692943	0.89827025	0.86066914	0.8223263	0.7459173	0.65699834	0.5613124	0	0	0	0	
2	0	0	0	0	0	0.53535944	0.6081754	0.63215077	0.65319544	0.66884273	0.6641365	0.63202554	0.63701963	0.6299449	0.6069713	0.6102437	0.59156746	0.57270133	0.52958333	0	0	0	0	0	
2	0	0	0	0.6202073	0.71718633	0.77419937	0.80375934	0.8197559	0.8377762	0.8466654	0.85207164	0.8803768	0.8577828	0.8210541	0.76790285	0.75463575	0.74643874	0.7061133	0.6466339	0.5798534	0	0	0	0	
2	0	0	0	0	0	0.5227709	0.59330475	0.6316201	0.6807933	0.7161793	0.73342234	0.7231258	0.71574354	0.71093744	0.6931539	0.63678306	0.5975841	0.5630363	0.50890374	0	0	0	0	0	
2	0	0	0	0	0	0	0.55328906	0.5937513	0.6478284	0.6896671	0.7163938	0.70358235	0.6809904	0.64471126	0.59700525	0.5448257	0.5500779	0.5528912	0.520543	0	0	0	0	0	
2	0	0	0	0	0	0.586557	0.634177	0.69493437	0.7215177	0.7185656	0.68923527	0.64106405	0.6199537	0.5929857	0.5509727	0	0	0	0	0	0	0	0	0	
2	0	0	0	0	0	0.55419755	0.611076	0.65040237	0.67167175	0.69744545	0.7026035	0.67494154	0.6132351	0.55106264	0.53010815	0.5018905	0	0	0	0	0	0	0	0	
2	0	0	0	0	0	0	0	0.5333107	0.56065387	0.5609286	0.53914183	0.50102913	0.505591	0.5068532	0	0	0	0	0	0	0	0	0	0	
2	0	0	0	0	0	0	0.59195465	0.6637753	0.70056	0.7087654	0.69793755	0.6681814	0.63397986	0.58738405	0.54036975	0	0	0	0	0	0	0	0	0	
2	0	0	0	0	0.5005762	0.5751651	0.67605895	0.7932959	0.8650595	0.8875619	0.8563764	0.7822634	0.7567098	0.7209228	0.6876582	0.640697	0.57817614	0.5045957	0	0	0	0	0	0	
2	0	0	0	0	0	0.51596296	0.55680925	0.63665926	0.70393485	0.74129134	0.74853516	0.7240752	0.6789263	0.65846705	0.64153826	0.6284281	0.58615017	0.5468158	0	0	0	0	0	0	
2	0	0	0	0	0	0	0	0.53269756	0.5697294	0.5823302	0.56613123	0.54189694	0.566945	0.5727213	0.5666393	0.5488961	0.5144373	0	0	0	0	0	0	0	
2	0	0	0	0	0	0.5636627	0.63888603	0.67223394	0.67893595	0.65856236	0.6344225	0.6462164	0.65399396	0.6495282	0.6276868	0.6220097	0.600601	0.5425423	0	0	0	0	0	0	
2	0	0	0	0	0	0.51791453	0.5795474	0.6346107	0.7329648	0.7917052	0.82360697	0.82685447	0.8386744	0.84218544	0.80709267	0.7881509	0.75957185	0.69747096	0.63267297	0.59420705	0.666428	0.6754973	0.6037705	0.5871927	
2	0	0	0	0	0	0.5549081	0.6469112	0.6796178	0.69806343	0.7214683	0.77852625	0.8204051	0.83588636	0.79847544	0.76839054	0.74470407	0.6984458	0.6295052	0.5680536	0.50908554	0	0	0	0	
2	0	0	0	0	0	0	0.50904393	0.53279775	0.55244225	0.58267045	0.63267046	0.64836144	0.6439727	0.624765	0.6410436	0.6440377	0.64370203	0.6125687	0.6870135	0.7392315	0.86975324	0.8963905	0.73519343	0.8111033	
2	0	0	0	0	0.5500344	0.63892126	0.6706344	0.6608907	0.6229987	0.6446485	0.65108156	0.6427202	0.6819184	0.70654327	0.7106397	0.70587325	0.67813987	0.64783496	0.5793838	0.51314884	0	0	0	0	
2	0	0	0	0	0	0	0.50776345	0.56336194	0.6135415	0.6363042	0.62967926	0.60591054	0.57915276	0.5545953	0.55230236	0.60133475	0.6054485	0.56659627	0.5289581	0	0	0	0	0	
2	0	0	0	0	0	0	0.529925	0.56622946	0.6111326	0.6432507	0.6615594	0.66517043	0.64647233	0.6153828	0.58024216	0.52941966	0	0	0	0	0	0	0	0	
2	0	0	0	0	0	0.5098902	0.57436395	0.64236397	0.6806795	0.7012684	0.6798343	0.66252834	0.64782	0.66391194	0.6523308	0.63276553	0.5761986	0.52149653	0	0	0	0	0	0	
2	0	0	0	0	0.6060866	0.72448957	0.8037841	0.83698356	0.8633483	0.9122978	0.92940253	0.90173644	0.8657179	0.81121325	0.7645234	0.7479785	0.71355855	0.65858996	0.59085757	0	0	0	0	0	
2	0	0	0	0	0	0.5923176	0.7265546	0.7835382	0.8341214	0.90778834	0.9404276	0.9135689	0.91954035	0.8946883	0.8499394	0.79296666	0.71901834	0.6609807	0.5966679	0.51274306	0	0	0	0	
2	0	0	0	0	0.52598524	0.6418691	0.7344609	0.8007457	0.84918106	0.86686367	0.9121827	0.9164618	0.8836779	0.82732636	0.762883	0.73512685	0.6969023	0.6312501	0.614345	0.56510144	0.54450494	0.577683	0.55087256	0	
2	0	0	0	0	0.52647233	0.6433654	0.7212192	0.7568054	0.7558107	0.7302408	0.7446272	0.7539423	0.7360463	0.71000594	0.67833996	0.6323249	0.6260057	0.6048591	0.55063105	0	0	0	0	0	
2	0	0	0	0	0	0	0.5106144	0.5952793	0.65303415	0.69381326	0.71058226	0.723636	0.7081257	0.6891703	0.65050614	0.60856867	0.5672648	0.53255206	0	0	0	0	0	0	
2	0	0	0	0	0	0	0	0	0	0.5259025	0.5487116	0.54462975	0.5196299	0	0	0	0	0	0	0	0	0	0	0	
2	0	0	0	0	0	0	0	0.50766265	0.5091625	0	0	0	0	0	0	0	0	0	0	0	0	0	0	0	
2	0	0	0	0	0	0	0	0	0.52108157	0.5450125	0.5604737	0.5669625	0.5511353	0.5141772	0	0	0	0	0	0	0	0	0	0	
2	0	0	0	0.59761685	0.6925084	0.8135006	0.95067525	1.0346471	1.0821869	1.0963157	1.0711305	1.0064567	0.92137355	0.8232567	0.7693206	0.7116341	0.6518909	0.5860748	0.503722	0	0	0	0	0	
2	0	0	0	0	0.56163275	0.6983575	0.81029946	0.88880616	0.92206854	1.001912	1.0811938	1.1129001	1.1123723	1.0536382	0.99279684	0.9481974	0.8568409	0.79503727	0.704194	0.6359663	0.53966093	0	0	0	
2	0	0	0	0	0.52837276	0.6245589	0.7017877	0.77309513	0.8423393	0.871717	0.87999845	0.8747653	0.90839475	0.9306246	0.9634417	0.96327055	0.948955	0.88691545	0.81141365	0.6809389	0.5802508	0	0	0	
2	0	0	0	0	0.5027771	0.5769323	0.6206318	0.6337397	0.6389754	0.7052841	0.77257967	0.8065598	0.81498736	0.78864044	0.74720067	0.69911075	0.6827564	0.66451955	0.61403763	0.55890095	0	0	0	0	
2	0	0	0	0	0	0	0	0.5134994	0.5362131	0.5356894	0.53939664	0.5896287	0.6227326	0.6687885	0.6882472	0.67500144	0.6741109	0.64115196	0.5727018	0.5244255	0	0	0	0	
2	0	0	0	0	0	0	0	0	0.560781	0.5940485	0.60027945	0.5858291	0.562265	0.5361407	0.5181881	0	0	0	0	0	0	0	0	0	
2	0	0	0	0	0	0	0	0.5366786	0.5897359	0.6072362	0.6055957	0.58761615	0.5792258	0.55127776	0.5193605	0	0	0	0	0	0	0	0	0	
2	0	0	0	0	0.5555142	0.6273932	0.68538135	0.7122166	0.7739966	0.802182	0.793415	0.76313984	0.71114266	0.6536947	0.60580134	0.5598015	0.50286025	0	0	0	0	0	0	0	
2	0	0	0	0	0	0.5206145	0.62355846	0.7120054	0.7854857	0.82903266	0.83769	0.81023306	0.76318073	0.69305634	0.61884755	0.545231	0	0	0	0	0	0	0	0	
2	0	0	0	0	0	0	0.5249383	0.5462656	0.54172647	0.56390226	0.58835864	0.58185476	0.55151165	0.51256675	0	0	0	0	0	0	0	0	0	0	
2	0	0	0	0	0	0.5333235	0.61894065	0.6638185	0.6673099	0.6412615	0.60719866	0.57967323	0.5442022	0.5456029	0.5213805	0	0	0	0	0	0	0	0	0	
2	0	0	0	0	0	0	0	0	0.5289957	0.5562166	0.6013309	0.62451625	0.64093846	0.63185877	0.61669576	0.5833563	0.55113494	0	0	0	0	0	0	0	
2	0	0	0	0	0	0	0	0	0.50650865	0.5307095	0.54986805	0.55901486	0.5797246	0.5969893	0.57697564	0.55308855	0.5115555	0	0	0	0	0	0	0	
2	0	0	0	0	0.5105961	0.5894975	0.629701	0.6454805	0.63324064	0.60018957	0.58423036	0.5890765	0.56814873	0.5362068	0.5072484	0	0	0	0	0	0	0	0	0	
2	0	0	0	0	0	0.5712186	0.6221379	0.6405378	0.6283979	0.59496677	0.5412055	0.50265616	0	0	0	0	0	0	0	0	0	0	0	0	
2	0	0	0	0	0	0	0	0	0	0.549514	0.546809	0.5292871	0.5032725	0	0	0	0	0	0	0	0	0	0	0	
2	0	0	0	0	0.5796239	0.69200367	0.7475213	0.76172733	0.7571021	0.7584311	0.73556715	0.6972956	0.65944064	0.61839026	0.5739004	0.52927417	0	0	0	0	0	0	0	0	
2	0	0	0	0	0.5348216	0.61229444	0.6609353	0.7482584	0.8242909	0.8567566	0.8546137	0.8264325	0.7830601	0.7265212	0.66684836	0.60668147	0.53834546	0	0	0	0	0	0	0	
2	0	0	0	0	0	0	0	0.5379022	0.5593025	0.56845707	0.58440083	0.6058525	0.61986774	0.6234524	0.5994945	0.57185787	0.5371602	0	0	0	0	0	0	0	
2	0	0	0	0	0	0	0	0	0	0	0.50534105	0.51440406	0.5206458	0.51576936	0.51925766	0.5057227	0.5053148	0	0	0	0	0	0	0	
2	0	0	0	0	0	0.5036768	0.5931652	0.6392935	0.7044208	0.75294524	0.8084929	0.838456	0.8492508	0.8356319	0.8117886	0.7592942	0.71225154	0.65232164	0.56545216	0	0	0	0	0	
2	0	0	0	0	0	0	0.57274157	0.6179954	0.6358619	0.63591427	0.65195185	0.63658965	0.59712374	0.5956068	0.5750581	0.5461052	0	0	0	0	0	0	0	0	
2	0	0	0	0	0	0	0.50812835	0.589187	0.6696227	0.72332317	0.7570941	0.7659726	0.7379121	0.6988871	0.6318977	0.56910545	0.50076777	0	0	0	0	0	0	0	
2	0	0	0	0	0	0	0.5580997	0.6136413	0.59833	0.6127902	0.6239919	0.63036805	0.6203099	0.5966232	0.5608274	0.5154122	0	0	0	0	0	0	0	0	
2	0	0	0	0	0	0	0.5261355	0.5674734	0.6078744	0.63153803	0.6384997	0.61908114	0.595515	0.55051714	0.5049075	0	0	0	0	0	0	0	0	0	
2	0	0	0	0.5031726	0.56200826	0.5690252	0.57614756	0.61056274	0.6409025	0.64393187	0.62232924	0.58772355	0.55013305	0.50987	0	0	0	0	0	0	0	0	0	0	
2	0	0	0	0	0	0	0	0	0	0	0.5106621	0.524449	0.5192177	0	0	0	0	0	0	0	0	0	0	0	
2	0	0	0	0	0	0.5186552	0.56346685	0.6430548	0.69817966	0.7196473	0.715227	0.6880855	0.6617372	0.647012	0.606234	0.5680444	0.51538885	0	0	0	0	0	0	0	
2	0	0	0	0	0	0	0.5737496	0.6598765	0.71614456	0.7392	0.7286685	0.6818467	0.64084005	0.62788427	0.59551275	0.56136066	0.5158369	0	0	0	0	0	0	0	
2	0	0	0	0	0	0.5669332	0.64695954	0.6828532	0.67361736	0.65052754	0.666705	0.65608245	0.6204324	0.5694187	0.5328357	0	0	0	0	0	0	0	0	0	
2	0	0	0	0.5544188	0.6386842	0.75497586	0.8177681	0.8999491	1.0040027	1.0875745	1.1232495	1.1118296	1.0525483	0.9701217	0.8809844	0.8019347	0.717684	0.67109305	0.6136876	0.56957567	0	0	0	0	
2	0	0	0	0.58703065	0.6841204	0.7500257	0.8019312	0.93028533	1.037425	1.1076149	1.1278205	1.1660749	1.1918033	1.1900228	1.1336583	1.0835669	0.99279404	0.9175785	0.8220386	0.73347616	0.6575638	0.55487025	0	0	
2	0	0	0	0	0.51180553	0.64053434	0.7444672	0.7962285	0.79784083	0.839452	0.9017734	0.94726306	0.9413319	0.92112136	0.8884488	0.86771584	0.86505204	0.80442256	0.73768204	0.64249504	0.5420053	0	0	0	
2	0	0	0	0	0	0	0.51452905	0.5526793	0.5873383	0.6209701	0.6700166	0.70784235	0.7240635	0.72411066	0.72849	0.71763194	0.686982	0.66505444	0.6552245	0.5758815	0.50753486	0	0	0	
2	0	0	0	0	0	0.58261	0.67573225	0.75533634	0.80571336	0.8331011	0.8382097	0.8272614	0.7971899	0.7543415	0.6882714	0.6655624	0.6278867	0.5826611	0.50714123	0	0	0	0	0	
2	0	0	0	0	0	0.5447717	0.64830315	0.7375732	0.81384706	0.85294753	0.86009336	0.8365948	0.7844509	0.7579454	0.7360228	0.6924548	0.6275228	0.56469417	0	0	0	0	0	0	
2	0	0	0	0	0	0	0	0	0	0.53710485	0.57373613	0.58095986	0.5664616	0.52653277	0	0	0	0	0	0	0	0	0	0	
2	0	0	0	0.56614375	0.6629929	0.7738677	0.90312254	0.9672229	0.99665	1.0225768	1.0796471	1.1047583	1.0890579	1.0636536	1.0791014	1.0991471	1.0623797	1.0018828	0.9298151	0.8902571	0.9109142	0.8354244	0.83485705	0.80821115	
2	0	0	0	0.6213989	0.75229484	0.82950187	0.84655756	0.8546538	0.8805401	0.9123317	0.90425956	0.9316549	0.950302	0.9336929	0.92317134	0.9141454	0.89122593	0.88119	0.811139	0.75771374	0.65242624	0.5326487	0	0	
2	0	0	0	0	0.60694337	0.710356	0.7554772	0.7418337	0.75783116	0.8390019	0.8896835	0.89770037	0.891704	0.8986376	0.8891863	0.8742224	0.8542355	0.8627765	0.80448854	0.75116444	0.6366165	0.5592982	0	0	
2	0	0	0	0	0	0	0	0.51137954	0.5337666	0.58617234	0.62985224	0.643956	0.65236354	0.6406612	0.6384098	0.6058708	0.59850764	0.5877779	0.5903781	0.53108704	0	0	0	0	
2	0	0	0	0.6374443	0.7642186	0.9275611	1.02674	1.0987221	1.1510705	1.1784408	1.1900337	1.25437	1.2754053	1.2562003	1.225037	1.1757358	1.1448358	1.0882214	0.90068376	0.80012095	0.72128356	0.70964366	0.5581383	0	
2	0	0	0	0.5586726	0.6777852	0.7898073	0.8893815	1.1010362	1.1511332	1.1871237	1.210427	1.1213815	1.1499166	1.1526697	1.2453527	1.2114391	1.1542811	1.1211574	1.0956303	1.0247531	0.8956727	0.7993625	0.6437084	0	
2	0	0	0	0.568448	0.6772202	0.8029979	0.92974836	1.0013584	1.0460973	1.0788529	1.1091112	1.1309103	1.1151356	1.1117572	1.0568709	1.0066586	1.0291198	1.041597	0.9711716	0.900823	0.76723844	0.66593134	0.5414604	0	
2	0	0	0	0	0.58884984	0.7319111	0.84172654	0.9103959	0.9790739	1.0570351	1.1016197	1.110657	1.0815519	1.0357313	0.9601034	0.8777237	0.80240905	0.76972544	0.70528287	0.6224152	0.5494933	0	0	0	
2	0	0	0	0	0	0	0	0	0	0.50679713	0.5112339	0.50961494	0	0	0	0	0	0	0	0	0	0	0	0	
2	0	0	0	0	0	0.5471677	0.5980062	0.6797104	0.7292958	0.7646211	0.7613588	0.7215696	0.6662735	0.6492915	0.66757697	0.6880435	0.7084348	0.7432599	0.8275867	0.99178183	1.0962	1.1634712	1.0335293	0.9400169	
2	0	0	0	0	0.5079458	0.5599251	0.58869076	0.6087609	0.6195529	0.5892776	0.627052	0.6338164	0.63571584	0.640346	0.7297298	0.8004936	0.84821844	0.85298824	0.9129231	0.9284715	0.8949425	0.9153447	0.92255765	1.0339943	
2	0	0	0	0	0	0	0	0.5255762	0.5583208	0.56175613	0.53051597	0	0	0	0	0	0	0	0	0	0	0	0	0	
2	0	0	0	0.5438378	0.67237025	0.78257334	0.85841626	0.8983204	0.93166196	0.9453505	0.93103355	0.8906919	0.84221315	0.7707935	0.793427	0.83844215	0.888156	0.95374584	0.95688593	0.9906363	1.0039083	0.8716365	0.9278974	1.0055631	
2	0	0	0	0	0.5780857	0.6550812	0	0	0	0.6431648	0.6457201	0.6095748	0.5595649	0.50390387	0	0	0	0	0	0	0	0	0	0	
2	0	0	0	0	0	0.52982813	0.60517436	0.63556314	0.6646253	0.6597666	0.6267801	0.6250037	0.61092657	0.58436626	0.5518781	0.51179045	0	0	0.5699088	0.70833766	0.8552263	0.9602801	0.9050901	0.86217195	
2	0	0	0	0	0	0	0.5241792	0.56215304	0.5761764	0.5648306	0.5378497	0.5094452	0	0	0	0	0	0	0	0	0	0	0	0	
2	0	0	0	0	0	0	0	0	0	0	0	0	0	0	0	0	0	0	0	0.5222466	0.6897704	0.85579413	0.9290256	0.66749734	
2	0	0	0	0	0	0	0.5062971	0.5554236	0.5923555	0.5923165	0.57450527	0.53514457	0.536918	0.5711424	0.63414866	0.695179	0.74700105	0.7749613	0.757583	0.81713444	0.83529085	0.9900628	1.010808	0.77066475	
2	0	0	0	0.54478586	0.60504854	0.6260743	0.6422519	0.6864334	0.68000656	0.6523752	0.63460535	0.5821766	0.57697695	0.55460954	0.5180241	0	0	0	0	0	0	0	0	0	
2	0	0	0	0	0.50645053	0.5747737	0.6184694	0.66972226	0.68671036	0.6650684	0.638779	0.59353703	0.6343152	0.6647497	0.7105311	0.7721541	0.834425	0.8806614	0.8836391	0.94723773	1.0314579	1.108934	0.93675315	1.1040996	
2	0	0	0	0	0	0.5494035	0.59134114	0.63653904	0.64773935	0.64147896	0.632583	0.6197611	0.58985347	0.55674887	0.51461136	0	0	0	0	0	0	0	0	0	
2	0	0	0	0.5340257	0.6638027	0.7310547	0.7573421	0.80045104	0.80866677	0.76714486	0.7137075	0.707105	0.6948819	0.67711705	0.64748347	0.6294484	0.59736174	0.54174906	0	0	0	0	0	0	
2	0	0	0	0.5146761	0.6276462	0.7535862	0.8364516	0.9243128	1.0144593	1.0583793	1.06887	1.055935	1.0217658	1.0168653	1.000005	0.97139025	0.93499243	0.85566723	0.77723897	0.66021127	0.54857415	0	0	0	
2	0	0	0	0.65160465	0.77206695	0.8546299	0.9506529	1.0326251	1.1252594	1.2097486	1.2686592	1.2846394	1.2669821	1.2221444	1.1978064	1.126937	1.0710381	0.99673384	0.91706055	0.8526003	0.7248375	0.58314997	0	0	
2	0	0	0	0	0.5867543	0.666846	0.7620255	0.7963114	0.8306324	0.9098633	0.9927422	1.036605	1.0557946	1.0387334	1.0737098	1.0551043	1.0383326	0.9749676	1.0091588	1.0610201	1.0712503	1.11264	0.92685604	0.59865034	
2	0	0	0	0	0.5380449	0.6154866	0.70884514	0.7870734	0.8521562	0.8807699	0.8876234	0.87562627	0.8832195	0.86594033	0.87288743	0.8470392	0.834504	0.7821946	0.73223424	0.71130514	0.61174124	0.55198085	0	0	
2	0	0	0	0	0	0.59849757	0.6542922	0.7141558	0.7782142	0.82057285	0.85524315	0.87684923	0.88160074	0.8580411	0.83161175	0.77751243	0.72745466	0.8338649	0.94846576	1.0889565	1.0870404	1.0402222	0.9906729	0.6264097	
2	0	0	0	0	0.5174948	0.6633486	0.7910175	0.8820819	0.93354774	0.95680225	0.97476983	0.9605497	0.9108486	0.85094726	0.7892382	0.73499477	0.6718417	0.6233768	0.56294924	0.5085356	0	0	0	0	
2	0	0	0	0	0	0.5191343	0.5703837	0.60831505	0.6606612	0.73928326	0.7926286	0.83499265	0.8375185	0.8178287	0.78531426	0.7302081	0.6671995	0.6081101	0.5234875	0	0	0	0	0	
2	0	0	0	0.59289163	0.7092906	0.77510965	0.794456	0.895957	0.95175815	0.946101	0.91027856	0.84099543	0.8358434	0.8553459	0.87785375	0.87223136	0.8437966	0.7920727	0.70998776	0.60618526	0.5152232	0	0	0	
2	0	0	0	0	0.6286444	0.74255925	0.80216515	0.8159518	0.86102086	0.9187295	0.9425008	0.9266691	0.8816301	0.8248737	0.81161237	0.76440454	0.7329597	0.69063437	0.72959816	0.85807514	0.9396891	0.92341566	0.84422004	0.66835654	
2	0	0	0	0	0.60066706	0.7333506	0.7963232	0.9132713	1.026485	1.0677416	1.0839849	1.0621102	1.0134447	0.9613804	0.95091766	0.92318934	0.86099935	0.78531194	0.7105841	0.6966549	0.6582419	0.5609205	0.5304128	0	
2	0	0	0	0.5941447	0.6601214	0.78695416	0.8611194	0.9059787	0.9814146	1.0340819	1.0420896	1.0220295	0.98866063	0.9616035	1.0097215	1.0081506	0.9555992	0.8816883	0.82345784	0.92308366	1.0976248	1.1762551	1.0714848	1.118641	
2	0	0	0	0.59817886	0.7344584	0.86471546	0.9939421	1.0759332	1.139524	1.1760763	1.178573	1.1801457	1.179873	1.1523234	1.1121441	1.0621243	1.0329915	1.1223432	1.1948425	1.193885	1.121734	0.98551345	0.90399754	1.0920768	
2	0	0	0	0.6629768	0.79825366	0.8672347	0.98386526	1.0687171	1.1716267	1.2138962	1.2454852	1.2880347	1.2743108	1.2594453	1.2234915	1.2058468	1.1886182	1.133559	1.1100006	1.0574919	0.94033426	0.88134	0.7541919	0.5248098	
2	0	0	0.5637434	0.67015636	0.7758404	0.9453402	1.032887	1.0996909	1.1490436	1.2137253	1.2704138	1.2908511	1.2817768	1.2714092	1.2222403	1.2113805	1.1785827	1.1492594	1.1456916	1.1214486	1.1234589	1.1119014	1.0582978	1.1523243	
2	0	0	0	0.5687364	0.6485386	0.73015505	0.8182853	0.90410924	0.9699538	1.054229	1.1521866	1.1963875	1.2109269	1.2408516	1.243405	1.2403053	1.2013521	1.2226005	1.2023393	1.1091104	1.0349953	0.98356026	0.8634275	0.6193178	
2	0	0	0	0.5200996	0.5865387	0.71523315	0.85573703	0.95816654	1.027192	1.0782003	1.1015518	1.0883098	1.0862918	1.090562	1.0871806	1.1001564	1.1277491	1.1076335	1.060723	0.9900648	0.87340146	0.72714454	0.6327238	0	
2	0	0	0	0	0	0	0.57284206	0.63345027	0.65644664	0.69379056	0.75241095	0.7752923	0.81640524	0.8709318	0.8686426	0.87393296	0.83393484	0.78696096	0.7504475	0.6636903	0.57893664	0	0	0	
2	0	0	0	0	0	0	0	0	0	0	0	0	0	0	0.5129206	0.5365933	0.55740917	0.57278764	0.541372	0.53182214	0	0	0	0	
2	0	0	0	0.52801067	0.67152774	0.80243754	0.88807875	0.94365835	0.9547862	0.9878993	1.0388038	1.1189456	1.158054	1.1577399	1.1641335	1.1465092	1.1685967	1.1411135	1.0392408	0.9770489	0.86453265	0.7161207	0.576382	0	
2	0	0	0	0.6032717	0.7266465	0.8654895	0.92090684	0.9708289	1.0488396	1.0896914	1.0974842	1.0877376	1.1294948	1.131782	1.0904568	1.033506	1.0128783	0.9897278	0.9297588	0.84310377	0.6980748	0.5888286	0	0	
2	0	0	0	0	0.55892503	0.6943962	0.78829885	0.88266766	0.9868116	1.043288	1.0670475	1.0547851	1.0645785	1.038472	1.0002152	0.9574346	0.9328963	0.9367056	0.86396796	0.7782816	0.65489745	0.53929675	0	0	
2	0	0	0	0	0	0.5187118	0.631712	0.710506	0.74518615	0.7432973	0.77807397	0.76572084	0.7540605	0.7254525	0.74936545	0.7481848	0.7552299	0.71198493	0.66152817	0.59628624	0.56341934	0	0	0	
2	0	0	0	0	0	0	0.54162943	0.6044794	0.67270833	0.73304015	0.795357	0.82629	0.8396267	0.8199523	0.7855891	0.7206303	0.6551172	0.59521204	0.53398025	0	0	0	0	0	
2	0	0	0	0.5238098	0.64977896	0.7463204	0.78939146	0.7839831	0.8582888	0.907767	0.91101265	0.8764093	0.8212365	0.74575394	0.66478115	0.5834276	0	0	0	0	0	0	0	0	
2	0	0	0	0.53250843	0.55749726	0.66431653	0.7286407	0.75394565	0.81201875	0.83724904	0.8232908	0.8487018	0.894166	0.91772133	0.9200189	0.92166555	0.87429684	0.8450943	0.7472853	0.6491577	0.5451145	0	0	0	
2	0	0	0	0	0.5362613	0.6400432	0.7184082	0.84121996	0.928011	0.9822162	0.99470985	0.99625474	0.97963774	0.94566137	0.9267297	0.92995477	0.9341129	0.92002755	0.8425066	0.79239863	0.6785122	0.5454161	0	0	
2	0	0	0	0	0.5126005	0.6122375	0.72103876	0.79705256	0.84990865	0.86524326	0.91440475	0.9522852	0.9623982	0.97523767	0.97851026	0.9475855	0.92722106	0.8936801	0.805108	0.7455009	0.633001	0.51011246	0	0	
2	0	0	0	0	0	0	0.5461112	0.61890334	0.6901554	0.78279763	0.8334223	0.8464484	0.83173704	0.8206899	0.76943004	0.7648924	0.74059665	0.73041034	0.6607058	0.5893366	0	0	0	0	
2	0	0	0	0	0	0	0	0	0.5582066	0.62616616	0.6828418	0.70177233	0.6903151	0.6539424	0.63419753	0.63286656	0.6017243	0.57666564	0.52971023	0	0	0	0	0	
2	0	0	0	0.5003441	0.59683096	0.6817318	0.7309287	0.7987882	0.88583016	0.91799337	0.92753595	0.9170539	0.8860208	0.8246101	0.772194	0.71762776	0.81608874	0.93392366	0.99259454	0.9775532	0.99476933	0.87754107	0.69247764	0	
2	0	0	0	0	0.6149485	0.7240724	0.80218625	0.8836371	0.9936188	1.0324997	1.048658	1.0455266	1.0488789	1.0430274	0.9961491	0.97487915	0.9263782	0.86855006	0.79907155	0.7151991	0.6645867	0.57754743	0	0	
2	0	0	0	0	0.55912316	0.6641794	0.7353104	0.7766029	0.83175045	0.8983287	0.9716159	1.0237283	1.0351001	1.0188001	1.0065801	0.9408567	0.90090436	0.8546982	0.7730885	0.6744663	0.55301505	0	0	0	
2	0	0	0	0	0	0.57540345	0.65548843	0.7059367	0.7104132	0.7081802	0.69705486	0.72065043	0.72910225	0.71527976	0.6828826	0.6703183	0.67269355	0.6689699	0.6330416	0.5773288	0	0	0	0	
2	0	0	0	0	0	0	0.56730455	0.64373815	0.69669646	0.70440227	0.6751252	0.6301921	0.6022219	0.5493174	0	0	0.50192964	0	0	0	0	0	0	0	
2	0	0	0	0	0	0	0	0	0	0.5264364	0.579555	0.6028888	0.60574853	0.59782755	0.5935228	0.6085664	0.6245793	0.6352335	0.6316991	0.60463446	0.574683	0.5296655	0	0	
2	0	0	0	0	0	0	0	0	0.50197613	0.51019645	0.51767075	0.5144668	0	0	0	0	0	0.51821125	0.5376113	0.56782866	0.5856493	0.53724474	0	0	
2	0	0	0	0	0	0	0	0	0	0	0	0	0	0	0	0	0	0	0.5080806	0	0	0	0	0	
2	0	0	0	0	0	0	0	0	0	0	0	0	0	0	0	0	0	0.5254906	0.52004737	0.50532186	0	0	0	0	
2	0	0	0.53740597	0.6651083	0.7644845	0.9321471	1.022048	1.0957881	1.1548507	1.1724427	1.2346174	1.2662789	1.2704911	1.241206	1.2257318	1.1852951	1.1467931	1.0852039	0.9997128	0.8969313	0.7871545	0.6536071	0.5768398	0	
2	0	0	0.5077379	0.6569487	0.8064569	0.8954475	0.98471516	1.0870178	1.1508623	1.1967585	1.2466751	1.2711569	1.2717644	1.2860584	1.26138	1.2373048	1.2158395	1.2023721	1.1337228	1.0749807	0.99727803	0.88553125	0.7300555	0	
2	0	0	0	0.5984177	0.6794686	0.8368201	0.93546206	0.99422854	1.0476575	1.0992606	1.1399477	1.2119844	1.2686291	1.2858725	1.2821156	1.2452035	1.2200354	1.1637386	1.1244742	1.1265907	0.99582773	0.91847193	0.7994795	0.5850248	
2	0	0	0	0	0.6178932	0.7581375	0.8597437	0.91507643	0.958042	0.98380333	1.0035162	1.0073973	0.9861716	0.9570124	1.0431566	1.0718236	1.0523714	1.0790092	1.0468708	0.93333215	0.83947784	0.7219922	0.56094253	0	
2	0	0	0	0	0.51884973	0.5979364	0.6710762	0.7615387	0.8381069	0.8714531	0.877837	0.89574337	0.8841812	0.88312656	0.8713041	0.85517937	0.842075	0.8473504	0.77799064	0.7003999	0.5973182	0.5116882	0	0	
2	0	0	0	0	0	0	0.5047274	0.5087677	0	0.53011835	0.572675	0.5945574	0.6256644	0.6238457	0.6137728	0.57537633	0.57309115	0.5611376	0.54342693	0.52317387	0	0	0	0	
2	0	0	0	0.545001	0.7168369	0.8717722	0.97455734	1.0299004	1.0893875	1.1182616	1.1066079	1.0479938	1.0937574	1.0951146	1.0930511	1.0592605	0.980217	0.9229415	0.8328584	0.7094332	0.61574733	0.5122408	0	0	
2	0	0	0	0.53179616	0.61995566	0.7239793	0.78238463	0.866083	0.94820344	0.9827987	1.0444955	1.0358436	1.0367749	1.0371022	1.0271562	1.0511829	1.0592519	1.005583	0.98452157	0.8850399	0.7341715	0.6290444	0	0	
2	0	0	0	0	0.5333375	0.69864655	0.8265323	0.8995268	0.9531467	1.0057466	1.0141897	0.9847596	0.9713912	0.97174644	0.9836739	0.96594304	0.94126064	0.91467524	0.8299719	0.7542715	0.65395385	0.5201787	0	0	
2	0	0	0	0	0	0.57726437	0.6963803	0.8153695	0.89518243	0.9604774	1.0528985	1.0955554	1.1067618	1.0703524	1.0267462	0.9414171	0.82972246	0.7812012	0.7021694	0.6377394	0.5585412	0	0	0	
2	0	0	0	0.67655855	0.8359128	0.9767061	1.0331273	1.0288237	1.0563173	1.1147412	1.153276	1.1823868	1.19811	1.2072979	1.1723015	1.1567181	1.1316786	1.0899353	1.0352192	1.0505345	0.9505195	0.76928055	0.6616555	0	
2	0	0	0	0	0.60831374	0.7242008	0.7973556	0.8419489	0.9525799	1.0637051	1.1398897	1.1763624	1.1881074	1.1852012	1.2008632	1.1886274	1.1698711	1.1881051	1.1836472	1.0996208	0.9584134	0.8549088	0.73324233	0.5395716	
2	0	0	0	0	0.55837506	0.6605815	0.7180581	0.808723	0.8681626	0.87339294	0.8992559	0.9907827	1.0827959	1.1295695	1.1183878	1.1581511	1.1370038	1.0534412	0.97771215	0.9393915	0.8719404	0.7167135	0.60769975	0	
2	0	0	0	0	0	0.5799045	0.6443931	0.66062456	0.70826745	0.76801294	0.7777638	0.77161884	0.7827337	0.7983212	0.83229005	0.8511194	0.80954266	0.77383524	0.7250273	0.7211502	0.63320327	0.5497144	0	0	
2	0	0	0	0	0	0	0.5321452	0.613255	0.6831966	0.721132	0.74270266	0.74649537	0.72788894	0.71700096	0.7222118	0.70683277	0.70717514	0.7439914	0.72150505	0.6797871	0.6166071	0	0	0	
2	0	0	0	0	0	0	0	0	0	0	0	0	0	0	0	0.5180998	0.5228626	0.53024834	0.5048184	0	0	0	0	0	
2	0	0	0	0.51190925	0.6510227	0.77397025	0.83516306	0.90546054	0.94479656	0.93563026	0.8950682	0.8665196	0.86906487	0.8777392	0.85156834	0.81344384	0.7620335	0.6856929	0.59435207	0.51981986	0	0	0	0	
2	0	0	0.5072286	0.6539895	0.7557153	0.8901181	1.024739	1.0690154	1.1017057	1.1651887	1.1912123	1.1713445	1.1313713	1.0741017	1.0199429	0.9708902	0.9885032	0.96330875	0.9449224	0.977959	1.0382676	0.99360365	0.81484014	0.6082333	
2	0	0	0	0.59774	0.7459591	0.85016996	0.8940267	0.96378034	1.0065794	1.0805372	1.1602135	1.1985958	1.1778735	1.1619143	1.1074046	1.0861615	1.1043	1.1417013	1.1172322	1.1133842	0.9963892	0.8211079	0.70617414	0.5429786	
2	0	0	0	0	0.57009304	0.7011136	0.8339321	0.9632997	1.0363767	1.0676037	1.0655795	1.0389372	1.0646682	1.110583	1.1085198	1.11604	1.0609508	1.0528263	1.0679502	1.1032931	1.1698982	1.1819733	1.0649583	1.1315356	
2	0	0	0	0.5428565	0.6601282	0.7990214	0.89464986	0.9422652	0.9597543	0.9642557	0.98314005	0.98665076	0.96578413	0.9213393	0.9943873	1.0219139	1.0046176	0.99783695	0.964355	0.88841176	0.8563184	0.7717416	0.7292293	0.55736566	
2	0	0	0	0.59116143	0.70301634	0.8214689	0.931907	1.0433627	1.1027801	1.1600145	1.2020887	1.2184782	1.2187071	1.1981531	1.16901	1.10571	1.1108191	1.1044259	1.0685134	0.9428788	0.86817753	0.92341995	0.9078125	0.69689816	
2	0	0	0.55428165	0.6984536	0.76948875	0.91275173	1.0260781	1.0598065	1.0794183	1.1110712	1.1812042	1.2615602	1.294028	1.2944592	1.2789557	1.2790405	1.2414647	1.2424128	1.1979555	1.0983381	0.998925	0.92593586	0.8211304	0.5969832	
2	0	0	0.56919247	0.674718	0.742394	0.81309634	0.9770063	1.0843555	1.1288509	1.1449939	1.188782	1.2153695	1.2436159	1.2616724	1.2387314	1.2202766	1.1893729	1.1711106	1.1996329	1.149449	1.0029	0.9628626	0.8559701	0.6477526	
2	0	0	0.58081734	0.70314896	0.8331817	0.9886082	1.0646822	1.1021332	1.1118602	1.2029338	1.2299953	1.218947	1.2603267	1.2702038	1.2822363	1.263085	1.2312541	1.1925395	1.1454587	1.0794946	1.0684811	1.1799645	1.0508412	1.1212674	
2	0	0	0	0.6403098	0.7665415	0.8568154	0.9557876	1.0391533	1.1321923	1.1947362	1.2301387	1.2319041	1.2206465	1.2463597	1.2195785	1.2307119	1.2179949	1.1661615	1.1374532	1.0459902	1.01636	0.8669165	0.8993685	0.95452994	
2	0	0	0.50104576	0.6838734	0.8007321	0.90681493	0.9199427	0.99779063	1.0817331	1.1259376	1.134501	1.158118	1.1727867	1.1727644	1.1840484	1.1802005	1.1362841	1.1436145	1.1055125	1.0488486	0.98291004	0.9270323	0.70601666	0	
2	0	0	0	0.52271503	0.63685757	0.7628885	0.859697	0.9370179	1.0229884	1.1022271	1.1881247	1.2575946	1.2848141	1.2686507	1.2508305	1.19221	1.1481261	1.1691035	1.150204	1.0828419	0.9530307	0.8252864	0.72493035	0.5945895	
2	0	0	0	0.5423477	0.632817	0.79089975	0.9300549	1.0222753	1.1099571	1.1894084	1.245745	1.2714375	1.2749835	1.2553151	1.220256	1.1907988	1.1678196	1.1583315	1.1318518	1.0262017	0.9089086	0.8305658	0.7014665	0	
2	0	0	0	0.5121866	0.67773616	0.82214123	0.92500615	0.98838973	1.0471898	1.0705143	1.0949033	1.1389545	1.14687	1.1447966	1.0991931	1.1159339	1.117522	1.0769067	0.99421567	0.94527566	0.8608811	0.6960041	0.60882723	0	
2	0	0	0	0.5150774	0.64382374	0.7676245	0.83278984	0.8500738	0.94535464	1.0068703	1.0551106	1.1005144	1.1405054	1.1382518	1.1165291	1.0818135	1.1196275	1.0930421	1.1033448	1.0159012	0.87422794	0.75145924	0.62746763	0	
2	0	0	0	0.5960108	0.72008187	0.8304392	0.94826835	1.0328103	1.1415955	1.1928922	1.2187257	1.2110232	1.1839782	1.134843	1.1250595	1.1616457	1.1516572	1.1755205	1.1870953	1.1328199	1.0096148	0.871041	0.79168415	0.6302816	
2	0	0	0	0.61578673	0.7087549	0.7807616	0.94167554	1.04356	1.0992831	1.1337514	1.1477684	1.1358113	1.114522	1.057431	0.96543384	0.9038027	0.8336329	0.89847195	0.8843648	0.822457	0.75631416	0.63752353	0.51221895	0	
2	0	0	0	0.6325338	0.7614093	0.87945485	0.93039256	1.0599054	1.1419786	1.1861538	1.2083449	1.1901891	1.1483303	1.0852906	1.0560082	1.0213119	0.96738094	0.91399443	0.8912304	0.8261338	0.7109398	0.6319905	0.52772987	0	
2	0	0	0	0.64496666	0.7193105	0.8183695	0.9708924	1.0607431	1.1030856	1.1333532	1.1456821	1.1353382	1.1680962	1.1788836	1.135302	1.148341	1.1154468	1.1177171	1.0596869	0.9252304	0.84392947	0.7255963	0.56474555	0	
2	0	0	0	0.52685386	0.66532737	0.8157694	0.91418576	0.9616996	1.0026822	1.0705535	1.1567072	1.2077042	1.2221093	1.1977478	1.1691052	1.1526848	1.1428542	1.1495403	1.0823351	0.9727567	0.9086986	0.7908477	0.6123529	0	
2	0	0	0	0.54052997	0.64289445	0.71775407	0.82138485	0.8811026	0.9696445	1.0751394	1.1362461	1.1397659	1.1245806	1.0865086	1.0616299	1.062043	1.0467137	0.96722144	0.90136653	0.7962664	0.68443984	0.5952079	0	0	
2	0	0	0	0.57253265	0.6659098	0.7659475	0.9131704	0.99150693	1.0405959	1.0957514	1.1364815	1.1553738	1.1532215	1.1291221	1.1019647	1.0422137	1.0033152	0.930172	0.86912954	0.78666204	0.6633201	0.59594584	0	0	
2	0	0	0	0.6506058	0.76489437	0.8733621	0.9846571	1.0637589	1.1300439	1.1755213	1.1903373	1.1715578	1.1285293	1.0651269	1.0263029	1.0722325	1.0769454	1.0759325	1.0505102	0.9228648	0.8410571	0.70948726	0.54343677	0	
2	0	0	0	0.64361835	0.78699756	0.8915463	1.0160818	1.0903404	1.1535355	1.1997161	1.2341229	1.2371728	1.2131786	1.1876154	1.1585011	1.1351805	1.0983136	1.0636871	1.0104494	0.9147833	0.7939445	0.67066187	0.5158372	0	
2	0	0	0	0.5685238	0.7043952	0.8046716	0.9031522	1.0050998	1.0720582	1.133715	1.1798501	1.2064391	1.2142619	1.1927528	1.1531563	1.0727105	1.0707316	1.0711389	1.0266541	1.0113634	0.93203604	0.766679	0.61709607	0	
2	0	0	0	0.640456	0.763727	0.8350732	0.90726316	1.0206501	1.0554733	1.0606731	1.0665178	1.1105386	1.1099467	1.1008459	1.0819706	1.0873133	1.0708543	1.032922	0.9921661	0.88152367	0.7723173	0.6731572	0.5459456	0	
2	0	0	0	0.62988317	0.69454694	0.849095	0.9978277	1.0726246	1.0952365	1.0892092	1.1504749	1.2084868	1.2403455	1.2466557	1.2317836	1.2115421	1.1807256	1.1068594	1.0267172	0.9557457	0.840465	0.68050945	0.57661307	0	
2	0	0	0	0.6488851	0.7493803	0.85084426	0.9220797	1.0332776	1.126439	1.1533437	1.2037876	1.2383891	1.2438738	1.2144574	1.1856066	1.1238153	1.0542313	0.9778776	0.9268687	0.8349335	0.7241945	0.63043505	0.5068204	0	
2	0	0	0	0.6084729	0.7341917	0.83581346	0.9143027	0.9955485	1.0453244	1.0640328	1.1286685	1.164838	1.1749958	1.1824622	1.1494144	1.0996846	1.0640882	1.0102084	0.9844932	0.9591664	0.96830535	0.86623895	0.72988635	0.5908732	
2	0	0	0	0.64339083	0.7627024	0.8654821	1.0432978	1.1387671	1.2035089	1.2417134	1.2440791	1.214152	1.156771	1.1247599	1.1003219	1.088338	1.1180717	1.0920867	0.9989242	0.9366012	0.8230086	0.6819861	0.51688045	0	
2	0	0	0.60461575	0.6854063	0.8071294	0.9545495	1.1044139	1.1877121	1.2511674	1.282014	1.2874626	1.264666	1.2627581	1.254923	1.2257197	1.1886191	1.2083184	1.2099617	1.159804	1.0469985	1.025511	1.0407655	0.8466022	0.6669514	
2	0	0	0.5411346	0.68646693	0.7949866	0.9458443	1.0324845	1.090461	1.1216111	1.1785476	1.2200981	1.2461663	1.2481737	1.2327968	1.2396674	1.2313277	1.2091042	1.2202271	1.2266926	1.1598489	1.0146803	0.93368745	0.85515225	0.6636096	
2	0	0	0	0.55976576	0.6620749	0.7776836	0.8954252	0.99173874	1.0622458	1.1629319	1.2110193	1.197999	1.1602933	1.1079415	1.0490261	1.0751325	1.0734168	1.0892491	1.0706116	1.0636938	0.9629322	0.8573919	0.6829156	0.53070366	
2	0	0	0	0	0.6233456	0.7723218	0.8537439	0.88242686	0.86962986	0.86421096	0.93711317	0.9776395	0.9679422	0.96864736	0.99588	1.0097224	0.9753658	0.9639015	0.96188873	0.86807334	0.81649464	0.69627005	0.5253103	0	
2	0	0	0	0	0	0	0.52679724	0.61301845	0.68244845	0.71918786	0.7221659	0.74740016	0.73654395	0.7176997	0.6776864	0.70300347	0.7166971	0.73633164	0.698777	0.65113354	0.59262335	0	0	0	
2	0	0	0	0	0	0	0	0	0	0	0	0.53233135	0.5805089	0.6060843	0.60554326	0.6140869	0.63319594	0.62108934	0.5958748	0.52671534	0	0	0	0	
2	0	0	0	0.6732373	0.7995914	0.9188897	1.0046808	1.0680909	1.1352345	1.1740544	1.1871029	1.1692674	1.1219679	1.0764236	0.9899349	0.9323373	0.8740331	0.79828227	0.8270697	0.95748913	1.1203421	1.1164488	1.0020218	0.8365767	
2	0	0	0	0.5172567	0.6251902	0.7760295	0.8930729	0.95915496	1.0789065	1.1357112	1.160542	1.1962795	1.2037231	1.1580331	1.1115093	1.0303572	1.0173954	0.9710674	0.8939991	0.8101681	0.6936909	0.57939863	0	0	
2	0	0	0	0	0.51818234	0.5921551	0.6892858	0.76099616	0.8177002	0.8710389	0.91936064	0.9462415	0.94783163	0.9371843	0.9031107	0.8658128	0.8545734	0.8062611	0.7413323	0.66648006	0.61375654	0.5132946	0	0	
2	0	0	0	0	0	0	0	0.5032044	0.62481046	0.6716061	0.6856164	0.6798205	0.7144748	0.75106996	0.78864247	0.79892915	0.78588426	0.7838399	0.7221203	0.6475425	0.5539268	0	0	0	
2	0	0	0	0	0	0	0	0.511456	0.5515362	0.5803167	0.58569	0.5666493	0.5343174	0	0	0	0	0	0	0	0	0	0	0	
2	0	0	0	0.51025915	0.60514086	0.74202174	0.8543891	0.93069285	0.9836398	1.0040935	0.9986811	0.9749664	0.98577267	0.97083014	0.921413	0.84978575	0.74540025	0.64919525	0.58199173	0.5089598	0	0	0	0	
2	0	0	0	0	0.6064537	0.7186651	0.77423906	0.7859439	0.8406996	0.8376065	0.81304806	0.8158963	0.83069813	0.8418021	0.85553217	0.82259667	0.78897506	0.73070586	0.636539	0.55712104	0	0	0	0	
2	0	0	0	0	0.5887758	0.6701737	0.5853678	0.7861379	0.8543661	0.89433604	0.896919	0.88723433	0.85803735	0.8158825	0.7807295	0.7312013	0.69866467	0.64888954	0.59090495	0.5337655	0	0	0	0	
2	0	0	0	0	0	0	0.5410041	0.59631854	0.6250939	0.66467476	0.6989091	0.7201255	0.7081387	0.68285805	0.6320229	0.58681923	0.5388596	0	0	0	0	0	0	0	
2	0	0	0	0	0.52542925	0.67551017	0.7890473	0.82585686	0.81095934	0.77832717	0.7823307	0.75489277	0.71306425	0.653483	0.58877236	0.5227767	0	0	0	0	0	0	0	0	
2	0	0	0	0	0	0.5667476	0.65502334	0.7182862	0.757031	0.785985	0.7934961	0.77587414	0.7458171	0.75067145	0.732844	0.6872314	0.6411491	0.5967495	0.5489728	0	0	0	0	0	
2	0	0	0	0	0	0.5178199	0.5638828	0.5911636	0.60690093	0.65998024	0.69657135	0.7164817	0.71753997	0.74198276	0.7659944	0.78363997	0.79683137	0.7621125	0.6956488	0.6260029	0.5276396	0	0	0	
2	0	0	0	0	0.5004045	0.57510513	0.65026706	0.7304813	0.78913796	0.8191664	0.84210014	0.85747	0.87787074	0.8752338	0.8499686	0.807351	0.7568391	0.6786899	0.6141366	0.5248157	0	0	0	0	
2	0	0	0	0	0	0	0	0	0.5049454	0.52644306	0.57060474	0.5926252	0.5941001	0.58487535	0.5663795	0.54145724	0.5022704	0	0	0	0	0	0	0	
2	0	0	0	0.6061328	0.7034185	0.80810153	0.9007713	0.99112797	1.0263838	1.0727779	1.1354134	1.1378539	1.098465	1.0389907	0.94031566	0.8418246	0.7326627	0.63184565	0.54131335	0	0	0	0	0	
2	0	0	0	0.5900535	0.6779955	0.72108793	0.89524615	0.9941943	1.0846865	1.1369091	1.1707886	1.1934065	1.1987623	1.198133	1.1937081	1.1626916	1.1172917	1.0284951	0.94538105	0.8568951	0.73047125	0.6128156	0	0	
2	0	0	0	0	0.5744037	0.69565296	0.8261184	0.90387404	0.99725205	1.0695485	1.0973169	1.0948567	1.0923357	1.0626223	1.0017915	0.99625427	1.0132877	0.97447497	0.9420608	0.81880194	0.72217226	0.5932471	0	0	
2	0	0	0	0	0.5350381	0.64143664	0.70967716	0.74752367	0.7950854	0.8827585	0.9378628	0.96959275	1.0075282	0.9974309	0.9879502	0.9341709	0.8632474	0.78886735	0.7461278	0.6434991	0.5624017	0	0	0	
2	0	0	0	0	0	0.5462574	0.6063764	0.6660124	0.7864855	0.8799983	0.94191915	0.9686371	0.96289784	0.93008643	0.8856136	0.8409289	0.7717479	0.7116376	0.6353949	0.5340406	0	0	0	0	
2	0	0	0	0	0.60992795	0.71106434	0.8298841	0.92092043	0.9754134	0.98709536	0.99558514	1.0070634	0.98139644	0.9454707	0.9314465	0.92759365	0.90953934	0.8786417	0.8366377	0.726551	0.63554204	0.52022815	0	0	
2	0	0	0	0	0.57021195	0.69685376	0.74483174	0.8160687	0.9545989	0.98088604	0.97186565	0.98126554	1.006427	1.0391264	1.0251435	1.0153348	0.9741254	0.93054825	0.86291045	0.7385484	0.6422831	0.51499575	0	0	
2	0	0	0	0	0	0.58616936	0.668478	0.7291506	0.7647519	0.7969113	0.83911806	0.8931189	0.9197076	0.89436984	0.70292073	0.8567996	0.83608824	0.81196415	0.7545529	0.676529	0.58409643	0	0	0	
2	0	0	0	0	0	0	0.5977584	0.6829781	0.7355591	0.74756455	0.72677857	0.685136	0.6753365	0.69566286	0.70011055	0.68130535	0.63252884	0.57467586	0.5430993	0.504586	0	0	0	0	
2	0	0	0	0	0	0	0	0	0	0	0.5248212	0.5545207	0.56247413	0.5552103	0.5199387	0	0	0	0	0	0	0	0	0	
2	0	0	0	0	0.5552795	0.655433	0.7335578	0.80542284	0.86835694	0.9046379	0.916321	0.89398026	0.83906615	0.7721434	0.70084697	0.6282513	0.55001014	0	0	0	0	0	0	0	
2	0	0	0	0.5612573	0.5896857	0.6360235	0.7974401	0.943219	1.0574023	1.1259689	1.1568644	1.1700504	1.1808457	1.1791805	1.1616112	1.1373013	1.0960767	1.0542467	0.96514845	0.8983353	0.76762253	0.6063978	0	0	
2	0	0	0	0	0.5191421	0.6313887	0.7233719	0.7901421	0.88546395	0.9823696	1.0317881	1.0270611	1.0346111	1.0470886	1.0103356	0.97813296	0.92960864	0.8942886	0.8357708	0.7513563	0.6305875	0.5276838	0	0	
2	0	0	0	0	0	0	0.570489	0.6245516	0.68738616	0.73097897	0.7514618	0.74204785	0.71355313	0.71411383	0.77025324	0.7685091	0.7516393	0.7273021	0.6723462	0.58745533	0.51119006	0	0	0	
2	0	0	0	0	0	0	0.51311976	0.5864756	0.63537675	0.66007036	0.68020207	0.7063348	0.7176429	0.6900419	0.6561731	0.594171	0.53633463	0	0	0	0	0	0	0	
2	0	0	0	0	0	0	0	0	0.50646645	0.5520951	0.5798692	0.5808391	0.56632173	0.53095096	0	0	0	0	0	0	0	0	0	0	
2	0	0	0	0	0.5033585	0.6051841	0.7230693	0.8310459	0.90001374	0.9344265	0.9968828	1.0331886	1.0479611	1.0520543	1.0185653	1.0004649	0.9496765	0.8714956	0.8211366	0.7414448	0.62484986	0	0	0	
2	0	0	0	0	0.6141814	0.7499544	0.8613037	0.9307673	0.97642577	1.0145282	1.0897121	1.1569184	1.164147	1.147377	1.0833547	1.0171336	0.94390464	0.88045734	0.8135415	0.7140804	0.63181037	0.5043765	0	0	
2	0	0	0	0.5359776	0.6408961	0.72542226	0.8709623	0.9921686	1.0803251	1.1342787	1.1653169	1.1576157	1.1382446	1.097635	1.0534317	0.99157184	0.94781655	0.8523957	0.7663821	0.6724664	0.5832169	0	0	0	
2	0	0	0	0	0	0.57099336	0.67065424	0.7392206	0.77875245	0.7860152	0.7699343	0.7518589	0.72230566	0.68938047	0.6737936	0.66662985	0.63467675	0.5800693	0.5193159	0	0	0	0	0	
2	0	0	0	0	0	0	0	0	0	0	0	0	0	0	0.529024	0.5603046	0.572358	0.54150575	0.524594	0	0	0	0	0	
2	0	0	0	0	0	0.55935186	0.62427586	0.63665783	0.6567569	0.6743025	0.6973967	0.7547919	0.8109746	0.8313562	0.87042385	0.9794744	1.052994	1.1122364	1.1866274	1.1217227	1.0900027	0.9943314	0.9227687	0.80390674	
2	0	0	0	0	0.5160391	0.5994464	0.6873041	0.7870557	0.8275219	0.82571566	0.86165535	0.9297918	0.96090704	0.9573368	0.9664975	0.96099263	0.9319707	0.872868	0.85173184	0.7749554	0.65237695	0.55819833	0	0	
2	0	0	0	0	0	0.52368706	0.6112394	0.6996032	0.79462385	0.8656802	0.9056986	0.91917044	0.913132	0.8978506	0.87108225	0.8165668	0.76483476	0.71776044	0.62900835	0.5561039	0	0	0	0	
2	0	0	0	0	0	0	0.5160153	0.5880975	0.656939	0.6906929	0.7005132	0.7141431	0.7462713	0.74576384	0.7290598	0.6844146	0.63204664	0.5712725	0.5057694	0	0	0	0	0	
2	0	0	0	0	0	0	0	0	0.52379346	0.52635723	0.54426295	0.5500416	0.54394144	0.5618456	0.5720967	0.55838734	0.5268151	0	0	0	0	0	0	0	
2	0	0	0	0	0.5396589	0.6101174	0.65449876	0.69424784	0.72490764	0.7907086	0.8294635	0.83427656	0.8033135	0.7455545	0.67533165	0.6030432	0.54887885	0	0	0	0	0	0	0	
2	0	0	0	0	0.5182426	0.61690325	0.7104172	0.79901814	0.8790578	0.935602	0.9708343	0.9774044	0.95499563	0.8940333	0.81169915	0.7293326	0.6546648	0.5733629	0	0	0	0	0	0	
2	0	0	0	0	0	0.51602244	0.53742915	0.5874041	0.6268046	0.6385565	0.65898657	0.65273035	0.62628293	0.58906764	0.55599254	0.5099486	0	0	0	0	0	0	0	0	
2	0	0	0	0	0	0	0	0	0	0	0.5126104	0.5129238	0.507418	0	0	0	0	0	0	0	0	0	0	0	
2	0	0	0	0.5427651	0.64646125	0.78502625	0.87916934	0.9391665	0.9823936	1.0113314	1.0770271	1.1044878	1.086455	1.0198283	0.9455296	0.9362035	0.9171303	0.842191	0.77075136	0.6788592	0.58236504	0	0	0	
2	0	0	0	0	0.5574437	0.6570451	0.74080807	0.8659585	0.9371458	0.96121895	0.9528741	0.93335515	0.9664444	1.0177969	1.0316992	1.0173014	0.96024746	0.91435033	0.8132484	0.7260408	0.61774313	0	0	0	
2	0	0	0	0	0	0	0.5509807	0.62552565	0.6980612	0.7611174	0.81368655	0.8510474	0.86125374	0.8757567	0.89544994	0.8668134	0.8052228	0.75032717	0.6679002	0.6206994	0.5193339	0	0	0	
2	0	0	0	0	0	0	0	0.5260177	0.56463104	0.59420055	0.62581116	0.6574276	0.6774585	0.6825687	0.6922003	0.6770003	0.6604452	0.6148741	0.55725265	0	0	0	0	0	
2	0	0	0	0	0	0.5119883	0.56050044	0.6168585	0.6528575	0.664271	0.6764409	0.67613506	0.65669984	0.61304367	0.57271594	0.52709097	0	0	0	0	0	0	0	0	
2	0	0	0	0.6284924	0.7536385	0.83704436	0.9020736	1.0094388	1.1268084	1.1724838	1.1628157	1.1644917	1.1531934	1.1150435	1.0258983	0.97289085	0.9214993	0.8913838	0.81112456	0.6932701	0.6092396	0.5024382	0	0	
2	0	0	0	0.52689445	0.64381546	0.7228882	0.76508987	0.7856293	0.8074071	0.86775553	0.91614574	0.9387358	0.9556737	1.0315899	1.0097187	0.9637386	0.93583727	0.88229895	0.8623388	0.7863761	0.6590477	0.55765957	0	0	
2	0	0	0	0	0	0.5215303	0.59862167	0.6414627	0.70021594	0.7375123	0.72351533	0.6931176	0.64909005	0.6105064	0.6099578	0.6058793	0.5867258	0.55471915	0.526977	0	0	0	0	0	
2	0	0	0	0.53131247	0.6884694	0.8274577	0.8890922	0.932897	0.9921863	0.984852	0.9294147	0.87501687	0.8660083	0.8574609	0.8463412	0.81232727	0.7784621	0.7382051	0.66697586	0.605893	0.5434421	0	0	0	
2	0	0	0	0.61566114	0.75762594	0.8504986	0.96046907	1.043912	1.0752338	1.071474	1.1257695	1.2088602	1.2169942	1.1995432	1.1729925	1.1878033	1.1664702	1.165514	1.0832721	1.0258503	0.943269	0.80373335	0.60649014	0	
2	0	0	0	0.5480278	0.6553924	0.7490972	0.8205879	0.8747582	1.0286703	1.124621	1.1961848	1.2329621	1.2531159	1.2466639	1.236206	1.1991367	1.1591246	1.1352288	1.0649909	1.001721	0.88614804	0.76281095	0.5975575	0	
2	0	0	0	0	0.55503666	0.64517355	0.7237914	0.81597495	0.9193528	0.9714923	1.0250372	1.0854653	1.1197488	1.1296535	1.1217786	1.0585551	1.0165042	0.97791016	0.8780339	0.69697005	0.64586437	0.5256109	0.5008996	0	
2	0	0	0	0	0	0	0.52027076	0.59883934	0.67363626	0.72433126	0.753213	0.7486387	0.76757187	0.75895506	0.7529132	0.75994736	0.7560819	0.71539605	0.6720472	0.5993574	0.5134941	0	0	0	
2	0	0	0	0.62095547	0.7180878	0.86896324	0.9653634	0.98562366	1.0386134	1.0783117	1.1455147	1.2246614	1.2688204	1.260523	1.242197	1.2136098	1.2046566	1.1803724	1.0752956	1.0040246	0.9107814	0.7748655	0.5848254	0	
2	0	0	0	0.5003026	0.5874334	0.68895775	0.7394126	0.9294193	0.968684	1.018014	1.1155903	1.1787463	1.1880794	1.1580098	1.1510557	1.1479393	1.156365	1.1456261	1.1480545	1.0809263	0.99924684	0.93724763	0.78433543	0.5491157	
2	0	0	0	0	0.5167618	0.65362775	0.7679503	0.8449656	0.94395673	1.0018377	1.0445566	1.0887681	1.1104563	1.086623	1.0544719	0.9440674	1.0070302	1.0219312	1.0781627	1.0169617	0.9214035	0.7654492	0.640198	0	
2	0	0	0	0	0	0.5171558	0.6116064	0.7107674	0.77925044	0.79070747	0.77989155	0.760763	0.78443384	0.7881127	0.7794311	0.77364725	0.79807764	0.7780798	0.8263639	0.7829572	0.6773907	0.58940405	0	0	
2	0	0	0	0.5111901	0.66013676	0.8073752	0.9187883	0.9827401	1.0073829	1.0044181	0.9872163	0.9512819	0.9023126	0.84420615	0.7959675	0.74940526	0.7666253	0.7433817	0.6959715	0.6341939	0.540205	0	0	0	
2	0	0	0	0.6117453	0.71928924	0.78453976	0.87438786	0.9789277	1.0347241	1.1129421	1.190861	1.2219626	1.2328987	1.2081202	1.174752	1.1016557	1.0578598	0.9987684	0.88471043	0.8065868	0.6868999	0.56529975	0	0	
2	0	0	0	0.5421731	0.67224324	0.7869514	0.86510676	0.9330518	0.98376733	0.9968622	1.0883996	1.1272548	1.1184947	1.0928006	1.0351939	1.0017241	0.9738663	0.888961	0.8107691	0.6869852	0.58537686	0	0	0	
2	0	0	0	0	0	0.5159035	0.6291653	0.7132286	0.7616585	0.77700764	0.79952556	0.79945827	0.7787649	0.7763463	0.763143	0.71356016	0.73487794	0.75570476	0.7160106	0.6226455	0.561173	0	0	0	
2	0	0	0	0	0	0	0.50697416	0.51622903	0.60577506	0.68935364	0.754489	0.7888802	0.79387945	0.5931264	0.57522875	0.55704325	0.5403539	0.60081625	0.52861536	0	0	0	0	0	
2	0	0	0	0	0	0	0	0	0	0	0	0	0.5003291	0.51599693	0.511036	0.50552315	0	0	0	0	0	0	0	0	
2	0	0	0	0.507136	0.6230337	0.73557395	0.8044642	0.86154217	0.9127978	0.89058393	0.86876863	0.91146374	0.90672815	0.89261365	0.83252263	0.7740977	0.6859661	0.60565335	0.5341561	0	0	0	0	0	
2	0	0	0	0.55770266	0.6200388	0.7472203	0.8319348	0.9119452	0.97873926	1.0454258	1.0851465	1.0970719	1.0784037	1.0873821	1.0910614	1.0630761	1.0323079	0.95075035	0.8883816	0.7755387	0.6615148	0.54645956	0	0	
2	0	0	0	0	0.64402324	0.77604735	0.85914224	0.8839274	0.9306311	1.0529114	1.1191362	1.1579019	1.1717902	1.168403	1.1523232	1.1039644	1.0160819	0.94101316	0.8321131	0.7215568	0.6334045	0.5386689	0	0	
2	0	0	0	0	0.50014657	0.6578294	0.7950315	0.88908786	0.94320565	0.9487543	0.91898644	0.862451	0.8279161	0.7835913	0.7805	0.7603739	0.74245095	0.68200606	0.64995646	0.5710737	0.50699645	0	0	0	
2	0	0	0	0	0	0	0	0	0.51901597	0.5657456	0.59532523	0.60432726	0.6108222	0.6130208	0.598747	0.58983856	0.5724971	0.54299647	0.5100373	0	0	0	0	0	
2	0	0	0.50122774	0.68076676	0.8016009	0.84438187	0.9051535	1.0335014	1.1123747	1.1605341	1.1770581	1.1513742	1.1316496	1.1809572	1.2053868	1.1843671	1.1533983	1.089788	0.96873176	0.8930791	0.81681806	0.7032728	0.5602376	0	
2	0	0	0	0.6252537	0.74906605	0.83621705	0.895637	0.95627975	1.034718	1.1295165	1.2065794	1.2759626	1.2946894	1.2727431	1.2387815	1.1949849	1.2227663	1.2043513	1.2003102	1.1293437	0.994656	0.8495331	0.751486	0.59326005	
2	0	0	0	0.5485247	0.6504889	0.8239083	0.9405599	0.9847414	1.0482355	1.0947556	1.1632705	1.1930507	1.2343487	1.2195309	1.2161707	1.1864372	1.1956865	1.1697819	1.0897238	1.0038916	0.9117856	0.79295784	0.6254277	0	
2	0	0	0	0	0.54245734	0.65419126	0.7374313	0.8240358	0.90473175	0.93086666	0.92286247	0.90219593	0.93508935	0.9689781	0.9587338	0.9815585	1.029086	1.0226251	0.9576501	0.9223011	0.81865215	0.6639945	0.5539729	0	
2	0	0	0	0	0	0.56846195	0.65873057	0.7376961	0.78625715	0.8023783	0.78730917	0.7952583	0.83174354	0.853222	0.84708875	0.80914843	0.7835099	0.7288156	0.6725801	0.59096247	0.5088102	0	0	0	
2	0	0	0.5638627	0.74661714	0.8696586	0.9387669	0.99895585	1.1206977	1.2283691	1.2586603	1.246008	1.2598455	1.2877212	1.2896421	1.2675467	1.2387753	1.2129427	1.2260958	1.2085047	1.1036447	1.0893385	0.9679006	0.79720813	0.58903384	
2	0	0	0	0.6004626	0.7391961	0.82696784	0.90392566	1.0088717	1.0903052	1.2083774	1.2620509	1.2660594	1.2460188	1.2112839	1.2260052	1.2418152	1.2262982	1.1920877	1.182158	1.1866001	1.0950546	0.9465481	0.8134853	0.6133279	
2	0	0	0	0	0.58245975	0.71184206	0.78218615	0.82091576	0.89578474	0.9907655	1.071078	1.1052235	1.1092688	1.1011385	1.0799093	1.0717758	1.0926647	1.1493242	1.1252967	1.0358857	0.9829546	0.854576	0.6721587	0	
2	0	0	0	0	0	0.60241556	0.71130687	0.8240007	0.9034602	0.92711276	0.905462	0.9113351	0.9468381	0.98592865	0.9940071	0.9628975	0.97838455	1.0273204	1.0322636	0.9403608	0.90657383	0.7870975	0.588654	0	
2	0	0	0	0	0	0	0	0	0.55833864	0.6045364	0.6280966	0.61546266	0.64702773	0.6896452	0.7410075	0.7712929	0.7833679	0.78410286	0.75145054	0.76196986	0.6762242	0.547306	0	0	
2	0	0	0	0.5654662	0.67753863	0.78686494	0.91020715	1.0102613	1.0478593	1.0469557	1.067126	1.1180904	1.127609	1.1035913	1.0875838	1.0856336	1.0626534	1.0434858	0.97232306	0.9570491	0.8675486	0.71025157	0.5775116	0	
2	0	0	0	0.5746181	0.68285865	0.7430433	0.82612836	0.9276439	0.9865001	1.0380723	1.1474471	1.1933014	1.1992185	1.1659535	1.1035836	1.0538036	1.0331975	0.9963235	0.9206881	0.80090964	0.7171003	0.6302569	0	0	
2	0	0	0	0	0.61023617	0.73910576	0.8298978	0.8734275	0.9385114	1.0301557	1.1194541	1.1674128	1.1773217	1.1419696	1.0819395	1.0560838	1.0320772	0.94714135	0.90046084	0.8238218	0.69707966	0.5991732	0	0	
2	0	0	0	0	0	0.6044008	0.72917277	0.82509476	0.89028674	0.9220052	0.9214141	0.9558569	1.0031404	1.0418535	1.0504737	1.0147815	0.99133193	0.9467927	0.85078466	0.7718954	0.6681767	0.53480655	0	0	
2	0	0	0	0	0	0	0	0.5221018	0.5749299	0.616382	0.6370771	0.6171126	0.59912103	0.60837406	0.58894855	0.5617908	0.5052838	0	0	0	0	0	0	0	
2	0	0	0	0.53790665	0.7134819	0.8409526	0.903119	0.9675204	1.0270269	1.1178852	1.1831579	1.213093	1.1898277	1.1445665	1.0720334	0.998194	0.9233979	0.85449743	0.7501069	0.65626913	0.55573034	0	0	0	
2	0	0	0	0	0	0.57963413	0.68883854	0.79948777	0.9027272	0.96755147	1.0027777	1.0202888	1.0028394	0.9415725	0.9097787	0.87090594	0.8191789	0.74679667	0.6947506	0.6096682	0.51737523	0	0	0	
2	0	0	0	0	0.5074472	0.60252094	0.6946261	0.7556692	0.83192086	0.8893245	0.9082925	0.90149	0.8792963	0.8280024	0.762419	0.7366822	0.7158204	0.6581977	0.6673441	0.6027208	0.5276782	0	0	0	
2	0	0	0	0	0	0.6031189	0.7006181	0.759272	0.7799175	0.80689025	0.8696532	0.94079924	0.96737415	0.9722457	0.93546134	0.8687236	0.7952832	0.7028488	0.59681255	0.5079646	0	0	0	0	
2	0	0	0	0	0	0	0	0	0.54792315	0.58528847	0.5947678	0.58148617	0.5748363	0.58339554	0.5595331	0.526656	0	0	0	0	0	0	0	0	
2	0	0	0.5434973	0.70233697	0.8125718	0.8754434	1.0102575	1.1260287	1.1802287	1.2277569	1.2666717	1.2686452	1.2429746	1.2008669	1.1599122	1.1021123	1.0245345	0.9618588	0.8641218	0.7924528	0.6806068	0.59145164	0	0	
2	0	0	0	0.63074803	0.7567724	0.84639245	0.9722489	1.0360972	1.1356124	1.1903487	1.2028381	1.1917806	1.2450022	1.2660939	1.2619599	1.2332829	1.2099506	1.1471527	1.0521213	1.0037214	0.9094987	0.76034683	0.6208245	0	
2	0	0	0	0	0.5764766	0.70098037	0.8358726	0.96234554	1.0577335	1.1304446	1.1842247	1.2085329	0.9326846	0.9581563	0.9672008	0.98375916	0.9793977	0.981916	0.9470855	0.88861746	0.77180624	0.6521945	0.5147709	0	
2	0	0	0	0	0	0.576669	0.6446117	0.68829805	0.74126834	0.7930445	0.8113338	0.8053098	0.86355495	0.91762716	0.9187685	0.9080729	0.8643651	0.8170768	0.77288395	0.7219748	0.6104604	0.5071243	0	0	
2	0	0	0	0	0	0	0	0	0.5159972	0.5520029	0.61475503	0.64309746	0.6518288	0.6252225	0.6082454	0.6061574	0.6233445	0.61070067	0.55822706	0.50892454	0	0	0	0	
2	0	0	0	0.50088817	0.5697622	0.6035859	0.68737364	0.7719324	0.8242132	0.85172164	0.8399387	0.8429237	0.87707067	0.9098797	0.9522418	0.9472079	0.94582313	0.890017	0.833724	0.76203346	0.6628768	0.52360356	0	0	
2	0	0	0	0	0.57908106	0.681723	0.7327032	0.7731168	0.8424066	0.89047915	0.92620754	0.95652485	0.97870827	0.9851466	1.0225279	1.0371449	1.0481273	0.98639435	0.9307865	0.82825285	0.698162	0.59242976	0	0	
2	0	0	0	0	0.5048734	0.5849907	0.60135436	0.6861854	0.76166135	0.8200387	0.84335524	0.8562571	0.84403443	0.8236271	0.79686683	0.75384027	0.72503954	0.6787624	0.61749357	0.54967844	0	0	0	0	
2	0	0	0	0	0	0	0.5345423	0.5468363	0.607832	0.64555925	0.71800464	0.7662413	0.7846989	0.79999024	0.79739195	0.7613835	0.76433986	0.72429377	0.6950596	0.5983318	0.5173802	0	0	0	
2	0	0	0	0.5395648	0.68427235	0.7794366	0.8594653	0.91943145	0.91107965	0.85594565	0.9020956	0.9256732	0.9337211	0.92324215	0.89496195	0.8306898	0.7607794	0.6670973	0.56428355	0	0	0	0	0	
2	0	0	0	0.5389277	0.62711126	0.7586202	0.8554749	0.9131682	0.9617829	1.0413125	1.0674188	1.0571591	1.035411	1.0303427	0.9774261	0.9469904	0.8947896	0.8582392	0.78924537	0.72665644	0.60779345	0.5129101	0	0	
2	0	0	0	0	0.5370479	0.6137507	0.7106951	0.8193271	0.887555	0.93485695	0.98102194	1.0358304	1.0503234	1.0478258	1.0588509	1.0635002	1.0206819	0.985679	0.88850737	0.7646556	0.6771681	0.56482184	0	0	
2	0	0	0	0	0	0.5600696	0.64925814	0.7149182	0.7661492	0.7991259	0.8123168	0.8057172	0.80489165	0.8043322	0.7915297	0.76297444	0.7276695	0.6705711	0.66669124	0.60193694	0.51340127	0	0	0	
2	0	0	0	0.5773016	0.727728	0.8461971	0.89893705	0.92238873	0.94214916	0.96925205	1.0279815	1.0579109	1.0578574	1.0481877	1.0218881	0.99776065	0.93157357	0.8858889	0.8174661	0.72301435	0.61508113	0.5481741	0	0	
2	0	0	0	0.5918082	0.6925337	0.8658718	0.9518601	0.98131686	1.0518938	1.0800118	1.1285591	1.1867014	1.2184608	1.2151228	1.195161	1.1374782	1.1023587	1.0511672	0.97099566	0.9187744	0.8522545	0.7651692	0.6127249	0	
2	0	0	0	0.54488695	0.6426414	0.78087556	0.91098315	0.9568503	1.0151759	1.0707468	1.0945575	1.0853664	1.0897977	1.1218643	1.1478981	1.1095572	1.1283699	1.1155598	1.0168152	0.93580276	0.84335434	0.7716218	0.6222755	0	
2	0	0	0	0	0.5346138	0.64105606	0.76723754	0.85769063	0.90834343	0.9379183	0.9328054	0.9629365	1.0009611	1.0140957	0.9931939	0.95084405	0.97595274	1.0176021	1.0700965	1.1286507	1.130309	1.1993866	1.0174173	1.0761265	
2	0	0	0	0	0.5280523	0.6689022	0.78290033	0.8594809	0.89209974	0.9206031	1.0190452	1.0714967	1.087185	1.0735557	1.05045	1.0175025	0.9841456	0.83287	0.7541059	0.59237784	0.524696	0	0	0	
2	0	0	0	0	0	0.5261493	0.6122397	0.6920816	0.7649082	0.8475028	0.91079783	0.92276645	0.91308194	0.8896893	0.8987621	0.8948566	0.85727376	0.8531386	0.79426205	0.72528577	0.62327915	0.5118628	0	0	
2	0	0	0	0.62852013	0.69391024	0.73167104	0.8189603	0.8904779	0.9377412	0.9803238	1.0608699	1.158259	1.2029291	1.2255169	1.2398409	1.2167808	1.2061777	1.1821147	1.098763	0.99898005	0.93767995	0.8304948	0.65922505	0	
2	0	0	0	0	0.50079876	0.6110284	0.6967292	0.7610521	0.8399702	0.89970726	0.9620122	0.9954408	0.97799814	0.9804526	1.0021228	0.9760932	0.9491702	0.89468664	0.8210344	0.74079597	0.64745563	0.55077654	0	0	
2	0	0	0	0	0	0	0	0.5394584	0.5975813	0.6422699	0.6723616	0.69931495	0.7017301	0.68312544	0.70355135	0.7121423	0.7391548	0.72786796	0.6853614	0.630462	0.56933933	0.5063514	0	0	
2	0	0	0	0	0	0	0	0	0.51892906	0.5675042	0.5978692	0.6219279	0.63045406	0.61587214	0.5890014	0.56371564	0.53178483	0.52757853	0.51580745	0	0	0	0	0	
2	0	0	0	0.61699754	0.73861486	0.8017446	0.8664363	0.96292305	1.0394725	1.0513817	1.0676881	1.1306572	1.1558346	1.1385208	1.0914907	1.0163834	0.9391304	0.8372102	0.7172548	0.62034035	0.55548227	0	0	0	
2	0	0	0	0.53654826	0.6459959	0.7869989	0.8803025	0.93306684	1.0103129	1.0708483	1.1242547	1.1715987	1.1794621	1.1683012	1.1421047	1.1494541	1.1007254	1.0414495	0.96323913	0.83627635	0.7618327	0.64523435	0	0	
2	0	0	0	0	0.578707	0.6686532	0.7359835	0.8406434	0.94913816	1.0231429	1.0669773	1.0754684	1.1060739	1.1395183	1.1309154	1.1389726	1.1173697	1.069994	1.0377276	0.9825414	0.9491934	0.85421497	0.71467835	0	
2	0	0	0	0	0.54430073	0.67263037	0.7861612	0.8629074	0.9053933	0.9503218	0.9777084	0.9755125	0.9493583	0.96206367	0.92847854	0.8771394	0.8187334	0.7428029	0.6446122	0.64381087	0.7614503	0.8702706	0.8912289	0.60177666	
2	0	0	0	0	0.5113852	0.5972877	0.6475214	0.6947451	0.7725052	0.8044371	0.79542375	0.801748	0.78106314	0.8312831	0.8301858	0.811127	0.78813934	0.7350023	0.6556776	0.59972155	0.5352071	0	0	0	
2	0	0	0	0	0.5109631	0.62392205	0.7013623	0.7465374	0.7663956	0.7594431	0.7567785	0.7658853	0.76638514	0.75162226	0.72362524	0.6769485	0.6458902	0.60893023	0.5481837	0	0	0	0	0	
2	0	0	0	0	0.5308567	0.6224841	0.69838417	0.82214713	0.8980483	0.9323419	0.9149204	0.85976714	0.7923068	0.723491	0.6823276	0.6542028	0.63187456	0.57938695	0.54041016	0	0	0	0	0	
2	0	0	0	0	0	0	0.53263605	0.5712792	0.5902435	0.6635667	0.7156889	0.7454493	0.72780186	0.7156841	0.6723957	0.62841153	0.59639996	0.5390398	0	0	0	0	0	0	
2	0	0	0	0	0	0	0	0.5559916	0.60950106	0.63356066	0.6486568	0.6442287	0.6288064	0.5923153	0.55282766	0.5113357	0	0	0	0	0	0	0	0	
2	0	0	0	0.63689387	0.76468277	0.90443933	1.0167506	1.0884122	1.1242594	1.1239189	1.0827594	1.0080638	0.9540589	0.8815297	0.7890956	0.7430067	0.7415125	0.7154307	0.67018396	0.6773048	0.63177335	0.57308495	0.63119906	0.6003001	
2	0	0	0	0.60070103	0.7437323	0.9101241	0.99763155	1.0337152	1.1394037	1.1742536	1.1837168	1.1742327	1.1871531	1.1953931	1.2015803	1.2046459	1.2362375	1.1907936	1.0977206	1.0372753	0.9378169	0.7941908	0.64341617	0	
2	0	0	0	0	0.51373786	0.6268753	0.70473915	0.80166477	0.84932524	0.90636367	0.9238982	0.95672196	0.9932966	1.0413479	1.044269	1.0528907	1.0190172	1.0012245	0.95428044	0.8717983	0.78363407	0.6293072	0	0	
2	0	0	0.5514116	0.7152463	0.80935496	0.8910342	0.9292921	0.9593522	1.0197668	1.0586631	1.0905559	1.1271732	1.1321311	1.090128	1.0337951	0.986131	0.9050476	0.80475223	0.7343614	0.670908	0.5692403	0	0	0	
2	0	0	0	0.50075054	0.63625413	0.747612	0.8149126	0.8892082	0.957477	1.0620619	1.1165601	1.1113814	1.0972095	1.0608504	1.0131776	0.9768017	0.93874973	0.89613414	0.87022406	0.78014976	0.70240235	0.58302236	0	0	
2	0	0	0	0	0	0.5301776	0.55461895	0.6996378	0.8199878	0.8971523	0.93325365	0.9293968	0.91502875	0.87882775	0.84694093	0.79100364	0.73793656	0.66272354	0.5789257	0	0	0	0	0	
2	0	0	0	0.62110597	0.72860295	0.8697536	0.9750535	1.0884776	1.1759745	1.2269448	1.2279211	1.1920072	1.1325362	1.0651186	1.0128495	0.97602636	0.90858835	0.882416	0.8273633	0.74814254	0.7161856	0.6448221	0.5214704	0	
2	0	0	0	0.5587279	0.71897376	0.86160326	0.9368156	0.99802804	1.0954857	1.1594074	1.1909921	1.1818362	1.1361394	1.1488087	1.1545317	1.1413057	1.0732727	1.0219165	0.9371698	0.831782	0.6950786	0.6138226	0	0	
2	0	0	0	0.51993173	0.6332022	0.75142694	0.8280165	0.85035706	0.82405996	0.8440664	0.92441684	0.9838773	1.0361114	1.0588756	1.0804192	1.076425	1.069555	1.0105149	0.9491888	0.8706329	0.74024177	0.5893235	0	0	
2	0	0	0	0	0	0	0.56725687	0.6273969	0.675765	0.68546623	0.67389345	0.6287233	0.63049805	0.6188722	0.5949733	0.56925654	0.5569152	0.5599462	0.54143184	0	0	0	0	0	
2	0	0	0	0.63286406	0.7804229	0.92058575	0.99875927	1.0788898	1.114586	1.150241	1.1823301	1.1902723	1.176688	1.1487818	1.1028411	1.0792192	1.0749211	1.05854	1.0209554	0.9333503	1.0040197	1.022413	0.9964618	1.1382383	
2	0	0	0	0.504178	0.5993792	0.7260142	0.83669305	0.9308866	0.9930493	1.0048324	1.0078615	1.0371767	1.0323095	1.0555935	1.0543901	1.0494233	1.0633605	1.032343	1.0194373	0.95722735	0.81502086	0.6994678	0.5570632	0	
2	0	0	0	0	0	0	0	0	0.60130495	0.65985066	0	0	0	0.653426	0.639919	0.5957277	0.55572724	0	0	0	0	0	0	0	
2	0	0	0	0.6582663	0.8307198	0.9358725	0.96125937	1.0356151	1.1401124	1.1858635	1.197075	1.1800004	1.1369694	1.0782064	1.0155281	0.9472592	0.8617026	0.786107	0.69965094	0.63174504	0.55361795	0	0	0	
2	0	0	0	0.51763815	0.65064746	0.7454282	0.80499625	0.8464501	0.9554018	1.0300769	1.0636722	1.1070826	1.1254638	1.1338917	1.1230767	1.1277441	1.0955396	0.9990521	0.92956984	0.8609033	0.78811467	0.659052	0.52280176	0	
2	0	0	0	0.59569806	0.65515727	0.82622874	0.967869	1.0388439	1.060603	1.0607352	1.0326319	1.0553887	1.0567935	1.0368435	1.0129334	0.9813194	0.93538165	0.89505714	0.81022793	0.7223825	0.6382052	0.56606925	0	0	
2	0	0	0	0.6082177	0.69372517	0.81671107	0.940425	1.0859538	1.161843	1.178639	1.2327994	1.2632351	1.259097	1.2348057	1.2279462	1.2448937	1.2192063	1.172495	1.1828438	1.1259791	0.9651833	0.86691815	0.76127166	0.57574403	
2	0	0	0	0.5294789	0.64677227	0.7334076	0.7747402	0.807172	0.9158493	0.95984846	1.0276325	1.1426755	1.2102343	1.2327775	1.2370888	1.186552	1.1477456	1.1047903	1.0984153	1.0047215	0.90234965	0.78733945	0.6310227	0	
2	0	0	0	0.6124804	0.74273384	0.84044856	0.99212795	1.0799545	1.1190251	1.1137798	1.088419	1.156139	1.1904508	1.2075858	1.1931901	1.1651934	1.0882767	1.0491906	0.9815877	0.85758746	0.7703421	0.6434942	0	0	
2	0	0	0	0.606559	0.70330167	0.8216697	0.9428896	1.0410433	1.0974128	1.1766949	1.2239821	1.2413901	1.2392349	1.2108996	1.1601689	1.1407787	1.1130494	1.122397	1.0516989	0.9283679	0.84017235	0.71546817	0.5448809	0	
2	0	0	0	0.60234565	0.71665204	0.8575679	0.91787523	1.0034472	1.0401351	1.1100655	1.1491265	1.1566033	1.163558	1.1449677	1.1122234	1.049453	1.019343	0.96293986	0.9543286	0.85172176	0.77145666	0.6486525	0.51633835	0	
2	0	0	0	0	0.6334988	0.7712984	0.86209786	0.92567015	0.95089155	1.0083941	1.0521709	1.0388443	1.0697813	1.087169	1.1036013	1.1001365	1.053342	1.0257975	1.0224108	0.9357988	0.8194419	0.7096139	0.5478566	0	
2	0	0	0	0.5834322	0.6950129	0.7681969	0.91917056	1.0149379	1.0488822	1.064869	1.0596192	1.0993863	1.1191301	1.131289	1.1550473	1.1410973	1.1470228	1.1054986	1.0722488	1.0114342	0.8722873	0.7101945	0.59711635	0	
2	0	0	0.5542524	0.6370194	0.8084846	0.9652263	1.0397252	1.0945013	1.1334755	1.1723286	1.2228578	1.2668307	1.2621961	1.2418997	1.2156231	1.1515099	1.1229894	1.067497	0.9660851	0.9080216	0.8698805	0.7429418	0.58240354	0	
2	0	0	0.52781636	0.63774014	0.7396924	0.8904288	0.97801846	1.0725583	1.1564442	1.1962062	1.2486887	1.2616756	1.2659762	1.2449226	1.2506493	1.2354692	1.219665	1.1676143	1.164853	1.1437838	1.0043788	1.002889	0.8965876	0.63664496	
2	0	0	0	0.58470225	0.73418534	0.82754844	0.9149454	1.0164582	1.1103923	1.1444712	1.1843431	1.255787	1.2735951	1.2553889	1.2293868	1.1616851	1.1287528	1.07872	1.0367078	0.99261457	0.8916105	0.7808524	0.68933743	0.6309006	
2	0	0	0	0.5443306	0.655357	0.73887306	0.84779435	0.94667745	1.0224435	1.0665303	1.0740716	1.1267651	1.1455458	1.1545078	1.1554044	1.1351914	1.1587981	1.1631318	1.1236333	1.0101213	0.9800499	0.8796861	0.71658236	0	
2	0	0	0	0.63128436	0.7691979	0.901319	1.0144591	1.0754961	1.1069579	1.1415175	1.20164	1.2362703	1.2459402	1.2313254	1.1809148	1.1343246	1.0728338	1.0869448	1.0211359	0.9391523	0.8286996	0.6827349	0.52798647	0	
2	0	0	0	0.5898183	0.74631894	0.8661468	0.962826	1.0220556	1.1083559	1.1834407	1.2345581	1.256026	1.2476248	1.2228558	1.1765147	1.1377698	1.1050538	1.1070395	1.0402464	0.92350113	0.81864667	0.6873513	0.51898074	0	
2	0	0	0	0	0.56027496	0.67812496	0.7730374	0.8948214	0.9867706	1.0895294	1.1463737	1.1721629	1.1715977	1.1373097	1.0988303	1.072199	1.0611508	1.0689197	1.0031534	0.9464425	0.8381408	0.6830421	0.5420048	0	
2	0	0	0	0	0	0.5142778	0.6209806	0.6964562	0.74736065	0.7765692	0.7997847	0.82208735	0.83751947	0.88604146	0.9649031	0.9951223	1.0046085	1.0004005	0.90833527	0.8317735	0.718491	0.5772089	0	0	
2	0	0	0	0	0	0.50751346	0.600513	0.6612096	0.68577814	0.69778436	0.68756914	0.6579044	0.6231586	0.58825934	0.59097517	0.6193555	0.63414115	0.62172574	0.5987056	0.52690905	0	0	0	0	
2	0	0	0	0	0	0	0	0	0.5034382	0.5139161	0.50712657	0	0	0	0	0	0	0	0	0	0	0	0	0	
