1	0.54448664	1.1255896	1.2523454	1.2302486	1.2013625	1.2093784	1.2217098	1.2019995	1.1633794	1.1219697	1.0745479	1.0234468	0.96340203	0.8942926	0.8235998	0.7552972	0.68643636	0.6098485	0.5307383	0	0	0	0	0	
1	0.5855409	1.1451225	1.2801763	1.3260798	1.3018367	1.2833196	1.2586098	1.2330095	1.211038	1.1867224	1.151995	1.1075153	1.0593102	0.99209815	0.9084564	0.8312891	0.7358696	0.63514507	0.53041977	0	0	0	0	0	
1	0	0.5394593	0.60257614	0.6328013	1.3066726	0.62542	1.2384158	0.60402644	0.5884448	0.56993765	0.5456743	0.512337	1.0734489	0.9982983	0.9269317	0	0.74810725	0	0	0	0	0	0	0	
1	0.60324556	1.1478364	1.2907917	1.3273022	0	1.2649118	0.7825139	1.2203017	1.1975596	1.185795	1.1608553	1.1161892	0.79826725	0.7520181	0.68840665	0.8384415	0.5701087	0.6664338	0.5737284	0	0	0	0	0	
1	0	0	0	0	1.2013772	0	1.0813677	0	0	0	0	0	0.66930354	0	0.6532687	0	0.61268234	0	0	0	0	0	0	0	
1	0.6115911	1.1002104	1.2949868	1.2679662	1.2606831	1.1914474	1.1692638	1.1387439	1.0805943	1.0300486	0.95830476	0.8547523	0.7828896	0.74386626	0.712888	0.6883335	0.6433235	0.6262173	0.58683807	0.5504124	0	0	0	0	
1	0	0	0	0	1.3179053	0	1.2507683	0	0	0	0	0	1.1201545	0	1.0034354	0	0.81405175	0	0	0	0	0	0	0	
1	0.629881	1.1393133	1.2775351	1.3121545	0.72927696	1.2740397	0.6610921	1.2348597	1.2247766	1.2104615	1.1893736	1.1567159	0.617254	1.0659482	0.555676	0.9144491	0.6963943	0.70778406	0.62702173	0.5842052	0.50810254	0	0	0	
1	0.6004989	1.1630284	1.2959076	1.3320754	1.3302171	1.2992179	1.2841595	1.2744814	1.2730813	1.2704271	1.2646028	1.2534974	1.2356285	1.2261473	1.1916876	1.1734209	1.1361524	1.0587531	0.9727329	0.8913826	0.7727694	0.6231148	0	0	
1	0	0	0	1.0038629	0	0.9827558	0	0	0	0.69218624	0.705454	0.6964327	0.6818075	0.64160013	0.5930426	0.7207753	0	0.6043646	0.52017695	0	0	0	0	0	
1	0.63746655	1.1437546	1.2982618	1.327103	1.3314888	1.294887	1.270156	1.2602372	1.2516164	1.2393079	1.2205213	1.1907468	1.1691118	1.1222308	1.081957	1.0127269	0.9195424	0.8359417	0.7189787	0.5879599	0	0	0	0	
1	0.51676357	0	0.9238902	0.9558217	1.1657948	1.1682006	1.1457893	1.1276014	1.1090986	1.0885675	1.0618383	1.0219289	0.77664983	0.73777336	0.67506146	0.62287635	0.58413345	0.6442325	0.5992354	0.5249118	0	0	0	0	
1	0.62141925	1.1324447	1.2272853	1.2981546	1.2761273	1.2338177	1.1971978	1.1473967	1.1074325	1.1024646	1.0674218	1.0035087	0.91186297	0.82327807	0.7585282	0.749096	0.6877314	0.6164224	0.5329121	0	0	0	0	0	
1	0	0	0	0.7306828	0.77592117	0.7455148	0	0.82837427	0.87749285	0.89393514	0.8809484	0.84048694	0.800512	0.77690035	0.75215334	0.73087364	0.6941775	0.6381805	0.60304654	0.55083287	0	0	0	0	
1	0.59110147	1.1155609	1.2964717	1.2993469	1.2741624	1.25871	1.2467569	1.22584	1.1979625	1.1670297	1.1290752	1.0779701	1.026776	0.9832424	0.9450126	0.8706582	0.7611417	0.6487562	0.5414814	0	0	0	0	0	
1	0	0.8843582	0.8866747	0.9191708	0.9189901	0.92120457	0.8947581	0.8855169	0.8761228	0.8573757	0.8256918	0.77998847	0.7336115	0.6841621	0.63805354	0.59110403	0.5449947	0	0	0	0	0	0	0	
1	0.6142475	1.1445923	1.3206642	1.3265744	1.3052176	1.2595364	1.2312949	1.207983	1.1800157	1.1440954	1.0958989	1.0414505	0.9776235	0.90683377	0.82121825	0.7492098	0.6913416	0.64957964	0.5830884	0	0	0	0	0	
1	0	0.54121745	0	0	0	0	0	0	0	0	0	0	0	0	0	0	0	0	0	0	0	0	0	0	
1	0.5067478	0.9978849	1.2489628	1.2137978	1.1319073	1.1000468	1.0988283	1.0912517	1.0878005	1.0677624	1.0311989	0.98559177	0.9372276	0.87366456	0.8108801	0.7383265	0.6665066	0.59180117	0.506962	0	0	0	0	0	
1	0.6258531	1.1427959	1.2947628	1.3288641	1.3296174	1.3028969	1.2834172	1.2753308	1.2666279	1.2595901	1.2475139	1.2371339	1.2242465	1.1914706	1.1748792	1.1325951	1.0684639	1.0250258	0.9399653	0.8171161	0.68484885	0.5906562	0	0	
1	0	0	0	1.0926561	1.1597136	1.1561437	1.0970253	0.7654549	0.55341464	0	0.8166118	0.800173	0.76235634	0.72003496	0.67759085	0.62796783	0.5998492	0.5893867	0.5484775	0	0	0	0	0	
1	0.56900257	1.1283807	1.2931868	1.3279666	1.3410546	1.3099086	1.2880435	1.2830349	1.274923	1.2677867	1.2602137	1.2499611	1.2276965	1.218344	1.1781478	1.162336	1.109168	1.0235884	0.96507585	0.86014736	0.7182797	0.60408276	0	0	
1	0	0	0	0.71536636	0.7676388	0.846818	0.8682287	0.9131392	0.9331111	0.9232854	0.8923743	0.84685886	0.7968787	0.7578265	0.7267341	0.6847794	0.6432896	0.59105486	0.5132956	0	0	0	0	0	
1	0	0	0	0	1.2382352	0	0	0	0	0	0	0	0	0	0.77382296	0	0	0	0	0	0	0	0	0	
1	0.5923174	1.1130409	1.2902452	1.3178428	1.2949319	1.2495636	1.2106925	1.1803056	1.1481243	1.1180885	1.0803645	1.027423	0.9532593	0.8689668	0	0.7013202	0.64388067	0.5733769	0.51583433	0	0	0	0	0	
1	0.620691	1.1119114	1.293937	1.3218931	1.3200045	1.305248	1.2761879	1.2561092	1.23692	1.219241	1.1952636	1.159305	1.1231238	1.0669755	1.0548848	1.0527534	0.9828953	0.91435575	0.8234745	0.71284205	0.59447825	0.5001723	0	0	
1	0	0	0.66194296	0	0.6601455	0	0.62161887	0	0.5033531	0.5365315	0.6245862	0.60564244	0.5744833	0.53892666	0	0	0	0	0	0	0	0	0	0	
1	0.6402812	1.1768168	1.3069017	1.3049111	1.2603341	1.2870106	1.291288	1.2668048	1.2374638	1.2221541	1.2632884	1.2763479	1.2653635	1.2481029	1.203851	1.1776477	1.1404107	1.0666153	0.9731115	0.8939344	0.7753445	0.622402	0	0	
1	0	0.9861222	1.2358392	1.2901239	1.2881615	1.263908	1.2347666	1.2198677	1.2004868	1.1835655	1.1698025	1.1406657	1.114006	1.0538242	0.99192953	0.9143029	0.81112224	0.7305466	0.6744572	0.5937226	0.5262617	0	0	0	
1	0	0	0.70961547	0.73511773	0.800175	0.88557637	0.9105997	0.8859731	0.8235137	0.7454865	0.6573293	0.5730709	0.5009632	0	0	0	0	0	0	0	0	0	0	0	
1	0	1.0309812	0.9907577	1.13275	1.1313055	1.0754691	1.0193986	0.9538703	0.8835526	0.8271446	0.79771096	0.7574395	0.7193947	0.6766828	0.63938653	0.599273	0.5662361	0.51935124	0	0	0	0	0	0	
1	0.5651231	1.1101015	1.1634978	1.2721925	1.2890606	1.3005384	1.2608378	1.2178762	1.1776736	1.1726983	1.1695658	1.1508205	1.132625	1.0953445	1.0511471	0.9741303	0.89251614	0.7986842	0.6763271	0.549007	0	0	0	0	
1	0	0	0	0	0.5752035	0.6624377	0.74141455	0.77742636	0.78579676	0.771709	0.7403465	0.6933462	0.6438768	0.5930695	0.5433497	0	0	0	0	0	0	0	0	0	
1	0.51638985	1.1432574	1.2495515	1.2211623	1.2404155	1.2078252	1.2178377	1.1915983	1.1474847	1.09376	1.0825013	1.0655013	1.0336607	0.9940698	0.94040793	0.9009809	0.84376276	0.76837766	0.7196856	0.63802415	0.53643715	0	0	0	
1	0	0	0	0	0	0	0.5145093	0.522616	0.55609167	0.5564886	0.53704834	0.5087548	0	0	0	0	0	0	0	0	0	0	0	0	
1	0.54377246	1.0779271	1.2764117	1.3167205	1.2953496	1.2960709	1.2578399	1.2426974	1.2649966	1.2756145	1.2744015	1.2650542	1.2462119	1.2411367	1.2052997	1.1979175	1.1592801	1.0781467	1.0349438	0.95452577	0.8285109	0.68498504	0.57505995	0	
1	0	0	0	0.6252102	0.6946762	0	0	0	0.80130047	0.75392795	0	0	0	0.50266737	0	0	0	0	0	0	0	0	0	0	
1	0.54115224	0.9900355	1.2408154	1.3009437	1.304275	1.2598257	1.2181585	1.1820625	1.141601	1.0991049	1.0913613	1.0757179	1.0470744	1.0102276	0.95454663	0.9047903	0.8263291	0.7245742	0.621595	0.51642835	0	0	0	0	
1	0	0	0	0	0	0	0	0	0.6958108	0.7078807	0.7126688	0.70965445	0.68219966	0.6300817	0.5751955	0.5192525	0	0	0	0	0	0	0	0	
1	0.5339241	1.0866923	1.2740244	1.314642	1.303453	1.2580731	1.2233325	1.1963565	1.16252	1.1212957	1.0701298	1.0098618	0.9364643	0.85415936	0.76910096	0.68042725	0.6106091	0.5457064	0	0	0	0	0	0	
1	0	0	1.0211004	0	0.51950455	0.561496	0.57463425	0.56449956	0.5400472	0.52768135	0.5009723	0	0.59751934	0.5503208	0.5118677	0	0	0	0	0	0	0	0	0	
1	0	0.94435996	1.126752	1.236184	1.201523	1.1082331	1.0052247	0.90780216	0.8097435	0.7515287	0.6758942	0.60844713	0.58507705	0.5496972	0.52289605	0	0	0	0	0	0	0	0	0	
1	0.50205266	1.1072876	1.2547064	1.2549021	1.1844155	1.1097525	1.0391061	0.9627406	0.8773505	0.79124933	0.74019766	0.6862354	0.6232746	0.55642676	0.515732	0	0	0	0	0	0	0	0	0	
1	0	0	0	0	1.0739709	0.60526526	1.0445454	0	0	0	0	0	0.5637658	0.5004786	0	0	0	0	0	0	0	0	0	0	
1	0.52404004	1.1003731	1.2909322	1.3045982	1.2596085	1.222857	1.1912731	1.1530669	1.1017051	1.0415812	0.9653497	0.8813724	0.8031929	0.73025095	0.6658791	0.5942897	0.52607095	0	0	0	0	0	0	0	
1	0.55601597	1.1472794	1.28473	1.2788287	1.2502534	1.2410606	1.2069594	1.1524943	1.0849948	1.0253338	0.9896015	0.94851065	0.88790154	0.8098178	0.73609	0.6696441	0.6120106	0.5427393	0	0	0	0	0	0	
1	0	0	0	0	1.0017158	0.92511195	0	0	0	0.5614568	0.53425187	0.506293	0	0	0	0	0	0	0	0	0	0	0	0	
1	0	0	0	0	1.2352403	0	1.1417263	0	0	0	0	0	0.7113508	0	0.563682	0	0	0	0	0	0	0	0	0	
1	0.51913697	1.1085963	1.2875274	1.2897904	0	1.1870912	1.0854895	1.0867597	1.029685	0.9787503	0.90804136	0.8895794	0.84582454	0.7999261	0.7431249	0.675952	0.61273897	0.5444574	0	0	0	0	0	0	
1	0.5089054	1.1136938	1.2565535	1.2569755	1.1871401	1.1127763	1.0697731	1.0342857	0.9855129	0.9268339	0.85436434	0.7724411	0.6885765	0.60583127	0.5236241	0	0	0	0	0	0	0	0	0	
1	0.5168629	1.1139877	1.2502234	1.2611704	1.2404572	1.2387038	1.1974808	1.1367538	1.0701698	0.9981679	0.9170052	0.83472675	0.75457174	0.6971236	0.65349334	0.60495347	0.5404234	0	0	0	0	0	0	0	
1	0.5964187	1.1695534	1.2831877	1.3264769	1.2975823	1.2971225	1.2902777	1.2691548	1.244657	1.222993	1.1973191	1.1659828	1.132309	1.0737292	1.0169392	0.94137	0.8484258	0.7551526	0.6565176	0.5605921	0	0	0	0	
1	0	0	0.99700755	1.1439512	1.128107	1.0728732	1.0188242	0.95809275	0.936227	0.918092	0.882852	0.8352569	0.7881977	0.7260625	0.6557053	0.6007142	0.54453194	0.52686363	0	0	0	0	0	0	
1	0.5840633	1.0850142	1.2627779	1.3067576	1.2903471	1.2429937	1.1961404	1.2127721	1.2320144	1.2401406	1.2401252	1.2345943	1.2221308	1.1850193	1.1656822	1.1164669	1.0479875	0.994942	0.8997703	0.7672161	0.6701918	0.56004524	0	0	
1	0	0	0	0.7057933	0.721503	0	0.6370839	0.6138986	0	0.91602737	0.87985235	0.81403935	0.7414586	0.6551612	0.60545945	0.5687002	0.5337346	0.5253802	0	0	0	0	0	0	
1	0	0	0	0	1.2780842	0	1.2119712	0	0	0	0	0	0.87742984	0	0.74971354	0	0	0	0	0	0	0	0	0	
1	0.5581849	1.1147757	1.2434068	1.3136052	1.267615	1.2269562	1.2399083	1.2292913	1.1826708	1.1261121	1.0635195	0.98855394	0.91244704	0.8193227	0.70684075	0.7017139	0.6449469	0.5866608	0.5027151	0	0	0	0	0	
1	0.5472728	1.056884	1.2834686	1.2987717	1.2673705	1.2366414	1.2057121	1.1747873	1.1470563	1.1370873	1.1293042	1.1187061	1.1034937	1.0544037	1.0041348	0.9236071	0.82852596	0.74096984	0.63478094	0.524654	0	0	0	0	
1	0	0	0	0	0	0	0	0	0	0	0	0	0	0.52374697	0.5467451	0.56273156	0.5695592	0	0	0	0	0	0	0	
1	0	1.0628499	1.2415934	1.2987998	1.2715266	1.2885507	1.2998239	1.2856303	1.2617788	1.2380985	1.2151387	1.1870884	1.1493062	1.1181107	1.0770676	1.0316933	0.9625051	0.9074878	0.80847526	0.7133818	0.6159992	0	0	0	
1	0	0.89375883	1.0644232	0.9869357	0.88494986	0.79932106	0.7476465	0.7093368	0.6502793	0.63243705	0.5977694	0.5487521	0	0	0	0	0	0	0	0	0	0	0	0	
1	0.5500183	1.125295	1.2100594	1.2815402	1.2814698	1.2762347	1.2488158	1.2257874	1.2132224	1.1783419	1.1294886	1.0745392	1.0275576	0.95503443	0.8919164	0.8117353	0.7215607	0.6567144	0.60439825	0.52501136	0	0	0	0	
1	0	0	0	0.6607349	0	0	0	0.5104746	0.56245893	0.5857156	0.5913119	0.5814768	0.5586954	0.52011305	0	0	0	0	0	0	0	0	0	0	
1	0.56228936	1.1182371	1.2817203	1.2958183	1.2794206	1.25966	1.2487178	1.2213787	1.2008309	1.2294858	1.2288017	1.2002993	1.1766479	1.1321814	1.085219	1.0320678	0.9511544	0.883801	0.77242845	0.68939316	0.5789935	0	0	0	
1	0	0	0.6259984	0.6450123	1.0430166	1.0454466	0.69240385	0.70505285	0.7014738	0	0.9331004	0.9120901	0.8589484	0.79248667	0.72858787	0.6624998	0	0	0	0	0	0	0	0	
1	0.573161	1.1808814	1.3323672	1.319643	1.287491	1.2839108	1.2646468	1.2480614	1.2350798	1.2267135	1.2159046	1.1983149	1.1630965	1.1361405	1.0740188	1.018208	0.9427139	0.8391953	0.73217887	0.6165402	0	0	0	0	
1	0	0.7906172	0.8503333	0	0	1.0088614	1.0998422	1.2069712	1.1831515	1.1512169	1.1059496	1.0617226	1.0274168	0.9646363	0.9111101	0.76196414	0.683548	0.6169368	0.52738535	0	0	0	0	0	
1	0.5234451	1.063097	1.232195	1.3098079	1.3037051	1.2923952	1.2914817	1.26968	1.2453053	1.2291949	1.204074	1.1604781	1.1299093	1.0711724	1.0204391	0.94474846	0.84430826	0.7476139	0.64735365	0.57088673	0.50132966	0	0	0	
1	0	0	0	0	0	0.50509137	0.53713346	0.5695951	0.5918222	0.59858465	0.58768344	0.55764556	0.5165377	0	0	0	0	0	0	0	0	0	0	0	
1	0.55892825	1.1721988	1.3175006	1.3032523	1.2617314	1.2534993	1.2412517	1.2220927	1.1937271	1.159522	1.1411058	1.120139	1.0826472	1.0224769	0.941288	0.8610084	0.7594114	0.6501754	0.5417156	0	0	0	0	0	
1	0	0	0.9066912	0	0.84664893	0	0.64426154	0	0	0	0.5211794	0	0	0	0	0	0	0	0	0	0	0	0	0	
1	0	1.0514096	1.1405582	1.0491047	0.97168154	0.88368505	0.8036771	0.7828016	0.76101804	0.7388237	0.71112454	0.6783384	0.6328827	0.59082097	0.54957855	0	0	0	0	0	0	0	0	0	
1	0.58860016	1.1147408	1.2853131	1.2952571	1.2537583	1.2169851	1.1847895	1.145812	1.095957	1.0444419	0.98610306	0.91571623	0.85290766	0.80589753	0.7694817	0.7138895	0.64460546	0.5611509	0	0	0	0	0	0	
1	0	0	0.6441394	0.68618226	1.0251876	0.9553993	0.86892664	0	0.7776911	0.7999238	0.81107795	0.80690855	0.7811994	0.7458316	0.6976268	0.64189917	0.5825705	0.5233789	0	0	0	0	0	0	
1	0.59846115	1.1130084	1.2887422	1.3055339	1.3166404	1.282741	1.2441299	1.2269924	1.202023	1.1713606	1.1277784	1.0804594	1.0144364	0.94115055	0.862362	0.7996153	0.719455	0.65317464	0.590238	0.5135121	0	0	0	0	
1	0.5751285	1.192551	1.2987615	1.3126844	1.3095888	1.2823787	1.2560527	1.2505512	1.2434931	1.2265891	1.2021849	1.1693838	1.1299278	1.0859253	1.027083	0.9433007	0.8631113	0.7730672	0.71169144	0.64356697	0.5467247	0	0	0	
1	0	0.8334875	0.81258756	0.97746694	1.0119741	1.0145049	1.0213773	1.025876	1.0178019	1.0038862	0.97606486	0.96004844	0.9318063	0.87911665	0.8143835	0.7381606	0.66563886	0.59066474	0.51002866	0	0	0	0	0	
1	0.5637779	1.0307088	1.2847484	1.2866888	1.2705224	1.287309	1.2745132	1.2533376	1.2325927	1.2161685	1.1984025	1.1743737	1.1345723	1.0876958	1.0352805	0.97163105	0.8880296	0.8110958	0.6996735	0.5708589	0	0	0	0	
1	0.5547712	1.179021	1.3145083	1.2778901	1.2863066	1.3008226	1.2870721	1.2695098	1.2561395	1.2475802	1.2362058	1.214454	1.1988528	1.1620164	1.1255631	1.0557994	0.99505883	0.90864927	0.80730885	0.6985136	0.61225533	0.5070558	0	0	
1	0	0.845704	0	1.0775229	0	1.0501311	0.93685645	0.9698682	0.9779506	1.0213301	0.85527307	1.0470414	0	0	0	0	0	0.6240494	0.5534124	0.5011728	0	0	0	0	
1	0.55640155	1.0387443	1.2924951	1.3081464	1.2945664	1.2760613	1.2622524	1.2507478	1.2345904	1.2139256	1.187956	1.1540338	1.1009107	1.0522515	0.97685003	0.90912217	0.8236418	0.7381115	0.6446133	0.5421255	0	0	0	0	
1	0.5670885	1.1200486	1.2955494	1.315725	1.2787532	1.2384777	1.2110496	1.1850741	1.1499757	1.1357306	1.1121161	1.0681851	1.0205495	0.9588365	0.89149845	0.82410693	0.76355726	0.70395994	0.6402354	0.56670934	0	0	0	0	
1	0.52628106	1.0601916	1.2747159	1.3273302	1.2992742	1.2693027	1.2636294	1.2548068	1.2380061	1.2167097	1.1880432	1.1533405	1.117601	1.0582821	0.99564594	0.9221018	0.8205392	0.72681916	0.616059	0.5019381	0	0	0	0	
1	0.6041358	1.1136521	1.2308244	1.280075	1.2808414	1.2290304	1.2122141	1.2193391	1.22711	1.2221379	1.2066599	1.1821973	1.1418853	1.1083909	1.0468215	0.99463683	0.9112192	0.8407742	0.7344067	0.6527577	0.54839456	0	0	0	
1	0	0.92584676	1.3077927	1.3275753	1.2907153	1.2673385	1.2566779	1.2424635	1.2258549	1.2026436	1.1702706	1.1223422	1.0784647	1.0103798	0.9398541	0.8665962	0.7793713	0.7027468	0.6066176	0.5122352	0	0	0	0	
1	0.64717287	1.1627151	1.3201072	1.305819	1.3401936	1.3132148	1.2839549	1.2708364	1.2667495	1.2722843	1.2736824	1.2691073	1.2516963	1.2486951	1.2126937	1.2113276	1.1742615	1.1014293	1.0735956	0.9959558	0.8681093	0.7408792	0.6385616	0	
1	0	0	0	0	0	0	0	0.7734371	0.76215315	0.73432356	0.6864278	0.6450737	0.6188279	0.59676486	0	0	0	0	0	0	0	0	0	0	
1	0.52757514	1.0297716	1.2855921	1.3123287	1.2968078	1.3055999	1.2671458	1.2433078	1.226536	1.2255591	1.2360297	1.236616	1.222485	1.2178626	1.1761787	1.1602174	1.106323	1.0132806	0.937585	0.8380765	0.70701414	0.5579754	0	0	
1	0	0	0.509299	0.5521283	1.3092157	0.57774985	1.2293758	0.5604016	0.53227717	0	0	0	1.0364504	1.0078076	0.9438838	0.8782247	0.80054724	0	0	0	0	0	0	0	
1	0.56372035	1.0368781	1.2518477	1.293736	1.0101873	1.2713871	0.5925731	1.1945957	1.1581622	1.1128361	1.0773946	1.0665697	0.60295427	0.55740136	0.50656813	0	0	0.70899975	0.6152716	0.5323037	0	0	0	0	
1	0.5649478	1.09935	1.2518619	1.2832255	1.3055724	1.265093	1.2161708	1.1721748	1.1275138	1.0749109	1.0491004	1.0093151	0.961427	0.8853481	0.78628254	0.6862822	0.6304099	0.5811828	0.5060905	0	0	0	0	0	
1	0	0	0	0.6385218	0.57277834	0	0	0	0	0	0	0	0	0	0	0	0	0	0	0	0	0	0	0	
1	0.5685012	1.1248511	1.2556046	1.283255	1.2962306	1.2481618	1.1936101	1.143832	1.092716	1.0685403	1.0450687	1.0105122	0.96159744	0.9106142	0.8638455	0.82038254	0.7620771	0.6884341	0.6222609	0.5292374	0	0	0	0	
1	0.57028216	1.0812458	1.2182873	1.3165287	1.3221127	1.2835813	1.2539574	1.2344263	1.2164146	1.1911402	1.1546768	1.1276327	1.1048725	1.0630608	1.0135261	0.9357833	0.8539456	0.7528672	0.6497701	0.55586654	0	0	0	0	
1	0	0	0	0.5260321	1.1116375	0.52941126	1.0712514	0.5103356	0	0	0	0	1.0595541	1.0268731	1.0066272	0.9557933	0.8882552	0	0	0	0	0	0	0	
1	0	1.0240353	1.1409302	1.2629002	1.2448022	1.2020376	1.1478466	1.0855134	1.0581396	1.0676125	1.0700929	1.0680172	0	0	0	0	0	0.8282623	0.73214084	0.61170256	0.5187147	0	0	0	
1	0.5808058	1.107307	1.2569354	1.2860291	1.3093992	1.2733792	1.2282273	1.1934079	1.1556509	1.1495116	1.1537969	1.1446447	1.1314901	1.1025517	1.0606266	0.990933	0.9447399	0.88196975	0.7944089	0.69195294	0.6234661	0.52491975	0	0	
1	0	0	0.6797025	0.6481258	0.5742402	0	0	0	0	0	0	0	0	0	0	0	0	0	0	0	0	0	0	0	
1	0.58756703	1.0990264	1.2487084	1.279367	1.2984511	1.2540132	1.198441	1.1588638	1.1800145	1.1942372	1.202066	1.2036499	1.1937549	1.1711605	1.1438568	1.1027619	1.0242232	0.9630135	0.8884121	0.7815093	0.6489219	0.556952	0	0	
1	0	1.0911006	1.1888257	1.2730094	1.2270912	1.1552557	1.0811266	1.094314	1.0981957	1.0842615	1.0555289	1.0150864	0.9780187	0.93169874	0.8951701	0.8437831	0.7784978	0.7250218	0.6380116	0.534663	0	0	0	0	
1	0	0	0	0	0	0.50047183	0.5018779	0	0	0	0	0	0	0	0	0	0	0	0	0	0	0	0	0	
1	0.5593547	1.0947635	1.2508264	1.2721909	1.2736654	1.2198114	1.1492491	1.109077	1.1212571	1.1289535	1.1286718	1.1178404	1.0929078	1.0670677	1.0133936	0.95647365	0.89709204	0.81994325	0.7155957	0.6436793	0.55009365	0	0	0	
1	0.6063699	1.1031317	1.2529985	1.314802	1.3209714	1.2824495	1.2515676	1.2313662	1.210702	1.1837001	1.1613457	1.1364276	1.1133627	1.0601124	1.0085595	0.92493814	0.8463847	0.75005966	0.6497899	0.5519895	0	0	0	0	
1	0.58110476	1.1223581	1.2748154	1.301901	1.3040302	1.2539026	1.2115762	1.1941874	1.1955073	1.1958957	1.1896334	1.1785998	1.163693	1.1210055	1.0917443	1.030342	0.93715394	0.8633006	0.75565225	0.62520105	0.5155252	0	0	0	
1	0	0	0	0	0	0	0	0	0.93895584	0.9081429	0.90194964	0.89705056	0.8718069	0.82053983	0.77844757	0.7209674	0.64785385	0.57909876	0.5162401	0	0	0	0	0	
1	0.5404644	1.098415	1.2712185	1.3212816	1.3157924	1.2729768	1.243044	1.2224616	1.2139486	1.1989013	1.1738912	1.1367397	1.0798512	1.0253165	0.94507515	0.8761267	0.7851318	0.7031667	0.5961095	0	0	0	0	0	
1	0	0	0	0	0	1.0320868	0.5382889	0.89835775	0.846761	0.8196316	0.7628008	0.7287876	0	0	0	0.5520873	0	0	0	0	0	0	0	0	
1	0.5705979	1.0887637	1.2479659	1.3117669	1.3177698	1.275564	1.2390974	1.2190956	1.218218	1.2077035	1.1875219	1.1577933	1.1179849	1.0804352	1.0216957	0.94238746	0.8676987	0.77142596	0.65342635	0.53632164	0	0	0	0	
1	0.5602947	1.067065	1.2477567	1.3136133	1.3216656	1.2828093	1.2521638	1.2410486	1.2276999	1.2093651	1.1827123	1.1415669	1.1133918	1.0693961	1.0207127	0.9534364	0.8579219	0.7687935	0.6516772	0.5312611	0	0	0	0	
1	0	0	1.0622176	0	0	0	0	0	0	0	0	0.7998324	0.75432205	0.707113	0.6413365	0.58283526	0.50904167	0	0	0	0	0	0	0	
1	0.5575762	1.1378936	1.3037622	1.320601	1.2932359	1.293693	1.273738	1.2522664	1.2309794	1.2134112	1.187398	1.1578959	1.1166801	1.0572729	0.98323625	0.9095863	0.85302544	0.78296953	0.7014091	0.6055041	0.5324768	0	0	0	
1	0	0	0.79936	1.1781516	0	1.1603496	0	0	1.0612929	1.0541084	1.0125952	0.94456595	0.86942625	0.7837899	0.71341383	0.6591811	0.6139313	0.57497406	0.5248854	0	0	0	0	0	
1	0.60958207	1.1026567	1.2919186	1.3201257	1.3275245	1.29133	1.263167	1.2495515	1.2328776	1.2146776	1.1878617	1.1664193	1.1310178	1.1010178	1.0367702	0.9751433	0.88995683	0.7875497	0.687172	0.5702434	0	0	0	0	
1	0	0	0	0	0	0	0.5110097	0.53925747	0.54668593	0.53143877	0	0	0	0	0	0	0	0	0	0	0	0	0	0	
1	0	0	0	0	1.3022498	0	1.2184507	0	0	0	0	0	0.9040748	0	0.73424923	0	0	0	0	0	0	0	0	0	
1	0.56400746	1.1108704	1.2966613	1.3142443	0	1.254449	0	1.1872171	1.1526953	1.1082546	1.0486472	0.984957	0.8102549	0.81906414	0.6536184	0.66856945	0.6010234	0.5325553	0	0	0	0	0	0	
1	0.57335013	1.1322694	1.3060409	1.3240417	1.3033063	1.2586588	1.2309694	1.2085311	1.1831433	1.1679415	1.1388351	1.0951716	1.0326699	0.9650841	0.876887	0.80159366	0.7275485	0.64832723	0.5751789	0.5113204	0	0	0	0	
1	0	0	0.5233003	0	0	0	0	0	0	0	0.7556245	0.7508955	0	0	0.58503073	0.5727344	0.5347134	0	0	0	0	0	0	0	
1	0	0	0	0	1.3209778	0	1.2829517	0	0	0	0	0	1.111194	0	0.9786551	0	0	0	0	0	0	0	0	0	
1	0.6432765	1.172806	1.3366015	1.3337412	1.2692366	1.299918	1.2913308	1.2750084	1.2467805	1.2189685	1.19102	1.1547805	1.1193645	1.0599129	1.0000317	0.91623217	0.8311049	0.7324072	0.65384716	0.60534203	0.5493125	0	0	0	
1	0.5682694	1.0951031	1.2877585	1.318294	1.3032374	1.2700038	1.2568334	1.2447871	1.2274638	1.2049276	1.173125	1.1318415	1.0885453	1.0206575	0.94167054	0.8553514	0.7459346	0.6673947	0.587761	0	0	0	0	0	
1	0.59540457	1.1258342	1.297066	1.3190862	1.283066	1.2728564	1.2408043	1.2204168	1.1947694	1.1627103	1.1265938	1.0854807	1.0352587	0.98430544	0.9184775	0.852826	0.78550315	0.70462435	0.6157881	0.54580957	0	0	0	0	
1	0	0	0.8027917	0.74543476	0	0	0	0	0	0	0	0	0.625045	0	0	0	0	0	0	0	0	0	0	0	
1	0.61600524	1.1470935	1.2680526	1.2971926	1.296699	1.307829	1.2641063	1.2276099	1.2044498	1.1822137	1.1648222	1.1406665	1.1219537	1.0854095	1.013891	0.9403592	0.8450631	0.7588511	0.6660122	0.5759307	0	0	0	0	
1	0	0	0.68178105	1.1877993	0	0.9686365	0.9202807	1.1933887	1.1582597	1.1273932	0.6943179	1.1302818	0.58463067	0.53336066	0	0	0	0.7547913	0.65622264	0.5630907	0	0	0	0	
1	0	0.99260235	1.2384217	1.2869811	1.306629	1.2723551	1.2722437	1.2565489	1.2286866	1.2446276	1.2550635	1.2590635	1.2494036	1.2485298	1.2252347	1.2135355	1.1609122	1.116616	1.0731282	0.9779201	0.8321663	0.75666195	0.6344862	0	
1	0.5611683	1.0639194	0	1.28926	0.89439887	0	0	0	0.57960445	0	0	0.6421027	0.61719066	0	0.59085405	0.55220145	0.5037936	0	0	0	0	0	0	0	
1	0	0.8560881	1.116376	1.2158287	1.214796	1.1597658	1.0870725	1.0207628	0.9549867	0.890061	0.8273351	0.7590644	0.702929	0.63939357	0.57556844	0.5156997	0	0	0	0	0	0	0	0	
1	0	0	0.58993256	0	0.6253895	0	0.60838425	0	0	0	0	0	0	0	0	0	0	0	0	0	0	0	0	0	
1	0.5502402	1.0449051	1.2199957	1.2742971	1.2635067	1.2295828	1.1879336	1.1491654	1.1005006	1.0449948	0.97414833	0.88729864	0.7940409	0.69367605	0.6191048	0.56786436	0.5140342	0	0	0	0	0	0	0	
1	0	0.97715324	1.1888751	1.3155698	1.3167075	1.2787302	1.2496854	1.2295659	1.2093232	1.1828395	1.1474706	1.0983496	1.0483782	0.9713474	0.89947885	0.8097618	0.7158977	0.62074584	0.520221	0	0	0	0	0	
1	0	0	0	0.6075261	0.66492105	0.6684978	0.6578362	0.6411106	0.6134482	0.5734475	0.5364095	0.51773924	0	0	0	0	0	0	0	0	0	0	0	0	
1	0.56187207	1.0757496	1.2484303	1.3046577	1.2873675	1.2325577	1.1849531	1.1505063	1.1459179	1.1225861	1.0712826	0.9992635	0.9250262	0.8528108	0.7887582	0.7209115	0.6574399	0.5889255	0.50904727	0	0	0	0	0	
1	0.5464827	1.0052581	1.2496412	1.3075676	1.3104242	1.2685568	1.2309095	1.2026342	1.1712925	1.1328807	1.096353	1.0698496	1.0222267	0.96728957	0.879517	0.78722394	0.67718774	0.598522	0.5188294	0	0	0	0	0	
1	0.5270654	1.0445868	1.2349645	1.292155	1.2692945	1.2057985	1.15071	1.0973836	1.0309503	0.9529554	0.8634845	0.7658525	0.68789697	0.62383455	0.5527266	0	0	0	0	0	0	0	0	0	
1	0	0.6761065	1.0548614	1.1301094	1.27378	1.123198	1.1992674	1.0447985	0.99336654	0.93011284	0.84623575	0.7555703	0.82430196	0.7347386	0.6523336	0.59461975	0.5285093	0	0	0	0	0	0	0	
1	0.5453422	1.0524251	1.2470788	1.2918146	0	1.2379744	0	1.1618409	1.1165094	1.0624195	0.99177307	0.9145531	0.745559	0.7060621	0.66588587	0.6084712	0.5488354	0	0	0	0	0	0	0	
1	0	0.9250508	1.1058252	1.2094586	1.1988704	1.1209463	1.0355731	1.0551157	1.0776219	1.0934552	1.103389	1.1073349	1.1003333	1.0709262	1.0384017	0.97345173	0.90336573	0.81258863	0.717793	0.61268073	0.51947445	0	0	0	
1	0	0	0	0	0	0.71814317	0	0	0	0	0	0.55249524	0	0	0	0	0	0	0	0	0	0	0	0	
1	0	0.95213896	1.1474814	1.2963719	1.2979037	1.2491482	1.2003446	1.1580411	1.1089923	1.1193103	1.1043305	1.0616	1.0004334	0.9445062	0.8943092	0.8255373	0.73216236	0.6400039	0.5489212	0	0	0	0	0	
1	0	0.90101314	1.1409292	1.2612365	1.2471116	1.1735227	1.0899758	1.058275	1.0615267	1.0606977	1.0477922	1.0210742	0.9923407	0.9324867	0.8755928	0.7935825	0.7031269	0.62315136	0.5628728	0	0	0	0	0	
1	0	1.017447	1.1394507	1.0815401	1.0714006	1.0860534	1.0620309	1.0440052	1.0566432	1.0625798	1.0571405	1.0380615	1.0093781	0.96993285	0.9132178	0.83695006	0.76330537	0.66977435	0.566777	0	0	0	0	0	
1	0	0.9570404	1.0457004	0.98969287	0.9807166	0.97600275	0.9500968	0.91718644	0.87644386	0.8288794	0.76717544	0.7087106	0.6520269	0.58343375	0.5374032	0.5040845	0	0	0	0	0	0	0	0	
1	0.5407555	1.0714494	1.1602899	1.2934731	1.302923	1.2562683	1.2077861	1.1662827	1.1662694	1.1832274	1.1914419	1.1876059	1.1629297	1.1433434	1.0840828	1.0388968	0.968059	0.8736839	0.7583548	0.66853034	0.5715978	0	0	0	
1	0	0	0	0	0	0.9927194	0.54226893	0.95406336	0.9140523	0.8675574	0.8225717	0.7789898	0.60690236	0.59614015	0.5845208	0.6539496	0.50609577	0.5554755	0.50358987	0	0	0	0	0	
1	0.5197061	1.0189813	1.2364684	1.3123155	1.2958232	1.2453747	1.2066462	1.1716356	1.1301737	1.0824718	1.0208563	0.9532598	0.874759	0.7975484	0.71315646	0.6300303	0.5464385	0	0	0	0	0	0	0	
1	0	0	0	0	0	0.6629941	0.6826564	0.68379205	0.67780215	0.6631895	0.6402472	0.6082561	0.58204234	0.5455652	0.5145487	0	0	0	0	0	0	0	0	0	
1	0.5353244	1.0334179	1.2385542	1.3057572	1.2825699	1.2526641	1.2239606	1.1964189	1.164368	1.125349	1.0742986	1.0197569	0.9472376	0.87703717	0.7919071	0.71449655	0.6310561	0.56104875	0	0	0	0	0	0	
1	0	0	0	0.56140804	0.593013	0.59125924	0.56597227	0.51560086	0.5011937	0.5103445	0.50002545	0.73803574	0	0.6848562	0.62281317	0.5521986	0	0	0	0	0	0	0	0	
1	0	0.9959209	1.1874864	1.2445924	1.1849116	1.0828153	0.97739816	0.92061055	0.8592288	0.79643846	0.7304957	0.6259316	0.5956904	0.5335653	0	0	0	0	0	0	0	0	0	0	
1	0	0	0	0	0	0	0	0	0	0	0	0.66214913	0.5572315	0.5174432	0	0	0	0	0	0	0	0	0	0	
1	0	0.8936224	1.0837544	1.046202	1.1314399	1.1079246	1.0451565	0.9875198	0.95369685	0.9417196	0.9232722	0.89781654	0.8605912	0.8303158	0.78591293	0.73751515	0.7011296	0.6509811	0.5758803	0.5028704	0	0	0	0	
1	0	0	0	0	1.2633775	0	1.1397976	0	0	0	0	0	0.6773793	0.6178561	0.5643494	0	0	0	0	0	0	0	0	0	
1	0	0.9863368	1.192843	1.2855598	0	1.1999155	0.5330645	1.0825653	1.0119454	0.93175334	0.8390815	0.7489889	0	0	0	0.51165134	0	0	0	0	0	0	0	0	
1	0	1.0426475	1.1759139	1.2723047	1.2458407	1.1735175	1.103664	1.0356466	0.9976315	0.9861758	0.9588693	0.92014587	0.88602906	0.8299004	0.7691542	0.6997949	0.6120707	0.5221128	0	0	0	0	0	0	
1	0	0.9453199	1.1416426	1.181251	1.1769317	0.9627936	1.0303515	0.8068234	0.81017107	0.8108624	0.79336095	0.74323577	0.7204587	0.6849244	0.6437865	0.5886821	0.5408156	0	0	0	0	0	0	0	
1	0	1.0191374	1.2178326	1.2422234	0.96973914	1.1003361	0	0.9687369	0.92443526	0.86753464	0.80200225	0	0	0	0	0	0	0	0	0	0	0	0	0	
1	0	0.9322762	1.0269918	1.074275	1.0600327	0.95184654	0.84743637	0.75890565	0.7064477	0.70360124	0.67939013	0.64345765	0.5906702	0.5339874	0	0	0	0	0	0	0	0	0	0	
1	0.5284878	1.0816785	1.2090427	1.2782397	1.2462342	1.1763302	1.1114854	1.0494175	0.9771764	0.89724326	0.81351364	0.72219837	0.6410292	0.5622453	0.5084608	0	0	0	0	0	0	0	0	0	
1	0	0	0	0.83412284	0.8657163	0.8470716	0.80292505	0.7508745	0	0	0	0	0	0	0	0	0	0	0	0	0	0	0	0	
1	0	1.027183	1.2083786	1.3037322	1.2859144	1.2329968	1.189226	1.1489577	1.096988	1.0387001	0.9668453	0.8954889	0.82856685	0.74813265	0.6770568	0.6068455	0.53932285	0	0	0	0	0	0	0	
1	0	0	0	0	1.2308413	0	1.0740535	0	0	0	0	0	0.7573886	0.68625766	0.608852	0	0	0	0	0	0	0	0	0	
1	0.5327836	1.0841904	1.2617952	1.2911223	1.2443032	1.1913828	1.1452601	1.1365418	1.1055846	1.0522236	0.9776948	0.9274652	0.88350517	0.8326593	0.7643658	0.69697654	0.63712	0.56563675	0	0	0	0	0	0	
1	0	0.9420731	1.0112274	0.9389216	0.89865124	0.8671138	0.79920155	0.71360654	0.6255976	0.5875055	0.58177745	0.55545163	0.5279376	0	0	0	0	0	0	0	0	0	0	0	
1	0	0.6869282	0	0	0	0	0	0	0	0	0	0	0	0	0	0	0	0	0	0	0	0	0	0	
1	0	0.9023791	0.9634942	0.9441309	0.88463557	0.87003326	0.8301521	0.7701623	0.7094474	0.641253	0.5685117	0	0	0	0	0	0	0	0	0	0	0	0	0	
1	0	0.60962677	0	0	0	0.5019635	0.5003874	0	0	0	0	0	0	0	0	0	0	0	0	0	0	0	0	0	
1	0	0.9100723	0.9581771	0.90977156	0.8065595	0.80371946	0.788105	0.7540378	0.7135439	0.67696	0.63380784	0.5844468	0.53959066	0	0	0	0	0	0	0	0	0	0	0	
1	0.52906775	1.0563443	1.1946062	1.2490678	1.2151986	1.1167544	1.0203916	0.96824706	0.91859305	0.8635746	0.7914222	0.7135678	0.6379879	0.5920154	0.5952959	0.58317673	0.5514042	0.51995194	0	0	0	0	0	0	
1	0	0	0	0	0	0.90249187	0.92984885	0.941668	0.9249233	0.8890997	0.83865124	0.7791122	0.72830474	0.66864896	0.6115186	0.5526506	0	0	0	0	0	0	0	0	
1	0	0.98312336	1.2000282	1.2918117	1.2731959	1.2166873	1.1653918	1.1194166	1.0625417	0.9992024	0.9398963	0.89473325	0.8471859	0.7895733	0.7204261	0.6501041	0.5715491	0	0	0	0	0	0	0	
1	0	0	0	0	0	0.5483621	0.59816235	0.6284636	0.62628764	0.59303564	0.536298	0.50544244	0	0	0	0	0	0	0	0	0	0	0	0	
1	0	0.6545072	0.7519713	0.7927725	0.7486811	0.68099743	0.6379598	0.59682864	0.5392063	0	0	0	0	0	0	0	0	0	0	0	0	0	0	0	
1	0	0.8476873	1.0525348	1.1639909	1.1438522	1.070405	0.9839876	0.8979347	0.81001997	0.7244629	0.6847152	0.65046626	0.616955	0.5783775	0.5299713	0	0	0	0	0	0	0	0	0	
1	0.53165066	1.0647252	1.2201256	1.2937706	1.2550546	1.1884196	1.130571	1.0737565	1.0021473	0.9300718	0.8777999	0.81957746	0.77179736	0.7082989	0.64320153	0.5766863	0.5030608	0	0	0	0	0	0	0	
1	0	1.015422	1.2079566	1.286423	1.2532005	1.1874787	1.1279956	1.0667188	0.99482524	0.9175259	0.82695276	0.73552316	0.6807271	0.61942416	0.5542138	0	0	0	0	0	0	0	0	0	
1	0	0	0	0	0	0	0.7392141	0.75267434	0.75547844	0.75041336	0.71718943	0.66102624	0.5947655	0.5387172	0	0	0	0	0	0	0	0	0	0	
1	0	0.9247638	1.0204887	0.94191235	0.84938335	0.82494175	0.7837044	0.72689444	0.6590917	0.6000802	0.53518254	0	0	0	0	0	0	0	0	0	0	0	0	0	
1	0	0	0	0	1.2084504	0	1.0231216	0	0	0	0	0	0.6813162	0	0.5695149	0	0	0	0	0	0	0	0	0	
1	0	1.0342361	1.2016208	1.2610688	0	1.1210954	1.074229	1.0240458	0.9476493	0.8635539	0.77422005	0.72586745	0	0.6317641	0.51979405	0.5079632	0	0	0	0	0	0	0	0	
1	0.5199399	1.0618906	1.2345606	1.2931296	1.2614325	1.1983147	1.1403809	1.078516	1.0030414	0.9169557	0.81691176	0.7282654	0.67017144	0.6163088	0.56814635	0.5194693	0	0	0	0	0	0	0	0	
1	0	0.9568409	1.1157228	1.1447885	1.0660268	0.94258696	0.8301656	0.74809194	0.71821684	0.691137	0.66478556	0.64000094	0.5963433	0.5383628	0	0	0	0	0	0	0	0	0	0	
1	0	0.99583435	1.1776052	1.1790437	1.1097729	0.99039286	0.87851465	0.8477478	0.8205449	0.78881425	0.75129426	0.7044606	0.6513452	0.59235215	0.5295975	0	0	0	0	0	0	0	0	0	
1	0.51126367	1.0586131	1.2751305	1.2930335	1.2650348	1.2052819	1.1528636	1.1049019	1.0458295	0.979721	0.8966416	0.8123287	0.7220812	0.6247933	0.55213183	0.50022864	0	0	0	0	0	0	0	0	
1	0	0	0	0	0	0	0	0	0	0.6083523	0	0	0	0	0	0	0	0	0	0	0	0	0	0	
1	0	1.0164337	1.2073162	1.237622	1.1897408	1.1331608	1.0743437	1.0164545	0.95399916	0.8879639	0.81923836	0.7383116	0.6661024	0.61382884	0.57045233	0.52251875	0	0	0	0	0	0	0	0	
1	0	0	0	0.66157323	0.6287155	0.6303456	0.6077402	0.55944794	0	0	0	0	0	0	0	0	0	0	0	0	0	0	0	0	
1	0	1.0168964	1.2088059	1.1977222	1.1247113	1.0186965	0.9362304	0.8963283	0.8464576	0.78446007	0.7742838	0.73876005	0.6883906	0.6167501	0.54074657	0	0	0	0	0	0	0	0	0	
1	0	0	0	0	0	0.5765333	0	0	0	0	0	0	0	0	0	0	0	0	0	0	0	0	0	0	
1	0	0	0.9524993	0	0.9046837	0	0.70743424	0	0	0	0	0	0.53990906	0.503788	0	0	0	0	0	0	0	0	0	0	
1	0	0.9815195	1.1906346	1.181507	1.0999424	1.0051695	0.9160863	0.88161695	0.85660666	0.81698173	0.75625724	0.6969088	0.6544167	0.6007394	0.5476183	0	0	0	0	0	0	0	0	0	
1	0.6189734	1.0953376	1.2684495	1.2887343	1.3082718	1.2663885	1.2177169	1.1793826	1.1830447	1.1948771	1.2006917	1.1986492	1.1815811	1.162179	1.1205252	1.0848143	1.0152143	0.91742826	0.8446401	0.7590819	0.6586281	0.5426164	0	0	
1	0	1.12503	1.0153154	0.9889584	0.94363654	0.8997452	0.8801388	0.91769177	0.944124	0.9338808	0.89561415	0.8459017	0.8176622	0.7651817	0.6852071	0.5983079	0.5581983	0.5203293	0	0	0	0	0	0	
1	0.53327453	1.0885416	1.220274	1.3088567	1.2880899	1.2386192	1.1983637	1.1637279	1.1171508	1.0635513	0.99616534	0.91195637	0.8279013	0.7339243	0.63675845	0.5511328	0	0	0	0	0	0	0	0	
1	0	0.97774214	1.1917222	1.2592461	1.2184161	1.1644558	1.10655	1.0717509	1.0274909	0.9721672	0.90414995	0.8312778	0.7552598	0.67460775	0.59051263	0.5165672	0	0	0	0	0	0	0	0	
1	0	0	0	0	0.69852793	0	0.9378351	0	0	0	0	0	0.9706033	0	0.79052734	0	0	0	0	0	0	0	0	0	
1	0.5536063	1.0906812	1.2228092	1.3121327	1.2879572	1.2362577	1.1965047	1.1622621	1.1383692	1.1202567	1.0852156	1.0335475	0	0.88928866	0	0.7018951	0.6055152	0.51626194	0	0	0	0	0	0	
1	0	0.7632685	0.8056756	0.758026	0.798179	0.790455	0.7664483	0.73893666	0.7029309	0.6668203	0.6247065	0.57866144	0.5299164	0	0	0	0	0	0	0	0	0	0	0	
1	0	0.97956467	1.0465652	1.2067323	1.1937723	1.1358794	1.0677432	0.99232876	0.90549433	0.8202765	0.72434425	0.63509196	0.57059574	0.5145595	0	0	0	0	0	0	0	0	0	0	
1	0.5820383	1.114985	1.2788595	1.3202927	1.2939245	1.2465681	1.2136422	1.1850036	1.1465918	1.1062218	1.0610574	0.99525064	0.91488826	0.82901824	0.7424397	0.6637723	0.5864726	0.5159932	0	0	0	0	0	0	
1	0	0	0	0.5230224	0.555368	0.5518788	0.5447512	0.5512807	0.5398551	0	0	0	0	0	0	0	0	0	0	0	0	0	0	0	
1	0	1.0212392	1.1964189	1.2221502	1.1435333	1.0488524	0.95648557	0.8636966	0.7666322	0.67879677	0.5930619	0.5419094	0.5107155	0	0	0	0	0	0	0	0	0	0	0	
1	0	0.9433384	1.1564038	1.1947916	1.2094291	1.1566224	1.085166	1.0060042	0.9167003	0.8242946	0.73211676	0.68365896	0.65992093	0.62669814	0.57862484	0.5345567	0	0	0	0	0	0	0	0	
1	0	0	0	0	0	0	0.73045886	0.6716493	0.6308769	0.5930373	0.5777513	0.539212	0	0	0	0	0	0	0	0	0	0	0	0	
1	0	0	0	0	1.0816032	0	1.0903571	0	0	0	0	0	1.1052977	0	0.9422824	0	0	0	0	0	0	0	0	0	
1	0.51683784	1.0209862	1.1979091	1.2588967	1.2221936	1.1838211	1.1632407	1.1201303	1.1219234	1.1555928	1.1715102	1.1514677	0.73904306	1.0234032	0.60816485	0.85967094	0.7650723	0.6660129	0.57613856	0	0	0	0	0	
1	0	1.0869771	1.1789318	1.1358002	1.0035678	0.9155207	0.8872852	0.84012705	0.78299737	0.7285494	0.6744953	0.6212016	0.5662422	0.5142145	0	0	0	0	0	0	0	0	0	0	
1	0	0	0.50029534	0	0.6599399	0.67541444	0.6509769	0.6031474	0.54521054	0	0	0	0	0	0	0	0	0	0	0	0	0	0	0	
1	0	0.9609425	1.190307	1.2895447	1.2745355	1.2187004	1.1661634	1.1202576	1.0664804	1.0062191	0.9309535	0.88577294	0.84257376	0.79323673	0.72673583	0.6558507	0.57596195	0	0	0	0	0	0	0	
1	0.57532483	1.1143023	1.2990376	1.3041911	1.2860417	1.2302272	1.1959807	1.1716278	1.1366149	1.0887213	1.0279901	0.94882613	0.8685125	0.76963085	0.6954833	0.63006824	0.5781343	0.51564115	0	0	0	0	0	0	
1	0	0	0	0	0	0.7549712	0	0.8381986	0.83366877	0	0	0	0	0	0	0	0	0	0	0	0	0	0	0	
1	0.57097995	1.1245667	1.2935563	1.3146435	1.2995118	1.2513946	1.2147204	1.1853755	1.1479033	1.1029592	1.0530876	1.014044	0.9650668	0.9093142	0.83682823	0.77575356	0.71138775	0.6384705	0.55546033	0	0	0	0	0	
1	0	0	0	0	1.3085887	0	1.2452908	0	0	0	0	0	1.1322708	0	1.0117785	0	0.84931296	0	0	0	0	0	0	0	
1	0.5926681	1.1387496	1.2764714	1.3276775	0	1.2660533	0	1.2338326	1.2284614	1.2197758	1.2021532	1.1701541	0.8184641	1.0769371	0.76259434	0.9342949	0.67908454	0.7744154	0.6777934	0.59622896	0	0	0	0	
1	0.6166262	1.1445093	1.3106985	1.3264507	1.3162699	1.2753792	1.2485415	1.2317321	1.2097735	1.1825733	1.1484575	1.1043591	1.0468855	0.9839063	0.9058856	0.81324846	0.7249775	0.6266368	0.51796794	0	0	0	0	0	
1	0.60441804	1.1262541	1.2772458	1.3179569	1.3061002	1.2598075	1.2246432	1.1996158	1.1648518	1.1252155	1.0797898	1.0243851	0.9617176	0.8964041	0.82971203	0.755778	0.67796123	0.5915321	0.50495344	0	0	0	0	0	
1	0	0	0.5062521	0	0	0	0	1.0218257	0.9854665	0.92286897	0	0	0	0	0	0	0.5213776	0	0	0	0	0	0	0	
1	0.5811856	1.1276644	1.2616744	1.3137081	1.2870414	1.2320548	1.2015511	1.195826	1.1891091	1.1751435	1.1499072	1.1106579	1.0491811	0.98154956	0.8864323	0.79449624	0.6926729	0.6193142	0.55069906	0	0	0	0	0	
1	0	0	0	1.0662042	1.0834152	1.054898	1.0047163	0.9466879	0.88439554	0.819473	0.7482825	0.69111925	0.66616815	0.62931514	0.58729476	0.54069585	0	0	0	0	0	0	0	0	
1	0.61114407	1.0714158	1.3090532	1.3009398	1.2657114	1.2427722	1.2193655	1.1898576	1.1541047	1.128581	1.104645	1.141289	1.1539887	1.1287175	1.0609102	0.96961945	0.87882376	0.6063456	0.5298341	0	0	0	0	0	
1	0	0	0.7326509	0	0.9679967	1.0652149	0	1.2084248	1.2387196	1.2377335	1.2108234	1.1676308	0	0	0	0.99112535	0.90010625	0.8261305	0.73508847	0.65510535	0.5527176	0	0	0	
1	0	0.99979615	1.1031945	1.2114697	1.1959174	1.144926	1.0984632	1.0486265	0.9871636	0.9270222	0.855559	0.78925335	0.7251941	0.6708788	0.6140308	0.55375165	0	0	0	0	0	0	0	0	
1	0.5040898	1.0088103	1.2572706	1.2432109	1.2048744	1.1627601	1.1187513	1.0746545	1.0252346	0.9681191	0.8959375	0.81598854	0.77691275	0.7212167	0.66731346	0.61039	0.54776543	0	0	0	0	0	0	0	
1	0	0.9438318	1.1845835	1.1944423	1.1308426	1.0518348	0.97207266	0.89408404	0.81698817	0.78542846	0.7545226	0.7099676	0.66404617	0.6018238	0.54149735	0	0	0	0	0	0	0	0	0	
1	0	0	0.57151663	0.5909086	0.56986177	0.5152136	0	0	0	0	0.50088996	0	0	0	0	0	0	0	0	0	0	0	0	0	
1	0.5638958	1.1256157	1.2828021	1.3181967	1.3005023	1.2531595	1.218814	1.1898723	1.162387	1.1463991	1.1143193	1.0734975	1.0218883	0.9607188	0.8802011	0.8127489	0.73465604	0.6485541	0.5487775	0	0	0	0	0	
1	0	0	0	0	0	0.6130221	0.6481551	0.66547245	0.6514913	0.6111865	0	0	0	0	0	0	0	0	0	0	0	0	0	0	
1	0	0.99948454	1.2372838	1.3108982	1.3173325	1.2790048	1.247241	1.2239027	1.2019311	1.1726658	1.1323462	1.0764385	1.0233727	0.94355977	0.8627405	0.7712054	0.669353	0.57583195	0	0	0	0	0	0	
1	0	0	0	0	1.2132398	0	1.0849789	0	0	0	0	0	0.6367127	0	0.5285148	0	0	0	0	0	0	0	0	0	
1	0	1.064432	1.2407113	1.2698683	0	1.1457584	0.52186257	1.0212259	0.9460841	0.8679263	0.79021263	0.70888156	0	0.5699004	0	0	0	0	0	0	0	0	0	0	
1	0	0.889142	1.0539806	1.0481133	0.94955593	0.82827234	0.71931803	0.6547577	0.62487304	0.61271375	0.6006737	0.5793407	0.54829633	0.50739133	0	0	0	0	0	0	0	0	0	0	
1	0	0	0	0.5256903	0.5342969	0.5161723	0	0	0	0	0	0	0	0	0	0	0	0	0	0	0	0	0	0	
1	0.6019609	1.1465056	1.2847055	1.3248845	1.3128077	1.2694969	1.2423722	1.2223382	1.2035048	1.1865683	1.1594015	1.1192822	1.0664243	1.0105784	0.94250375	0.8568569	0.77692676	0.68768126	0.58921105	0	0	0	0	0	
1	0	0	0	0	0	0	0	0	0	0.52377135	0.5063867	0	0	0	0	0	0	0	0	0	0	0	0	0	
1	0.5040906	1.0433738	1.2850605	1.313297	1.2833796	1.2361293	1.2028521	1.1693982	1.1309861	1.0840367	1.0252211	0.9642332	0.891563	0.81715375	0.74191844	0.6644332	0.58085865	0.5122191	0	0	0	0	0	0	
1	0.59421694	1.1566876	1.2764442	1.3272858	1.3073859	1.2651616	1.2398013	1.2207966	1.1954637	1.1639372	1.1237049	1.0697839	1.0117344	0.93761605	0.8597789	0.77702236	0.6923761	0.60403925	0.52119833	0	0	0	0	0	
1	0	0	0	0	0.9018058	0.9252364	0.86997765	0.7758059	0.7592177	0.7946564	0.79419744	0.7666692	0.71739316	0.65311134	0.5862712	0.5222679	0	0	0	0	0	0	0	0	
1	0.5641867	1.1115961	1.3181279	1.320527	1.3009855	1.2603639	1.2301478	1.2059457	1.1713035	1.1300712	1.0771899	1.0137533	0.9414133	0.8623988	0.8049057	0.75104904	0.672967	0.60733354	0.53103936	0	0	0	0	0	
1	0.58953583	1.087374	1.2168409	1.303112	1.270608	1.2608058	1.2445083	1.1998426	1.1632444	1.1219634	1.0672503	0.99391216	1.0361637	0.96654594	0.89080787	0.8045729	0.7203197	0.50520223	0	0	0	0	0	0	
1	0	1.118889	1.2868176	0.8649274	0.98401874	1.2624778	0.99334455	1.2280662	1.2043192	1.1755248	1.139448	1.0918708	0.6362828	0.6141283	0.5886786	0.5554299	0.50999	0.62678564	0.54168403	0	0	0	0	0	
1	0.53489757	1.0284723	1.2761624	1.3000782	1.2837754	1.25791	1.2308421	1.2065527	1.1710707	1.1292167	1.075782	1.0054406	0.9294466	0.859188	0.7976638	0.7343894	0.66195863	0.6012831	0.52911335	0	0	0	0	0	
1	0	1.0579114	1.196322	1.2363371	1.2101101	1.1579176	1.1625625	1.161265	1.1418437	1.1055473	1.0616668	1.0096068	0.9478601	0.8829121	0.80294096	0.7323956	0.64746326	0.5624384	0	0	0	0	0	0	
1	0	0	0	0.80108553	0.7913908	0.75433314	0.6930966	0.62229073	0.51114064	0	0	0	0	0	0	0	0	0	0	0	0	0	0	0	
1	0	0.7382265	0.80448854	0.8250628	0.878969	0.8582051	0.82021147	0.81341046	0.79808867	0.7693352	0.72567415	0.66955036	0.61117715	0.5465356	0	0	0	0	0	0	0	0	0	0	
1	0.5587589	1.1283326	1.278719	1.322985	1.3191358	1.2765326	1.2565562	1.2471572	1.2447776	1.2381219	1.2233287	1.1967132	1.1618781	1.121773	1.066119	0.98142827	0.907821	0.8055247	0.6842472	0.5830356	0	0	0	0	
1	0	0	0	0	1.3169041	0	1.260933	0	0	0	0	0	1.1745853	0	1.0767741	0	0.94341975	0	0	0	0	0	0	0	
1	0.53953904	1.123303	1.2801182	1.3244883	1.028214	1.2743112	0	1.2504015	1.245018	1.2383134	1.2265574	1.2075878	0.6948209	1.1380186	0.5450866	1.0274436	0	0.8547575	0.75292003	0.6277564	0.5258614	0	0	0	
1	0.5968196	1.071531	1.2932165	1.3199865	1.3122135	1.311489	1.2734531	1.2501246	1.2313439	1.2094938	1.1832929	1.1506224	1.1017766	1.0504737	0.96901697	0.9001435	0.84442157	0.80908626	0.744942	0.6998921	0.6496682	0.5590333	0	0	
1	0	0.63056743	0.6525982	0	0	0.76579213	0.80812913	0.7980666	0.7569407	0.6890995	0.65337026	0.63787746	0.6148938	0.6004247	0.5740562	0.53414875	0	0	0	0	0	0	0	0	
1	0	1.1540918	1.2765287	1.3199234	1.3230956	1.2815001	1.2637291	1.2529477	1.2460885	1.2374682	1.2258762	1.2113906	1.1871331	1.1642901	1.1206626	1.0830859	1.0036101	0.9370648	0.8359869	0.73280907	0.6338372	0.5174808	0	0	
1	0.6347726	0	0	0.9138121	0.93512046	1.178475	1.1568526	1.11281	1.0452693	0.97014683	0.931022	0.8886504	0	0	0	0	0	0	0	0	0	0	0	0	
1	0.56478095	0.97606623	1.3230882	1.3108395	1.2828234	1.2643932	1.2539303	1.2733835	1.2745017	1.2471899	1.2227926	1.1644703	1.1779007	1.1337533	1.10318	1.044772	0.96504825	0.9281914	0.8625957	0.75947833	0.68908596	0.5845443	0	0	
1	0	0	0	0	0	1.1621952	0	1.218584	1.2310805	1.2381667	0	1.1967875	0	0	0	0	0	0.9026724	0.8080047	0.6900886	0.58368695	0	0	0	
1	0	0	0	0	0	0	0.57989883	0.58986515	0	0.5565721	0.52625144	0	0	0	0	0	0	0	0	0	0	0	0	0	
1	0.5319059	1.086807	1.1966922	1.2222705	1.135229	1.1116736	1.1105154	1.1187707	1.126734	1.1173608	1.0848578	1.0255212	0.94718724	0.85384953	0.76122886	0.7062929	0.6447358	0.5797252	0.5156121	0	0	0	0	0	
1	0.61929697	1.1681321	1.3222394	1.3256599	1.3367145	1.3084246	1.2935288	1.2837498	1.2784684	1.2739784	1.2696816	1.2665299	1.2599176	1.2409495	1.2364997	1.2106147	1.1744149	1.156986	1.0905107	0.96546775	0.89913446	0.807554	0.6551239	0	
1	0	0.6387601	0.9056503	0.9173294	0.8593041	1.2702075	0	1.2318025	1.1897621	1.1550878	1.1034427	1.0394496	0.96869415	0.9173757	0.8481319	0.78734225	0.71258837	0	0	0	0	0	0	0	
1	0.6418959	1.1034353	1.2767776	1.2767605	1.3310885	1.3129734	1.2782066	1.2527733	1.2366569	1.2298365	1.2333378	1.244874	1.2551701	1.2479006	1.2510437	1.2113155	1.2097962	1.1697245	1.077208	1.0030743	0.9357908	0.8150992	0.6297548	0	
1	0	0	0	0	0	0.7335558	0.7689219	0.78843963	0.79122704	0.7778194	0.7336656	0.6694689	0.6371892	0	0	0	0	0	0	0	0	0	0	0	
1	0.58048517	1.0700223	1.2776049	1.31225	1.3037851	1.2850013	1.240915	1.2186794	1.1919366	1.174624	1.1832604	1.1883019	1.1824362	1.1709645	1.1457869	1.1090629	1.0289423	0.9526989	0.8615759	0.7402915	0.60606235	0	0	0	
1	0.52448475	1.1576833	1.2867038	1.2681009	1.2699583	1.2465878	1.2101761	1.1658072	1.1464411	1.143732	1.1351876	1.1199841	1.0951922	1.0601016	1.0212084	0.97729445	0.8981093	0.7897064	0.68863106	0.587477	0.50167155	0	0	0	
1	0	0	0	0.89561313	0.86798847	0.83788866	0.8085135	0.78892225	0.7357088	0	0	0	0	0	0	0	0	0	0	0	0	0	0	0	
1	0.61212	1.1306876	1.3131578	1.3209963	1.3260502	1.287627	1.2515526	1.2277617	1.2057687	1.1810256	1.1548655	1.121533	1.07801	1.0385182	0.98254126	0.90853703	0.8536402	0.7859863	0.697952	0.613306	0.5463843	0	0	0	
1	0	0.50436056	0.6243045	0.64629436	1.106765	0.62972337	1.038859	0.6091776	0.59507936	0.5788116	0.55811864	0.53049624	0.96396834	0.94408095	0.93665934	0.9132174	0.87065744	0	0	0	0	0	0	0	
1	0	1.1358947	1.2257864	1.2651341	1.2511878	1.2005981	1.1440138	1.0825176	1.0250934	1.013388	0.99348915	0.9767405	0.7771852	0.7033499	0.61980295	0.5515507	0	0.8332794	0.7362289	0.6520545	0.5428144	0	0	0	
1	0.518797	1.1673716	1.2885889	1.2727605	1.2630446	1.2258155	1.1993116	1.1836426	1.1479266	1.1040118	1.0955584	1.0882636	1.0855343	1.0773202	1.0562619	1.0229499	0.97441643	0.8910344	0.80487144	0.6947002	0.58935076	0	0	0	
1	0	0	0	0	0.7521704	0.5865394	0.54323924	0	0	0	0	0.6912908	0.56356514	0.5374607	0.5044069	0	0	0	0	0	0	0	0	0	
1	0.5377119	1.1311048	1.183544	1.286635	1.2822012	1.2595043	1.2283796	1.1992933	1.1630679	1.1240453	1.0792181	1.0807205	1.0850308	1.0711194	1.0373423	0.9750418	0.9037691	0.79713595	0.6695017	0.54820335	0	0	0	0	
1	0	1.1318156	1.2438558	1.2478505	1.2484291	1.2018918	1.1461766	1.0872598	1.0215024	0.95120037	0.8930616	0.82685554	0.7644496	0.71845144	0.69325596	0.69092506	0.6813487	0.67247003	0.66794974	0.59906054	0.54854757	0	0	0	
1	0	0	0	0	0	0.8298876	0.82355714	0.77925026	0.7136006	0.6550721	0.61971205	0	0	0	0	0	0	0	0	0	0	0	0	0	
1	0.5262904	1.0827625	1.1810671	1.2457856	1.2507168	1.2158116	1.1649393	1.1121517	1.0524398	1.0347773	1.0399773	1.039936	1.0277892	1.0239115	0.98495656	0.95143497	0.8700893	0.7880633	0.66907126	0.5372985	0	0	0	0	
1	0.56046075	1.0675967	1.1764883	1.2809863	1.2688829	1.2439872	1.2100879	1.1724589	1.1288278	1.0791328	1.0216285	0.9500151	0.8751598	0.7845943	0.69225097	0.6100807	0.5276717	0	0	0	0	0	0	0	
1	0	0.50385904	0.5461129	0	0.6646781	1.1120856	1.1204915	1.110003	1.0800904	1.0365646	0.9770805	0.9044906	0.8213826	0.7462232	0.68679297	0.62631553	0.5649163	0.5021576	0	0	0	0	0	0	
1	0.50689906	1.1059335	1.1960051	1.2101008	1.2236196	1.1724697	1.105059	1.0327184	0.9531141	0.9294133	0.90912545	0.88243335	0.85936356	0.83695394	0.81932086	0.78688824	0.7833475	0.7541471	0.6890511	0.63314277	0.5267941	0	0	0	
1	0	0	0.5520594	0.5963605	1.146981	0.6091363	1.112644	0.57213044	0.5423855	0.51003575	0	0	0.80404216	0.75743496	0.7168691	0.66433346	0.59512746	0	0	0	0	0	0	0	
1	0.53554595	1.0599166	1.1295354	1.2591771	1.2390659	1.1962821	1.143337	1.0876464	1.0252403	0.96070904	0.8839528	0.830715	0.6927473	0.6739854	0.63378876	0.57439667	0.523391	0.5340418	0	0	0	0	0	0	
1	0.5506131	1.0809119	1.2107826	1.2709826	1.2490443	1.2134804	1.1627916	1.1043062	1.060714	1.0175289	0.9611079	0.8953802	0.8194257	0.74122596	0.6566816	0.5722397	0.51637286	0	0	0	0	0	0	0	
1	0	0	0	0	0	0.64789647	0.65502584	0.64458096	0.6110421	0	0.55357575	0.5221083	0	0	0	0	0	0	0	0	0	0	0	0	
1	0	0	0	0	0.985639	0	0.964376	0	0	0	0	0	0.84419155	0	0.77000886	0	0.6950296	0	0	0	0	0	0	0	
1	0.531641	1.0666597	1.1076893	1.2270877	1.2065463	1.1535053	1.0947732	1.0394039	0.976252	0.9195574	0.89470094	0.87336856	0.79126716	0.81667876	0.65882015	0.74190396	0	0.6268608	0.5731248	0	0	0	0	0	
1	0	1.0769771	1.1453198	1.098733	1.1006916	1.0834011	1.0562456	1.032667	1.0143306	1.0009861	1.0154084	1.0287149	1.0352551	1.040041	1.0422312	1.0199378	0.99736124	0.9349321	0.8728267	0.756374	0.6634317	0.55034673	0	0	
1	0	0	0	0.587569	0	0	0	0	0	0	0	0	0	0	0	0	0	0	0	0	0	0	0	0	
1	0	1.0176351	0.9800594	1.1321379	1.1359295	1.0886922	1.0114248	0.92281955	0.8292699	0.74681574	0.70436347	0.6513899	0.60351795	0.5453046	0	0	0	0	0	0	0	0	0	0	
1	0	0	0.5556422	0	0.6159976	0	0.6097408	0.59243053	0	0.5386075	0	0	0	0	0	0	0	0	0	0	0	0	0	0	
1	0.53104925	1.0765101	1.121128	1.2467582	1.2339265	1.1929622	1.134705	1.0726537	1.0055094	0.93701833	0.85592204	0.774568	0.7561708	0.72816503	0.6852783	0.6258927	0.57713205	0.51844245	0	0	0	0	0	0	
1	0.58158296	1.1493243	1.2447864	1.2044511	1.2128828	1.1730719	1.1105851	1.0805737	1.0480742	1.0066622	0.99096024	0.9810579	0.96156955	0.94962436	0.91129214	0.8827765	0.83422965	0.75982714	0.6657103	0.59233576	0.5107293	0	0	0	
1	0	0	0	0	0	0	0.63494027	0.62487876	0	0	0	0	0	0	0	0	0	0	0	0	0	0	0	0	
1	0	1.100061	1.1699487	1.1828941	1.2123246	1.1684828	1.1053392	1.1102571	1.1156133	1.1193814	1.1072223	1.0686414	1.0208098	0.9645284	0.9313273	0.87987113	0.8204276	0.7649866	0.6862866	0.6150804	0.51188534	0	0	0	
1	0	1.0634421	1.0777146	1.1796337	1.1634914	0.9972621	1.0058752	0.9208963	0.8957113	0.88186413	0.8641153	0.8401195	0.81591076	0.78361726	0.74766326	0.6984782	0.65613073	0.59218895	0.5352638	0	0	0	0	0	
1	0.517585	0	0	0	0	1.0925685	0	0	0.64075625	0.64630884	0.644275	0.621278	0.5821141	0.5389614	0	0	0	0	0	0	0	0	0	0	
1	0	1.1086928	1.2040378	1.165306	1.186171	1.1392311	1.0647856	0.98706937	0.9897086	1.0026964	1.0129609	1.0190469	1.0167274	1.0107602	0.99705374	0.96215713	0.91558844	0.83530027	0.7571847	0.6646394	0.5571728	0	0	0	
1	0	0	0	0	0	0.637513	0	0	0	0	0	0.5227928	0	0	0	0	0	0	0	0	0	0	0	0	
1	0	0	0	0	1.0119193	0	0.98079395	0	0	0	0	0	1.0102444	0	0.98212135	0	0.88741606	0	0	0	0	0	0	0	
1	0	1.0568784	1.1274121	1.0775273	1.0236361	1.0237787	1.0166162	1.01335	1.0147989	1.0156944	1.0125824	1.0174338	0.8953012	1.0114163	0.7180852	0.9517381	0.52956676	0.81218547	0.72781354	0.6286548	0.5261923	0	0	0	
1	0.5312381	1.0321312	1.2324036	1.252077	1.2318257	1.1499021	1.0577292	0.9750564	0.8983754	0.8386046	0.7810591	0.7258581	0.676508	0.6250775	0.58973444	0.5581274	0.5195262	0	0	0	0	0	0	0	
1	0	0	0	0	1.2884072	0	1.1799489	0	0	0	0	0	0.811399	0	0.7135508	0	0.6161536	0	0	0	0	0	0	0	
1	0.56242603	1.1075039	1.2645814	1.2772584	0	1.2379156	0.60878825	1.1266012	1.0719701	1.0074141	0.9350467	0.8616228	0.5278376	0.7643321	0.61995023	0.67116374	0.54880464	0.57785255	0.5201598	0	0	0	0	0	
1	0.54258037	1.0640955	1.2303915	1.2704628	1.2665693	1.2198739	1.1918789	1.1523741	1.0981034	1.0347357	0.9520822	0.85935026	0.7653441	0.6854624	0.61653066	0.5748619	0.5256069	0	0	0	0	0	0	0	
1	0	0	0	0	0	0	0	0.5786212	0.58142495	0.56765413	0.53914636	0	0	0	0	0	0	0	0	0	0	0	0	0	
1	0	0	0	0	1.2488245	0	1.1982912	0	0	0	0	0	0	0	0.7527899	0	0	0	0	0	0	0	0	0	
1	0.53451544	1.0513853	1.2157946	1.2629082	0.6729728	1.223783	1.105598	1.1665577	1.1199554	1.0649499	0.9931063	0.89839447	0.83061564	0.79774386	0.55877954	0.7327287	0.7046759	0.6624531	0.6102397	0.57135767	0.5024816	0	0	0	
1	0.54631335	1.0612025	1.1906561	1.2676198	1.2269614	1.2006447	1.1415673	1.0785593	1.0251312	0.97488755	0.9503103	0.930463	0.9004465	0.88181937	0.84404975	0.82005763	0.7915098	0.7434291	0.6656674	0.6190439	0.54411185	0	0	0	
1	0	0	0	0	0	0.6713827	0	0	0.5811369	0.5731844	0	0	0	0	0	0	0	0	0	0	0	0	0	0	
1	0.50880903	1.1008723	1.153847	1.2593446	1.2660903	1.2373027	1.1984401	1.1586597	1.1116996	1.0614791	1.0520084	1.0338285	1.0136669	0.9661096	0.92573965	0.85653496	0.7716813	0.68150395	0.5644868	0	0	0	0	0	
1	0	0	0.5274422	0	0	0	0.76582074	0.7261245	0.6903662	0.66423845	0.6386941	0.60615116	0.5704962	0.52932227	0	0	0	0	0	0	0	0	0	0	
1	0.6058578	1.1133064	1.2564734	1.2907025	1.2756379	1.2362813	1.1996143	1.1601605	1.1130016	1.0918794	1.0645738	1.0279233	0.970771	0.91033703	0.8485221	0.78066236	0.7060023	0.6469071	0.60818696	0.5673666	0.5033902	0	0	0	
1	0	0	0	0	0	0	0.52639776	0.53469837	0.542262	0.5890289	0.6016676	0.58412117	0.5553662	0.5213032	0	0	0	0	0	0	0	0	0	0	
1	0	1.0511234	1.2762865	1.1121448	1.2548174	1.0244621	1.1074059	1.0311378	0.9564032	0.9029273	0.8387754	0.7408306	0.72088385	0.6851415	0.6582496	0.6247799	0.5781591	0.52300984	0	0	0	0	0	0	
1	0.5713945	1.0630567	0.5322702	1.262333	1.0561968	1.1849412	1.0191628	0.946658	0.8649637	0.78360975	0.72732633	0.7693891	0.59631187	0.5554328	0.51250803	0	0	0	0	0	0	0	0	0	
1	0.5693894	1.1096851	1.1635518	1.2404399	1.2196993	1.2150356	1.1624261	1.0995415	1.0299649	0.9943168	0.96553636	0.92712194	0.9000867	0.8570524	0.8322588	0.79712695	0.74106014	0.7029253	0.63924795	0.5436257	0	0	0	0	
1	0	0	0	0	0	0.5892578	0	0	0	0	0	0.54064	0	0	0	0	0	0	0	0	0	0	0	0	
1	0.55354095	1.0695951	1.1788713	1.2818879	1.2678694	1.2428988	1.2099879	1.1700295	1.125731	1.071871	1.0045745	0.924137	0.83464885	0.7311779	0.64133245	0.57234347	0.5112913	0	0	0	0	0	0	0	
1	0	0	0	0	0	0.7667212	0.75638163	0.71309346	0.65092367	0.59014654	0.53070194	0	0	0	0	0	0	0	0	0	0	0	0	0	
1	0.55310684	1.0755048	1.181808	1.2514992	1.243374	1.2467513	1.1803402	1.1122354	1.0757484	1.0390326	1.0184118	1.0127023	0.9978268	0.9711137	0.93726903	0.8913204	0.8118469	0.7476364	0.64647037	0.5445378	0	0	0	0	
1	0.53146726	1.0826988	1.1938977	1.1832569	1.1886363	1.1329608	1.0498157	1.0112989	1.0243177	1.0364974	1.0446547	1.0486531	1.043234	1.0442392	1.027086	1.0034968	0.9579339	0.893099	0.81796986	0.7082777	0.62295014	0.5051268	0	0	
1	0	0	0	0	1.0442039	0	0.9777251	0	0	0	0	0	1.0196065	0	0.96944654	0	0.85888976	0	0	0	0	0	0	0	
1	0.5158984	1.0788667	1.1542666	1.113396	1.1286018	1.0841967	1.0118701	0.98460495	0.9982757	1.0131799	1.0228511	1.0225537	0	1.0057774	0	0.930065	0	0.7780573	0.6686934	0.54407036	0	0	0	0	
1	0	1.0332874	1.033111	0.9786638	0.9848592	0.94592905	0.92484695	0.9115768	0.898365	0.8815538	0.85868573	0.82930857	0.79327667	0.7613112	0.7237771	0.6746191	0.6399771	0.5907814	0.5129934	0	0	0	0	0	
1	0.50482786	1.0645555	1.059071	1.1708328	1.1417891	1.0722035	0.9946441	0.923907	0.8591971	0.80052906	0.76006526	0.7699622	0.75873	0.7284129	0.67643255	0.61159503	0.5255506	0	0	0	0	0	0	0	
1	0	0	0	0	0.50932515	0	0	0	0	0	0	0	0	0	0	0	0	0	0	0	0	0	0	0	
1	0	1.0447514	1.0915111	1.0902014	1.103574	1.044171	0.9690411	0.97505474	0.98540604	0.9976838	1.0044519	1.0030823	0.99839634	0.9873779	0.9503375	0.91657376	0.84305173	0.77166295	0.6779116	0.57352996	0	0	0	0	
1	0	0	0.7549245	0.7383205	0.6730226	0	0	0.54955363	0.8486207	0.8331296	0.7981134	0.7467291	0.69652903	0.64049387	0.5838001	0.5297744	0	0	0	0	0	0	0	0	
1	0.51745504	1.0303211	1.0945494	1.2347839	1.2419138	1.2195966	1.2023696	1.1616067	1.1122565	1.060958	1.0676163	1.0731294	1.0739878	1.0560074	1.0511775	1.0117165	0.9670794	0.9112444	0.80422616	0.6902643	0.580572	0	0	0	
1	0.5686833	1.0746912	1.2535378	1.2733195	1.2894183	1.2413355	1.1805588	1.1264999	1.1037645	1.1125447	1.1155576	1.1102567	1.1003934	1.0845788	1.045563	0.9972418	0.9358536	0.8399503	0.7087017	0.5976504	0	0	0	0	
1	0	0.9904517	1.105395	1.0496147	1.2363731	1.1525002	1.2314651	1.2214767	1.0180846	1.1766212	1.1405852	1.007377	1.0328043	0.97772306	0.94257385	0.89744544	0.84644	0.7659135	0.65362376	0.5615493	0	0	0	0	
1	0.5009841	1.0365894	0	1.2122613	0	1.2427036	0.83871114	0.7988746	1.2036828	0.7002998	0.6658509	1.0911202	0.59144723	0.5477308	0	0	0	0	0	0	0	0	0	0	
1	0.5357976	1.0486845	1.1244192	1.2509693	1.228534	1.1831357	1.1217538	1.0511218	0.9928867	0.95223314	0.9269122	0.8947075	0.8503027	0.8120228	0.7574987	0.6960094	0.6388026	0.56626624	0	0	0	0	0	0	
1	0.53145844	1.0626497	1.111001	1.2410439	1.2273331	1.183435	1.1224682	1.0556597	0.9814716	0.90736556	0.86711174	0.8165128	0.77406967	0.71964353	0.67088544	0.62365264	0.5637768	0.5170122	0	0	0	0	0	0	
1	0	0	1.1621964	0.93847954	1.1769956	1.017919	1.0228505	0.9316613	0.8929708	0.8488822	0.83850515	0.7390597	0.7328539	0.67476076	0.6099706	0.54907954	0	0	0	0	0	0	0	0	
1	0.5602674	1.1150857	0	1.2458843	0.5302824	1.0958999	0	0.96140385	0.92175764	0.8851152	0.661473	0.7860409	0.6075201	0.57148474	0.52399313	0	0	0	0	0	0	0	0	0	
1	0.64153665	1.1561867	1.3032193	1.3260794	1.3302664	1.2937084	1.269511	1.2589425	1.2469093	1.231241	1.212161	1.1893758	1.1548139	1.1148102	1.0503616	0.99587834	0.9089159	0.8009999	0.6969493	0.5752673	0	0	0	0	
1	0.5392284	1.0150425	1.2408297	1.3052201	1.3052921	1.2632661	1.2238773	1.1939268	1.157264	1.1140705	1.0584472	0.98419636	0.91639435	0.86939275	0.82012326	0.7532495	0.6967717	0.62223095	0.5435296	0	0	0	0	0	
1	0	0	0	0.904716	0	0	0	0.68311244	0.7448365	0.7760989	0.7782159	0.7494915	0.7067683	0.65734506	0.60412997	0.545249	0	0	0	0	0	0	0	0	
1	0.5097566	1.0587395	1.3053876	1.3227835	1.2966058	1.2540015	1.2259978	1.20244	1.1694826	1.130736	1.082347	1.0189543	0.9540237	0.8669128	0.77905995	0.69289124	0.6015025	0.5421056	0	0	0	0	0	0	
1	0	0	1.2072629	0	1.2616726	0.5668543	1.1385326	0.5996102	0.58524716	0.56432945	0.5373561	0.5003498	0.7838541	0.71477187	0.65453166	0.6016552	0.5523919	0	0	0	0	0	0	0	
1	0.52341104	1.0106006	1.2851275	1.293059	0	1.1970052	0.5826645	1.079005	1.0059541	0.92428076	0.8790938	0.84298843	0.6970524	0.65733427	0.6135372	0.5608083	0.5005908	0	0	0	0	0	0	0	
