4	0.5477867	1.0809999	1.21537	1.1471915	1.0876818	1.1092727	1.11556	1.125502	1.1392556	1.1473739	1.1411701	1.1177138	1.0851067	1.0416787	0.9860951	0.9146352	0.8492549	0.762739	0.66494226	0.5741487	0	0	0	0	
4	0.53519386	1.1030879	1.0917782	1.174694	1.1900712	1.1692414	1.1524267	1.1436591	1.1372086	1.1335113	1.1219207	1.0933771	1.0593766	0.98621136	0.9139657	0.8214713	0.7146983	0.61751986	0.51050955	0	0	0	0	0	
4	0.5441599	1.0349187	1.0765524	1.1168088	1.1066217	1.0856442	1.063684	1.0346556	0.9815179	0.9116126	0.8982782	0.88051933	0.8379899	0.7851616	0.7040916	0.62163603	0.52799964	0	0	0	0	0	0	0	
4	0	0	0.52429587	0.5157965	0.50637317	0.509346	0.50953406	0	0	0	0	0	0	0	0	0	0	0	0	0	0	0	0	0	
4	0.5974018	1.0690564	1.1610212	1.1294463	1.0804073	1.0999975	1.0818669	1.0386792	1.0322593	1.0597106	1.070506	1.0618565	1.0342079	0.9850091	0.92518866	0.8440567	0.7616257	0.6697096	0.57225466	0	0	0	0	0	
4	0	0.56582785	0.5627612	0	0.53861535	0.6065824	0.65219826	0.67007893	0.66098845	0.63130516	0.58185536	0.5209547	0	0	0	0	0	0	0	0	0	0	0	0	
4	0	0	0	0	0	0.50135255	0	0	0	0	0	0	0	0	0	0	0	0	0	0	0	0	0	0	
4	0	0.9738492	0.88848996	0.7518784	0.78534794	0.80797595	0.7936848	0.7933132	0.77887785	0.74971706	0.74736464	0.7184888	0.6722166	0.6032546	0.5554661	0.52085346	0	0	0	0	0	0	0	0	
4	0	0	0	0.5220749	0.553381	0.56980693	0.57234603	0.55835634	0.5321154	0	0	0	0	0	0	0	0	0	0	0	0	0	0	0	
4	0.54929465	1.0707836	1.2037702	1.1572995	1.1540931	1.1369812	1.1464292	1.1538103	1.1438749	1.1154289	1.077701	1.0788134	1.0561805	1.0148566	0.93719804	0.8547864	0.7399243	0.64482325	0.5659019	0.50862396	0	0	0	0	
4	0	0.6932	0.92805785	0.9702163	0.9606834	0.97075236	0.98607993	0.99139285	0.9849162	0.983027	0.96769077	0.97003776	0.9501813	0.9544911	0.97247994	0.95374674	0.90369105	0.8326873	0.7223504	0.6011	0.5180066	0	0	0	
4	0.52316064	1.0709678	1.2385136	1.2017256	1.1604629	1.1281997	1.0955691	1.0577505	1.0074034	1.0065063	0.9920749	0.9333733	0.8507138	0.75394195	0.65452605	0.57481307	0	0	0	0	0	0	0	0	
4	0	0	0.50840294	0	0	0.5078539	0.5344542	0.53575456	0.5239921	0	0	0	0	0	0	0	0	0	0	0	0	0	0	0	
4	0.585259	1.1176612	1.298774	1.2598014	1.2355481	1.2293167	1.2037768	1.1670697	1.1222277	1.0671463	1.0562474	1.0841427	1.0901324	1.0909278	1.0480788	0.9946546	0.8928173	0.7913229	0.669192	0.54440707	0	0	0	0	
4	0	0.5942715	0.76767117	0.72140974	0.6672662	0.6354298	0.6725492	0.6860259	0.6805456	0.65796757	0.61711997	0.56331336	0.5070319	0	0	0	0	0	0	0	0	0	0	0	
4	0.5396394	1.0806737	1.2292389	1.1717684	1.1663805	1.1536386	1.1451575	1.1423076	1.1203446	1.0822728	1.0640682	1.0590692	1.0346091	1.0198491	0.98530847	0.9080992	0.81242985	0.6944722	0.5805348	0.53316677	0	0	0	0	
4	0	0.5018988	0.6336714	0.63815206	0.63500375	0.6418518	0.6753056	0.68236136	0.665208	0.62740004	0.5725572	0.5090258	0	0	0	0	0	0	0	0	0	0	0	0	
4	0.5440883	1.0895488	1.1575173	1.131787	1.1240748	1.1091063	1.1136672	1.1235137	1.1236049	1.1003152	1.049216	0.97174513	0.88535875	0.7951317	0.70894516	0.62975156	0.5848126	0.5393153	0	0	0	0	0	0	
4	0	0	0	0.53863347	0.5594714	0.5991452	0.62078565	0.623031	0.6328384	0.609188	0.56730306	0.51514155	0	0	0	0	0	0	0	0	0	0	0	0	
4	0	1.0845181	1.1810265	1.085468	0.9873614	0.9543744	0.99849373	1.0661259	1.097103	1.0773247	1.013799	0.9201859	0.82548434	0.73985493	0.6613454	0.58332324	0.5096951	0	0	0	0	0	0	0	
4	0	0.58543694	0.502043	0.66068494	0.6479291	0.61742175	0.58340687	0.5216939	0	0	0	0	0	0	0	0	0	0	0	0	0	0	0	0	
4	0.5863368	1.0971562	1.2861401	1.26617	1.2511641	1.2246866	1.1996647	1.1733705	1.1486231	1.1758608	1.1884441	1.1819129	1.1473376	1.1144562	1.0512533	1.0074229	0.94627815	0.86627007	0.76146483	0.6844784	0.61923236	0.53821445	0	0	
4	0	0.7910733	0.78707397	1.0020757	1.01421	0.98738736	0.94024503	0.8857629	0.845286	0.8123567	0.7675548	0.75123113	0.7036056	0.577277	0.51163024	0	0	0	0	0	0	0	0	0	
4	0	0.56131804	0.5925549	0.6139274	0.6452027	0.636004	0.6034316	0.56090087	0.51609254	0	0	0	0	0	0	0	0	0	0	0	0	0	0	0	
4	0.6183617	1.1589165	1.2513621	1.2430254	1.2553729	1.2695515	1.2826554	1.2723162	1.2645346	1.2541099	1.2424389	1.2296463	1.20909	1.1933086	1.1446806	1.1038157	1.0242693	0.9549177	0.86052054	0.72795635	0.6242225	0.50035095	0	0	
4	0.69910294	1.1794338	1.3092394	1.3234966	1.2924035	1.2975556	1.2828104	1.2691574	1.2772052	1.2812766	1.2832923	1.2833143	1.2752784	1.2715744	1.264574	1.2608914	1.2178243	1.2356443	1.2115214	1.127081	0.9831373	0.9547142	0.86104584	0.6424805	
4	0.6236197	1.1802161	1.3224598	1.2842879	1.3081417	1.2994376	1.2821121	1.2667605	1.2514194	1.2364426	1.2187697	1.205789	1.1761532	1.1190958	1.071854	1.0101765	0.95556957	0.87777615	0.8063427	0.71373594	0.6188213	0.5376196	0	0	
4	0.6197508	1.1324269	1.2556764	1.2661222	1.2917181	1.2858019	1.2749124	1.2919507	1.294434	1.2923675	1.284372	1.2766718	1.2793384	1.2688377	1.270576	1.2424076	1.2557613	1.2298714	1.1480385	1.1629665	1.1299688	1.0329614	0.84167254	0.6322723	
4	0.5441336	1.1395984	1.2717863	1.2389257	1.2278395	1.2583444	1.2351102	1.2020887	1.1913112	1.1774023	1.1415263	1.0885953	1.0258247	0.9493833	0.85602874	0.7729127	0.6728419	0.57138526	0	0	0	0	0	0	
4	0.65344435	1.1323885	1.2488158	1.3381038	1.3315582	1.3128842	1.2904427	1.2812494	1.277674	1.2751985	1.2689434	1.2594793	1.2573303	1.238258	1.2299685	1.1856617	1.1783061	1.135591	1.0367793	0.96854067	0.8864519	0.7515493	0.58303773	0	
4	0.58962375	1.1040453	1.2616361	1.2959594	1.2867032	1.295655	1.291106	1.2789911	1.261914	1.2485236	1.2337601	1.2196063	1.1978828	1.161295	1.1237037	1.0730085	1.0024716	0.9418354	0.8365036	0.7417004	0.64303875	0.5203464	0	0	
4	0.746698	1.2128069	1.2799699	1.1981846	1.2288975	1.2495711	1.2514179	1.2567508	1.2672907	1.2810773	1.2846987	1.2744937	1.2693555	1.2559097	1.2421191	1.2175131	1.2111003	1.163594	1.0748447	1.0428516	0.9608855	0.8206213	0.6428381	0.50702846	
4	0.5716119	1.1374362	1.2914896	1.2928714	1.2730868	1.2616404	1.2506511	1.2378939	1.2301103	1.2070467	1.2085096	1.1961846	1.171699	1.1149541	1.0540295	0.9687335	0.8841343	0.78953856	0.66447073	0.5536713	0	0	0	0	
4	0.64732516	1.2224053	1.3205084	1.266859	1.2739353	1.3131902	1.303934	1.279726	1.2585375	1.2414659	1.224472	1.2008266	1.1694298	1.1347593	1.0806975	1.0112379	0.9400675	0.8364979	0.74372536	0.63774115	0.544869	0	0	0	
4	0.6225026	1.0737709	1.1691121	1.2760663	1.095356	1.1088413	1.1358253	1.1785582	1.2264704	1.2645319	1.2829831	1.2830243	1.2666454	1.2409053	1.2184414	1.1926774	1.1281742	1.1029466	1.0367777	0.9150159	0.83839613	0.7415086	0.5857182	0	
4	0	0.91838264	0.9834484	1.1299928	1.1526786	1.1102842	1.1061351	1.1276728	1.1208299	1.110367	1.114686	1.0694426	1.0004723	0.9030366	0.801276	0.6974926	0.5972993	0.50781393	0	0	0	0	0	0	
4	0.5878972	1.1826811	1.3200198	1.2729791	1.2801713	1.2755157	1.2570804	1.2398852	1.2628727	1.274341	1.2599207	1.2218438	1.2503525	1.2761532	1.2579018	1.2294128	1.1496532	1.0888926	1.02701	0.9231282	0.77825713	0.6904476	0.5599475	0	
4	0.6597562	1.1728975	1.2224016	1.206405	1.1871431	1.2032738	1.1894817	1.1606	1.1150537	1.1465548	1.1702006	1.177478	1.1669552	1.1622162	1.1210086	1.098565	1.0342331	0.9302578	0.82462686	0.70626354	0.58042765	0	0	0	
4	0	0.6960778	1.0085691	1.1226529	1.1007951	1.0475944	0.73761183	0.95033395	1.006912	1.0217284	1.0028799	0.95046496	0.8796497	0.7941548	0.7121968	0.63269114	0.5512601	0	0	0	0	0	0	0	
4	0	0	0	0.512296	0.5381791	0.53539366	0.5668787	0.57450515	0.5636597	0.53606325	0	0	0	0	0	0	0	0	0	0	0	0	0	0	
4	0.5811963	1.098708	1.2340378	1.2744417	1.2681406	1.2933896	1.2902868	1.2809407	1.2717317	1.2647947	1.2562104	1.2460629	1.2288512	1.2085974	1.1807753	1.1471008	1.0891038	1.0292095	0.9382101	0.81643325	0.7200775	0.5983908	0	0	
4	0.6089636	1.0049733	1.0869828	1.1223043	1.2070154	1.2551633	1.2540232	1.2839323	1.2708393	1.2409853	1.2061615	1.1683646	1.1314411	1.0829151	0.81070155	0.7150345	0.6238258	0.5368125	0	0.5401737	0	0	0	0	
4	0	0.846438	0.847308	0.95867145	0.98596925	0.95135766	0.7761192	0.7584839	0.7336738	0.7028084	0.65537447	0.5963389	0.5361707	0	0	0	0	0	0	0	0	0	0	0	
4	0	0	0.54745966	0.5212241	0.6975811	0.7161619	0.6937136	0.652397	0.6020247	0.5511692	0	0	0	0	0	0	0	0	0	0	0	0	0	0	
4	0.60113955	1.1461525	1.3104113	1.3091422	1.2892206	1.2854414	1.2794966	1.2788274	1.3028697	1.3137661	1.2984401	1.2913979	1.2897377	1.2891308	1.2828032	1.2761952	1.28229	1.245953	1.2509283	1.2676473	1.2303395	1.1192371	0.89636815	0.7629271	
4	0	0.7487151	0.84186226	0.94457704	1.0516937	1.0999277	1.0769401	1.1473962	1.1934673	1.2004431	1.1721495	1.118658	1.0420291	0.9668826	0.87360275	0.7884229	0.68822604	0.5933588	0	0	0	0	0	0	
4	0	0.50242853	0.5656519	0.6017565	0.5930936	0.55827856	0.5127073	0.5005598	0.67121446	0.6705957	0.64142096	0.59361523	0.5376427	0	0	0	0	0	0	0	0	0	0	0	
4	0	0	0	0	0	0.52004874	0.5312783	0.5168394	0	0	0	0	0	0	0	0	0	0	0	0	0	0	0	0	
4	0	0.9020189	1.1650141	1.2537954	1.2775859	1.2737234	1.2707155	1.2770041	1.2853062	1.2931552	1.2942888	1.2877966	1.287453	1.2870833	1.2794191	1.281502	1.2847703	1.2430996	1.2706126	1.2836281	0	1.120982	0.88770145	0.7854345	
4	0.63464224	1.0905206	1.2712784	1.2981875	1.2849493	1.2857696	1.293949	1.2863784	1.2814981	1.2783431	1.2773837	1.2774125	1.2660578	1.2795671	1.2666503	1.2125652	0.83745474	0.73067987	0.6181268	0.5070248	1.2404095	0	0	0	
4	0	0.82463574	0.85658157	1.0104216	1.059367	1.0911016	1.0948422	1.0700277	1.1180102	1.1489974	1.1378392	1.0911756	1.0165657	0.9206363	0.8248947	0.72783333	0.6358907	0.5463259	0	0	0	0	0	0	
4	0	0	0.5555432	0.61894387	0.65449077	0.66641355	0.6531528	0.62404025	0.5827124	0.5133215	0	0	0	0	0	0	0	0	0	0	0	0	0	0	
4	0.563848	1.0859499	1.2488748	1.2565219	1.2655327	1.267791	1.2551268	1.2565546	1.2879715	1.2760942	1.2709594	1.2713933	1.2652484	1.2397474	1.2346503	1.2027354	1.170237	1.1441945	1.0646688	0.98878676	0.9371378	0.8319958	0.655959	0	
4	0	0.95167565	1.1997386	1.1329193	1.2379962	1.2763019	1.2766693	1.2703121	1.1768764	1.1495994	1.0936818	1.2154248	1.2000077	1.1604617	1.1328664	1.0739722	1.0017676	0.93266845	0.82244796	0.68963206	0.583024	0	0	0	
4	0	0.74797297	0.7484921	0.7523685	0.79791576	0.70138514	0.7480373	0.7623586	0.74729913	0.72947353	0.68941	0.62884855	0.564613	0	0	0	0	0	0	0	0	0	0	0	
4	0.5824944	1.1435527	1.3108761	1.266838	1.2325852	1.2051761	1.1687207	1.123275	1.088888	1.0574436	1.0156556	0.968706	0.9080573	0.8573428	0.8017097	0.74091315	0.6828041	0.62425405	0.53507215	0	0	0	0	0	
4	0	0.56824154	0.84611803	0.5225833	0.5996728	0.6867878	0.71549565	0.7097151	0.6816295	0.63863707	0.58279854	0.522044	0	0	0	0	0	0	0	0	0	0	0	0	
4	0	1.0069873	1.2389433	1.2173358	1.2404872	1.237265	1.2362314	1.2460612	1.2591972	1.2693317	1.2701695	1.2606486	1.2464387	1.2352781	1.2052828	1.1839186	1.1535063	1.0832746	0.99224997	0.92082363	0.8080329	0.6566295	0.514038	0	
4	0.63835716	1.1554334	1.2776626	1.0966197	1.0818272	1.1292509	1.136415	1.1083589	1.0908256	1.0762069	1.0412195	1.0037405	0.9516751	0.8898132	0.82340425	0.7451956	0.670986	0.5907655	0.5039461	0	0	0	0	0	
4	0	0.5540617	0.64875245	0.6440917	0.6280443	0.64026546	0.6255402	0.594354	0.5555924	0.5146388	0	0	0.5103883	0	0	0	0	0	0	0	0	0	0	0	
4	0.66907746	1.1992798	1.2716261	1.2852118	1.2418578	1.2036477	1.2018875	1.2139438	1.2336017	1.2525827	1.2615203	1.2575886	1.2382759	1.2281133	1.1870892	1.1707373	1.1264324	1.0420054	0.96213675	0.86926216	0.73872364	0.59457856	0	0	
4	0	0.819602	0.967679	0.84634656	0.9496074	1.0121258	1.0450512	1.060907	1.0604448	1.044769	1.0079192	0.95047903	0.88030887	0.79661757	0.709094	0.627945	0.54795	0	0	0	0	0	0	0	
4	0.73328686	1.2038335	1.1942624	1.2105967	1.2386609	1.2523422	1.2430705	1.2248029	1.1991879	1.1885161	1.1861107	1.1755707	1.168673	1.1531976	1.1229025	1.0733931	1.0199412	0.9270223	0.7928354	0.67171335	0.5515501	0	0	0	
4	0	0.50972027	0.76986074	0.69631374	0.6299428	0.6625869	0.68078744	0.70037204	0.69325614	0.6629224	0.64272356	0.60491496	0.5555574	0	0	0	0	0	0	0	0	0	0	0	
4	0.56120086	1.156548	1.268876	1.2841911	1.2831339	1.2688744	1.2590039	1.2481483	1.250486	1.2481894	1.2364064	1.2152764	1.1869551	1.1654024	1.1387153	1.1335082	1.1081802	1.0409409	1.0062014	0.94197917	0.8256772	0.73441863	0.6482878	0	
4	0.6661542	0.9420441	1.1509639	1.2899224	1.2849321	1.2740688	1.2659489	1.2570546	1.241644	1.2248826	1.2036254	1.1798562	1.1454111	1.1032574	1.041959	0.9885837	0.90556127	0.80063117	0.7091213	0.60201854	0	0	0	0	
4	0.61727107	1.1386946	1.281133	1.2928821	1.2659758	1.2368158	1.2122848	1.1820604	1.1517578	1.1228403	1.1396247	1.1504937	1.1462702	1.1153084	1.0552385	0.98642266	0.89333165	0.79862106	0.6945282	0.60232675	0.5327204	0	0	0	
4	0	0.546592	0.87158346	0.9836711	1.120304	1.196799	1.2209661	1.2243822	1.2087487	1.1740992	1.1236254	1.0575697	0.9946634	0.9085666	0.8278189	0.733529	0.63248104	0.53604126	0	0	0	0	0	0	
4	0.60652345	1.167274	1.2939554	1.2872514	1.2688737	1.2440201	1.2360065	1.2129391	1.1842592	1.1471087	1.0960349	1.0334774	0.95993483	0.8709155	0.7756306	0.79075676	0.81317425	0.8262742	0.7806666	0.72218996	0.6937222	0.6403181	0.5339858	0	
4	0	0.53426665	0.7138348	0.7744695	0.7862172	0.79856676	0.82627875	0.83239096	0.82062554	0.7899971	0.7422012	0.6967668	0.66961735	0.61952776	0.55728203	0	0	0	0	0	0	0	0	0	
4	0.67653227	1.165728	1.3244244	1.2963132	1.2727534	1.2575303	1.2411758	1.2243462	1.2291918	1.2424182	1.2517718	1.2496845	1.2447685	1.2299814	1.2013738	1.170428	1.1403075	1.066696	1.0156918	0.9349411	0.8024726	0.753739	0.6479683	0	
4	0	0.930522	1.1227492	1.1017822	1.1394905	1.1579539	1.1409128	1.0943326	1.0268561	0.9472726	0.8565958	0.7661003	0.7171241	0.65657085	0.59187984	0	0	0	0	0	0	0	0	0	
4	0.6046333	1.1195192	1.2430778	1.2614579	1.2983251	1.287229	1.2724798	1.2567856	1.241482	1.2495803	1.2513559	1.240572	1.2161012	1.1884733	1.1488671	1.114451	1.0438465	0.9472764	0.8663266	0.7516302	0.6200313	0	0	0	
4	0	0.92727965	1.14362	1.148935	1.1969151	1.206581	1.1791955	1.13784	1.0846653	0.8910869	0.8363628	0.77456325	0.710909	0.6409724	0.5775903	0.52671736	0	0	0	0	0	0	0	0	
4	0	0.65100306	0.7799471	0.8435033	0.83965075	0.80307317	0.7545585	0.7025001	0.6459636	0.59328854	0.53705525	0	0	0	0	0	0	0	0	0	0	0	0	0	
4	0	0.84401774	1.0022386	1.1048224	1.1618509	1.1461109	1.1234498	1.1138549	1.1126677	1.1159015	1.1168551	1.1854707	1.203303	1.2220981	1.2162124	1.1879536	1.1666454	1.159981	1.104846	0.98778707	0.9458809	0.8726983	0.7286787	0	
4	0.5981235	1.1241939	1.2767956	1.270407	1.2695938	1.2803353	1.2712177	1.2656395	1.2601755	1.250063	1.2361218	1.2169238	1.1828865	1.1609926	1.1057688	1.0616804	0.99385065	0.8925653	0.79813284	0.682483	0.5531275	0	0	0	
4	0	0.7845248	0.8394009	0.79192585	0.93888825	1.035974	1.0564084	1.0341218	0.9851967	0.92470133	0.8793697	0.8291975	0.7661649	0.6931254	0.6165943	0.547398	0	0	0	0	0	0	0	0	
4	0	0	0.56940794	0.59072167	0.56371367	0	0	0	0	0	0	0	0	0	0	0	0	0	0	0	0	0	0	0	
4	0.7151594	1.2102422	1.2680746	1.1994907	1.20936	1.2080758	1.2147356	1.2307792	1.2465566	1.2536671	1.2528181	1.2454861	1.2397699	1.2140908	1.2002208	1.1494453	1.1143303	1.0571123	0.9471743	0.8725217	0.7672711	0.63245493	0.54337925	0	
4	0.5023794	0.89516515	0.5269553	0.7841071	0.8018606	1.1383554	1.1468581	1.1458964	1.1233692	1.07509	1.0016773	0.91566634	0.8309	0.62509763	0.5489803	0	0	0	0	0	0	0	0	0	
4	0.5858999	1.1215237	1.1871899	1.2117298	1.2480783	1.2714356	1.2804247	1.2622005	1.2387302	1.2211766	1.1988004	1.1710202	1.1298538	1.0818614	1.0041761	0.9388266	0.8419039	0.74267775	0.63121545	0.5441602	0.50894976	0	0	0	
4	0	0.82904	0.9428496	0.80995226	0.8415121	0.8056147	0.85950875	0.9010694	0.9022681	0.9446579	0.9352449	0.88036597	0.81071943	0.73049396	0.6476455	0.5677771	0	0	0	0	0	0	0	0	
4	0	0.52556366	0.59054023	0.5523974	0.60790926	0.63821816	0.6543513	0.6588362	0.6551609	0.63789266	0.6050932	0.559675	0.5097379	0	0	0	0	0	0	0	0	0	0	0	
4	0.53458345	1.0678608	1.1907057	1.2935104	1.2866843	1.2712567	1.2627879	1.2512703	1.2339796	1.2132376	1.1875933	1.1626556	1.1863197	1.19585	1.1674718	1.1041082	0.9976808	0.91047925	0.80433506	0.6767296	0.54301053	0	0	0	
4	0.5704092	1.0112981	1.1494169	1.0057344	1.1058949	1.1829652	1.2098371	1.2113097	1.2062716	1.1986327	1.1797357	1.1687413	1.1509097	1.0969031	1.0464582	0.9625053	0.87781084	0.78021187	0.67900825	0	0	0	0	0	
4	0	0.71560824	0.76610255	0.82767904	0.7783825	0.8052616	0.8301231	0.8184197	0.7764978	0.66274285	0.6146845	0.70125204	0.646085	0.57889473	0.50842345	0	0	0	0	0	0	0	0	0	
4	0	0	0.52976286	0.5217738	0	0.51513386	0	0	0	0	0	0	0	0	0	0	0	0	0	0	0	0	0	0	
4	0.6111096	1.1712277	1.2727578	1.3243974	1.3051744	1.2871196	1.2718121	1.2507155	1.2367189	1.2408988	1.2575312	1.2680635	1.2690624	1.2449121	1.2347873	1.1911912	1.1727014	1.1385055	1.0520105	0.94050735	0.8703333	0.75280106	0.5804988	0	
4	0	0.9289462	1.1190635	1.2008822	1.2166796	1.1931733	1.149074	1.1455084	1.1557142	1.1935308	1.1997046	1.1791276	1.13844	1.0637192	0.9923032	0.90963906	0.8051113	0.710871	0.5995378	0	0	0	0	0	
4	0	0.5195838	0	0.5451705	0.5645873	0.6196838	0.64208883	0.65409094	0.6574425	0.640624	0.6067233	0.5612228	0.5121785	0	0	0	0	0	0	0	0	0	0	0	
4	0.55352557	1.0537417	1.1802949	1.2648053	1.2688407	1.2774546	1.2794825	1.2721545	1.2576872	1.2470505	1.2784557	1.2764457	1.2468203	1.2023281	1.1572237	1.1203222	1.0512537	0.96554726	0.88387614	0.76465905	0.6248658	0.5072167	0	0	
4	0	0.9397136	1.0145675	1.1535788	1.2047828	1.2272017	1.2180579	1.2165791	1.2215387	1.2273065	1.2046723	1.1894759	1.1697171	1.1039686	1.0334729	0.9397469	0.8321064	0.72817343	0.6161029	0.5069751	0	0	0	0	
4	0	0.563495	0.6427012	0.7347631	0.8036569	0.834594	0.8586127	0.8584106	0.8486944	0.8253444	0.7847767	0.72909874	0.6677044	0.59721094	0.52517235	0	0	0	0	0	0	0	0	0	
4	0.52087617	1.0254714	1.15066	1.1757218	1.126402	1.0528604	0.98104197	0.9130818	0.9175022	0.93285775	0.9262301	0.9036781	0.8682068	0.8178892	0.7629482	0.7093619	0.6395771	0.56711113	0.50335306	0	0	0	0	0	
4	0.5793618	1.084256	1.1567098	1.2503759	1.2715119	1.2899355	1.2849708	1.2706177	1.2526728	1.2401028	1.2392981	1.2288306	1.2014345	1.1767399	1.1253202	1.096874	1.0388623	0.95012397	0.85890895	0.7774036	0.68386394	0.5803931	0	0	
4	0	0.871457	0.8915157	0.88975304	1.01418	1.1147689	1.1709318	1.1856067	1.1674767	1.1284912	1.0704846	0.99922943	0.92560613	0.8450293	0.76388276	0.68806404	0.6059717	0.52482826	0	0	0	0	0	0	
4	0	0	0.64217323	0.7228512	0.7598089	0.7802723	0.7760634	0.75363535	0.7156914	0.6695572	0	0	0	0	0	0	0	0	0	0	0	0	0	0	
4	0.6922605	1.1612445	1.2138749	1.2087013	1.2396281	1.2340057	1.2120188	1.2105664	1.2279699	1.2323978	1.2285722	1.2199491	1.2025152	1.1773648	1.1444764	1.1038648	1.023723	0.9350582	0.83788365	0.70732224	0.57086253	0	0	0	
4	0	0.50761837	0.6778862	0.7763571	0.789563	0.77275395	0.7398691	0.7154056	0.67749035	0.67469496	0.66139996	0.6319987	0.58748525	0.5295192	0	0	0	0	0	0	0	0	0	0	
4	0.5517952	1.1448866	1.2616907	1.2051506	1.1651273	1.2227479	1.2552643	1.2538406	1.226186	1.1830951	1.1296319	1.0622623	1.0073482	0.94865274	0.87650245	0.8063489	0.73566467	0.6664023	0.61129755	0.5380469	0	0	0	0	
4	0	0.59646994	0.66782403	0.6966126	0.6835391	0.7110247	0.7183242	0.7243031	0.7255702	0.7043765	0.6824919	0.64757776	0.6014261	0.5440442	0	0	0	0	0	0	0	0	0	0	
4	0	0	0	0	0.5907212	0.5948531	0.5794525	0.5521228	0.5151893	0	0	0	0	0	0	0	0	0	0	0	0	0	0	0	
4	0.6674183	1.1842831	1.2895675	1.2691716	1.3075854	1.306783	1.28969	1.2771946	1.2688379	1.2630088	1.2537832	1.236308	1.2261176	1.20185	1.1764694	1.1195735	1.0898383	1.0242069	0.90965617	0.8061665	0.6984902	0.5662427	0	0	
4	0	0.91083634	0.9279534	1.0237263	1.060724	1.0855029	1.1065639	1.1148192	1.0914235	1.0451607	0.9745326	0.90421975	0.847223	0.7774395	0.7023687	0.63188607	0.55526084	0	0	0	0	0	0	0	
4	0.56411266	1.1446822	1.2979665	1.2974573	1.2624785	1.2339739	1.208324	1.1732341	1.1283854	1.072641	0.9973368	0.9134287	0.83282596	0.76635563	0.6933381	0.66248226	0.62289375	0.57822526	0.5975408	0.5761488	0.5716597	0.54657483	0	0	
4	0.652556	1.1552932	1.2178844	1.2765632	1.3121829	1.287481	1.2697654	1.2651122	1.257642	1.2709862	1.2736272	1.2647707	1.2620188	1.2515899	1.2350259	1.2096741	1.1947213	1.1393269	1.0430369	0.994776	0.89593893	0.7414172	0.6248988	0	
4	0	1.1323653	1.261683	1.2951154	1.1766979	1.1184057	1.0668119	1.0704101	1.0735322	1.0566514	1.0133965	0.938938	0.8502327	0.75269485	0.6578729	0.670049	0.5949808	0.52071464	0	0	0	0	0	0	
4	0	0.52941555	0.5076267	0.5188381	0.55346316	0.5666376	0.5693355	0.5600918	0.53850883	0.50494444	0	0	0	0	0	0	0	0	0	0	0	0	0	0	
4	0	0	0.7451403	0.86699444	0.9416068	0.9981165	1.0872227	1.1435262	1.1430701	1.1966169	1.2366991	1.2225444	1.1755364	1.1071608	1.13262	1.1343473	1.1444259	1.0725404	0.96046597	0.85387087	0.729191	0.5837143	0	0	
4	0	0	0.51598126	0.7210836	0.864926	0.92574894	0.9393803	0.95374405	0.9743273	0.98565453	0.9752432	0.9362526	0.8931359	0.8277408	0.7524857	0.6664644	0.5740999	0	0	0	0	0	0	0	
4	0.5047223	1.0551698	1.0215484	1.036281	1.0244832	0.9859269	0.94507337	0.9066383	0.86145884	0.8019791	0.7278502	0.64130235	0.56793463	0.5337351	0	0	0	0	0	0	0	0	0	0	
4	0	0	0.5392969	0	0	0	0	0	0	0	0	0	0	0	0	0	0	0	0	0	0	0	0	0	
4	0.649608	1.1475959	1.2569017	1.2126242	1.2241179	1.2170811	1.2178396	1.231065	1.2483552	1.2604378	1.2642391	1.2594994	1.2393864	1.2315739	1.1927743	1.1787065	1.1286615	1.0406203	0.9896516	0.89125264	0.75295824	0.63198197	0	0	
4	0	0.5399672	0.60518056	0.79998887	0.7891437	0.6353521	0.62221867	0.5926951	0.747643	0.50500965	0	0	0	0	0	0	0	0	0	0	0	0	0	0	
4	0.62267673	1.0889758	1.1846746	1.1744709	1.128277	1.0732954	1.0292493	1.0435029	1.0727785	1.0755242	1.0622379	1.0326178	1.003408	0.9516045	0.912534	0.86678296	0.8091946	0.7617354	0.73907846	0.68838155	0.59106773	0.5224992	0	0	
4	0	0.50855726	0.5083491	0	0	0	0	0	0	0.5009172	0	0	0	0	0	0	0	0	0	0	0	0	0	0	
4	0.5852076	1.1247522	1.280603	1.262715	1.2338456	1.2673277	1.2664874	1.2484889	1.2330128	1.214939	1.1892902	1.1499531	1.1174458	1.0529925	0.9998463	0.9226367	0.82475185	0.73633957	0.6248551	0.52374774	0	0	0	0	
4	0	0	0.57492256	0.6336578	0.62235004	0.5836609	0.56367195	0.55102843	0.5446883	0.5278788	0	0	0	0	0	0	0	0	0	0	0	0	0	0	
4	0.5583011	1.1127923	1.1247978	1.1588324	1.2404058	1.2749933	1.2651734	1.2369927	1.2014849	1.169787	1.1358662	1.101239	1.0514582	0.99549055	0.9119592	0.823505	0.7261243	0.622167	0.5174646	0	0	0	0	0	
4	0	0.51686764	0.7884576	0.7066779	0.6850015	0.8208139	0.87019473	0.88494325	0.87225544	0.8416152	0.7933771	0.73272496	0.66701376	0.59745944	0.5270914	0	0	0	0	0	0	0	0	0	
4	0.668868	1.0856347	1.1962445	1.209055	1.2274921	1.2033871	1.1783197	1.159011	1.1383152	1.1037167	1.04924	0.97520316	0.9127662	0.8617901	0.8190694	0.76015806	0.70769656	0.6554097	0.5916819	0.51032877	0	0	0	0	
4	0.57311845	1.1275004	1.2778186	1.3085481	1.2933394	1.2799975	1.2789664	1.2637382	1.253208	1.2455192	1.2347771	1.2152393	1.2155893	1.1904783	1.1431963	1.0785749	1.0301788	0.949686	0.8349691	0.7340873	0.6084897	0.5116057	0	0	
4	0	1.0394384	1.2194891	1.2138399	1.185058	1.1617218	1.1569273	1.1791877	1.2135035	1.2156681	1.1967577	1.1524153	1.0800879	1.0116484	0.9379608	0.8486166	0.7613002	0.6699837	0.5672532	0	0	0	0	0	
4	0.5438489	1.1624347	1.2198985	1.275693	1.3096963	1.3022777	1.2827058	1.2650266	1.2538058	1.2414719	1.2248652	1.1990336	1.1819708	1.136556	1.0938109	1.0215124	0.95473695	0.873179	0.75848824	0.62837	0.52023625	0	0	0	
4	0.5196202	1.0686613	1.1627078	1.1657964	1.1555258	1.1519679	1.1873784	1.2039407	1.2137585	1.2211591	1.1917832	1.1490496	1.1781822	1.1871922	1.1843004	1.1411811	1.0948764	1.0067394	0.8770981	0.78433126	0.67235506	0.5398679	0	0	
4	0.51399046	1.10962	1.2522326	1.2875806	1.3264016	1.3116057	1.2870415	1.2730387	1.2612407	1.2532334	1.239238	1.2243764	1.2074015	1.1683694	1.1423019	1.0899949	1.0226399	0.9603806	0.8519218	0.76597595	0.6650287	0.53643745	0	0	
4	0.672637	1.1536617	1.301597	1.3119634	1.2881997	1.2699082	1.2579976	1.2451704	1.2454576	1.2481275	1.2284049	1.2033498	1.2128079	1.2124747	1.1963747	1.1742909	1.1418793	1.0640097	0.98617023	0.9039921	0.7822683	0.63991123	0.5281198	0	
4	0	1.1354351	1.1171224	1.1614023	1.2010803	1.1749088	1.14106	1.115304	1.2461287	1.2442677	1.2255598	1.197831	1.1606672	1.1125056	1.0566591	0.9997415	0.90996474	0.8168027	0.7136681	0.5934209	0	0	0	0	
4	0.549798	1.0918392	1.2264764	1.2390449	1.2363691	1.2096608	1.1833836	1.1590536	1.1348004	1.1018125	1.051906	0.98280925	0.90564233	0.8472654	0.78443545	0.7145014	0.6350294	0.558321	0	0	0	0	0	0	
4	0.54448533	1.1388493	1.2677736	1.2465266	1.2040744	1.2047864	1.1780087	1.1507366	1.1277301	1.1079847	1.0834086	1.0556669	1.0195693	0.9597387	0.8829199	0.7905949	0.7286848	0.6828001	0.60966295	0.53689474	0	0	0	0	
4	0	0.97674066	1.0920893	1.1138144	1.1249027	1.1254303	1.127277	1.1410375	1.1617554	1.1765509	1.1765167	1.1574347	1.1121498	1.0659732	0.98653454	0.9102366	0.81916285	0.71380216	0.6135944	0.50916857	0	0	0	0	
4	0.5350511	1.1325802	1.233951	1.2136405	1.1730517	1.106322	1.0259992	0.9610808	0.9716588	0.9651351	0.9302424	0.8736569	0.80358124	0.7243942	0.6479699	0.5790559	0.5490169	0.5426734	0.50235415	0	0	0	0	0	
4	0	1.0469087	1.1028311	1.0831075	1.1051749	1.0873793	1.054488	1.0200636	0.97481364	0.9664746	0.92826056	0.8611427	0.7848488	0.71129125	0.6437774	0.58621293	0.52311575	0	0	0	0	0	0	0	
4	0	0.9008134	0.9413513	1.0139191	1.0025519	0.94189715	0.8711871	0.82518697	0.8083931	0.7753434	0.75766253	0.72939336	0.68778586	0.6500278	0.5965314	0.5308372	0	0	0	0	0	0	0	0	
4	0.51260084	1.0852094	1.1184258	0.97362024	0.97740734	0.92658806	0.89098245	0.8727863	0.8396378	0.79825085	0.7499883	0.69559634	0.64073145	0.581165	0.5196034	0	0	0	0	0	0	0	0	0	
4	0	0.9597457	1.1540152	1.2413892	1.2586308	1.2412977	1.215312	1.1949488	1.1731917	1.149297	1.1186095	1.0791862	1.0231501	0.97480565	0.9068833	0.84573114	0.7758224	0.6878728	0.61353624	0.52377594	0	0	0	0	
4	0.5714322	1.1539029	1.2740756	1.2035015	1.1433959	1.1257496	1.1178901	1.0897089	1.0520251	1.0393611	0.9825513	0.9193487	0.8666493	0.7845688	0.70092255	0.6185226	0.5464034	0	0	0	0	0	0	0	
4	0.67751014	1.1837109	1.2027149	1.1436443	1.1592356	1.1721703	1.1914145	1.2077668	1.216312	1.2137183	1.2091783	1.2056502	1.1940067	1.1864532	1.1589103	1.1368842	1.077369	1.0158498	0.95611084	0.8442405	0.71085334	0.600413	0	0	
4	0.5660973	1.0897942	1.2721875	1.2658247	1.2380933	1.2053609	1.1654398	1.1170342	1.0568279	0.98468894	0.9441683	0.88994074	0.8230249	0.7498737	0.6810697	0.6150791	0.55707026	0	0	0	0	0	0	0	
4	0	0.5778181	1.0041051	1.1419601	1.1515287	1.1416044	1.139433	1.1494776	1.1585715	1.1552153	1.1277311	1.0708141	1.0105786	0.9208278	0.8208674	0.7280897	0.7191892	0.68265414	0.64265674	0.6079661	0.5427184	0	0	0	
4	0.59432775	1.0784022	1.2349578	1.2555816	1.2434525	1.2445807	1.2171584	1.1949273	1.2102486	1.2074877	1.1736007	1.1169391	1.1138736	1.1262499	1.1326437	1.0743833	1.0268824	0.9338874	0.80095375	0.6856449	0.5764681	0	0	0	
4	0	0	0.66077507	0.7262333	0.77510035	0.8593371	0.91681916	0.9418327	0.9343196	0.8936504	0.8251572	0.74336636	0.665248	0.5895267	0.52114743	0	0	0	0	0	0	0	0	0	
4	0.7048748	1.1805971	1.2030765	1.2379826	1.2594179	1.2357348	1.2037829	1.2082171	1.2210739	1.230598	1.2355697	1.2359877	1.2472246	1.2513285	1.2442092	1.2385048	1.2241625	1.1607897	1.1214327	1.078098	0.98261917	0.82299644	0.70748293	0.55799735	
4	0	0	0.52381283	0	0.6087832	0.63942456	0.64251024	0.6291587	0.6012643	0.5616858	0.5104836	0	0	0	0	0	0	0	0	0	0	0	0	0	
4	0	0.9963717	1.2254997	1.1525995	1.0905447	1.0307643	1.0141206	1.0074453	0.97753215	1.0089223	1.0554599	1.10232	1.1118115	1.1221716	1.117235	1.0780711	1.0684557	1.0176145	0.94354796	0.88269234	0.7674285	0.6684677	0.5784794	0	
4	0.5803032	1.0511775	0	1.053569	1.044208	1.0063093	0.9548895	0.90116197	0.8574807	0.8874634	0.89838904	0.8766461	0.82969433	0.7601657	0.68476796	0.60401213	0	0	0	0	0	0	0	0	
4	0	0.9558391	0.9960639	0.9654276	0.91793853	0.8398304	0.75493103	0.7016056	0.69737875	0.718912	0.7313295	0.7261859	0.70562035	0.67690414	0.6281994	0.5737213	0.50601846	0	0	0	0	0	0	0	
4	0.7693902	1.2355089	1.2727695	1.2952921	1.2964	1.279529	1.2773123	1.2829088	1.2874852	1.2858782	1.2824788	1.2814344	1.2801963	1.2627274	1.2720957	1.2487987	1.2486566	1.2402891	1.1774824	1.1138504	1.1025747	1.0341643	0.87811106	0.56449467	
4	0	0.9314723	0.75047976	0.7470019	0.8619353	0.8592733	0.8661124	0.8833105	0.90053177	0.8998554	0.875132	0.824397	0.7535542	0.67731285	0.59593815	0.520776	0	0	0	0	0	0	0	0	
4	0	0	0.52777535	0.52449137	0.51700807	0.5074412	0.5115561	0.5024022	0	0	0	0	0	0	0	0	0	0	0	0	0	0	0	0	
4	0.5681616	1.1126416	1.1823151	1.0748534	1.1518786	1.1616237	1.1362875	1.11702	1.112361	1.1153313	1.1168379	1.1070162	1.0813969	1.0446035	0.97607005	0.903388	0.8031421	0.6999114	0.6145344	0.5413502	0	0	0	0	
4	0	0.67692673	0.7652925	0.6205564	0.62226415	0.5812233	0.55743515	0.56609404	0.5642965	0.5516197	0.52736586	0	0	0	0	0	0	0	0	0	0	0	0	0	
4	0.5789001	1.0330617	1.1560673	1.1447643	1.1513042	1.1386024	1.1316437	1.136538	1.1451508	1.1407309	1.1200439	1.0826931	1.0341136	0.98657197	0.9373067	0.8790609	0.837286	0.8102232	0.7712164	0.7027149	0.621404	0.56633925	0	0	
4	0.6263307	1.124344	1.2242582	1.1492944	1.1661983	1.1788347	1.2073215	1.2154557	1.1978647	1.1585317	0.72310865	0.80646664	0.7612886	0.7036442	0.64861417	0.5922923	0.5304192	0	0	0	0	0	0	0	
4	0	0.53158325	0.5519136	0.65370107	0.70523286	0.7089184	0.6802954	0.6367327	0.5843381	0.5303942	0	0	0	0	0	0	0	0	0	0	0	0	0	0	
4	0	0.94952685	1.1227423	1.1049441	1.0303826	0.95489824	0.89620316	0.84711516	0.7952741	0.7443665	0.69185406	0.6776933	0.6509908	0.6123318	0.561271	0.50166553	0	0	0	0	0	0	0	0	
4	0.5938244	1.1653719	1.2863542	1.275968	1.280785	1.2742268	1.2603385	1.2428936	1.2220422	1.2000521	1.1722174	1.1696182	1.1535617	1.087545	1.0189043	0.94246113	0.8710491	0.7815637	0.68791693	0.59988326	0.5257895	0	0	0	
4	0	0.63562274	0.7531137	0.85250825	0.86832994	0.84712684	0.85302424	0.8509096	0.839192	0.8145688	0.7733629	0.7109941	0.6446862	0.57053876	0.51080465	0	0	0	0	0	0	0	0	0	
4	0.5611975	1.121642	1.1729805	1.207987	1.2363795	1.2346563	1.1940228	1.1601954	1.163943	1.1440763	1.0990775	1.0284406	0.94466585	0.8596617	0.8361053	0.82338744	0.7823447	0.73218775	0.70383936	0.6500133	0.5382449	0	0	0	
4	0	0.5884969	0.6996564	0.80378	0.8536335	0.8518875	0.8232897	0.80664873	0.8285173	0.8218199	0.78859866	0.7335738	0.6692796	0.59658253	0.5267795	0	0	0	0	0	0	0	0	0	
4	0.5701384	1.1106952	1.1647114	1.156208	1.1487509	1.1621946	1.1489662	1.1498634	1.1386902	1.1071876	1.0486673	0.96896285	0.9221725	0.9198252	0.8865784	0.83691186	0.7454812	0.65004915	0.6017888	0.5141914	0	0	0	0	
4	0	0.7504234	0.8481269	0.9531594	1.0630995	1.0647024	1.0041174	0.9323888	0.85904557	0.84323967	0.8076124	0.7526872	0.689404	0.6163253	0.541303	0	0	0	0	0	0	0	0	0	
4	0.6248908	1.1283529	1.1735222	1.2560505	1.2734393	1.2567056	1.2431271	1.226402	1.203049	1.1724274	1.1429567	1.1559904	1.1381912	1.084287	1.0201263	0.93528277	0.8261566	0.7298687	0.645341	0.6308089	0.59730214	0.5099488	0	0	
4	0	0.87138915	1.0283567	1.039507	1.1131289	1.130051	1.0970479	1.0950769	1.1120937	1.1057507	1.0265181	0.9651086	0.8831058	0.77774936	0.5502574	0	0	0	0	0	0	0	0	0	
4	0	0	0.5118437	0.53952545	0.5583491	0.573496	0.57598734	0.56685144	0.55980474	0.54050344	0.5040336	0	0	0	0	0	0	0	0	0	0	0	0	0	
4	0.6224185	1.1189847	1.1866858	1.2458767	1.2657853	1.2672608	1.2599349	1.2469256	1.2303308	1.2351562	1.229736	1.19874	1.1678679	1.1535668	1.1526613	1.1202061	1.0749409	1.0207986	0.91195536	0.7713989	0.6743916	0.5570754	0	0	
4	0	0.9256994	1.2854824	1.3036724	1.2796817	1.185695	1.2007666	1.2161642	1.2227775	1.2183894	1.1945583	1.1571815	1.1115237	1.0488338	0.97344244	0.898867	0.7965069	0.6969514	0.59248793	0.5174569	0	0	0	0	
4	0	0.6858946	0.693471	0.76289517	0.8239222	0.8216191	0.815219	0.81186366	0.8085849	0.77878416	0.7365469	0.6992347	0.6431039	0.57842493	0.50512624	0	0	0	0	0	0	0	0	0	
4	0	0.9550613	1.0822393	1.2244748	1.3251054	1.3399978	1.3248057	1.304065	1.3010566	1.302825	1.2981359	1.2721165	1.2733189	1.2591777	1.2589766	1.2233263	1.23338	1.205205	1.1189814	1.0903957	1.0449291	0.94076514	0.75549835	0.5487241	
4	0	0.85020506	0.9865352	1.1561226	1.2297615	1.1506624	1.1592568	1.1719708	1.243093	1.2540992	1.2590055	1.2502536	1.2260967	1.1644194	1.1230228	1.0641363	0.96542615	0.87189436	0.7517761	0.6370389	0.5239668	0	0	0	
4	0	0	0.58243173	0.76018804	0.89099073	0.968613	0.9918129	1.0031576	1.007986	0.99407655	0.9547567	0.8867011	0.80102015	0.70852834	0.619251	0.5374366	0	0	0	0	0	0	0	0	
4	0	0.84685427	0.91457784	0.89367324	0.84745103	0.8320047	0.8190771	0.8357386	0.86021125	0.87454	0.85619915	0.8220907	0.79109216	0.75892895	0.7039345	0.6311816	0.5434867	0	0	0	0	0	0	0	
4	0	0.9933662	1.0606489	1.0195085	0.93327945	0.7173208	0.8499011	0.9238636	0.94746435	0.9254048	0.864078	0.77895766	0.6941708	0.623262	0.55891937	0	0	0	0	0	0	0	0	0	
4	0.5592345	1.0707775	1.2088438	1.2193578	1.2385788	1.2111813	1.1850222	1.1584688	1.1237886	1.1044794	1.0624996	1.0358585	1.009159	0.9594453	0.92442065	0.8708598	0.8026783	0.73502547	0.6282845	0.522743	0	0	0	0	
4	0	0.60696477	0.78443706	0.7933288	0.8088724	0.88594645	0.9434392	0.96041083	0.9477249	0.90715593	0.84551084	0.7729543	0.70425576	0.6304508	0.5560244	0	0	0	0	0	0	0	0	0	
4	0.63753337	1.1173782	1.2503735	1.2446911	1.2560003	1.2414199	1.212866	1.2085235	1.2279577	1.2328336	1.2259299	1.2111812	1.1875818	1.1519378	1.1169106	1.075764	1.0028027	0.9305858	0.8636992	0.77384245	0.6672958	0.54051626	0	0	
4	0	0	0.9105718	0.6587658	0.9100285	0.942261	0.9477669	0.9357517	0.9112702	0.94201547	0.96094376	0.9479866	0.9036503	0.8412958	0.7575947	0.6697739	0.58507967	0.5007683	0	0	0	0	0	0	
4	0	0	0	0	0	0	0.52301514	0.5411107	0.53182024	0.5055287	0	0	0	0	0	0	0	0	0	0	0	0	0	0	
4	0.6585037	1.0737051	1.2504996	1.1890149	1.1427552	1.1191849	1.1019765	1.0845647	1.0559876	1.0041807	0.92123777	0.8935493	0.9242894	0.93085545	0.91638625	0.9124864	0.875684	0.8057807	0.76696986	0.6969508	0.59317774	0.51174676	0	0	
4	0.53467524	0	1.163724	1.2005712	1.152142	1.0992212	1.0577031	1.0283602	1.0172635	0.99283105	1.0108202	1.0019741	0.9563812	0.8929428	0.8035597	0.71072865	0.62311643	0.5375946	0	0	0	0	0	0	
4	0.6681164	1.1509415	1.2409235	1.1941408	1.2013783	1.1823772	1.1660372	1.1883124	1.2077937	1.2098857	1.1990992	1.1790262	1.1463381	1.0943002	1.0278555	0.9521005	0.85783774	0.76937205	0.68508226	0.6145822	0.53130096	0	0	0	
4	0	0	0.56761575	0.51629114	0.77467847	0.5613954	0.57895255	0.5688757	0.5387784	0.5315837	0.51336676	0	0.5371959	0	0	0	0	0	0	0	0	0	0	0	
4	0.59792423	1.0916845	1.2749074	1.236849	1.1804776	1.1842359	1.1756421	1.1374222	1.1040744	1.080274	1.024488	0.93858886	0.8564523	0.76305205	0.68666244	0.6360819	0.58850974	0.5480616	0.5250082	0	0	0	0	0	
4	0	0.51322204	0.5385418	0.5716308	0.622324	0.6377389	0.6248366	0.6075783	0.5876443	0.56219923	0.7589142	0.69025373	0.6192051	0.5485548	0	0	0	0	0	0	0	0	0	0	
4	0.58612186	1.0838407	1.2129738	1.1447843	1.0751914	1.0216022	1.0162706	1.0181984	1.0310091	1.0356283	1.0247301	0.99597067	0.95171565	0.89267266	0.8449562	0.8016258	0.7365163	0.64879495	0.56992906	0	0	0	0	0	
4	0	0.81870466	1.148337	1.1774276	1.1375787	1.0809934	1.0133423	0.9412581	0.864974	0.7903593	0.73609966	0.70504427	0.6621896	0.6078643	0.5530407	0	0	0	0	0	0	0	0	0	
4	0.5714043	1.0862782	1.2150941	1.1497649	1.0797187	1.0205046	0.9794336	0.9496808	0.922879	0.8945552	0.89308846	0.8782814	0.85719264	0.81253165	0.7713	0.7137824	0.64194435	0.5918485	0.53602713	0	0	0	0	0	
4	0	0.8212255	0.7042265	1.1591635	1.1266092	1.076616	1.0150669	0.95128685	0.887204	0.8273951	0.7675597	0.58198965	0.52222925	0.5890409	0.54107696	0	0	0	0	0	0	0	0	0	
4	0.5926524	1.1147196	1.2583926	1.2201098	1.2127715	1.2594587	1.2649109	1.255693	1.2407815	1.2235478	1.2018126	1.1743525	1.1729131	1.1778744	1.1529788	1.1015234	1.0884068	1.0425762	0.9440732	0.8753173	0.7837573	0.6427598	0.55789405	0	
4	0	0.63042474	0.6481134	0.51811033	0	0.7217531	0.7454564	0.730833	0.6956714	0.6517604	0.6093384	0.5578232	0.50513655	0	0	0	0	0	0	0	0	0	0	0	
4	0.5819803	1.1356648	1.2979835	1.2858111	1.2628511	1.2707559	1.2665763	1.2480576	1.2306641	1.2108729	1.185054	1.1495184	1.1053693	1.0541897	0.98944	0.90170836	0.81401855	0.7313809	0.66469556	0.62308264	0.56129074	0	0	0	
4	0	0.53519076	0.879671	0.8881392	0.7352171	0.9938365	1.016421	0.9975524	0.9541086	0.91592985	0.8916228	0.835131	0.7677621	0.6931169	0.6170748	0.54172266	0	0	0	0	0	0	0	0	
4	0.54448766	1.1200216	1.1748787	1.1259753	1.1914982	1.2134167	1.1810434	1.1253412	1.0630599	0.9940742	0.93743783	0.9009046	0.8543757	0.7909202	0.70881	0.6201713	0.5376382	0.5415686	0.52968216	0	0	0	0	0	
4	0	0	0.5664584	0.69183826	0.7441078	0.7529995	0.729042	0.68836474	0.64334685	0.60123587	0.5591848	0.5129178	0	0	0	0	0	0	0	0	0	0	0	0	
4	0.5728803	1.0627556	1.2305748	1.1486387	1.1991272	1.2567548	1.2519515	1.2257601	1.1925496	1.1588267	1.1427989	1.1297692	1.1049519	1.0466628	0.99677444	0.92756665	0.83710915	0.73769003	0.6554079	0.5973754	0.5529195	0	0	0	
4	0.54845136	1.0687773	1.160845	1.1932844	0.99420124	0.91888666	0.946104	0.9726878	1.2064971	1.1929314	1.160259	1.1101779	1.0565903	0.98262846	0.8996986	0.8159316	0	0	0	0	0	0	0	0	
4	0	0.62785375	0.69899976	0.60842013	0.6441895	0.68613446	0.6855101	0.6622695	0.6397156	0.61449015	0.5266302	0	0	0	0	0	0	0	0	0	0	0	0	0	
4	0.5771246	1.1047902	1.2430323	1.1791241	1.189777	1.1882529	1.1759399	1.1536758	1.1114292	1.0770638	1.045615	1.0026737	0.997971	0.9625654	0.9371144	0.89774054	0.8348138	0.7780164	0.72319686	0.63813585	0.57210785	0	0	0	
4	0	0.5212227	0.8692592	0.80985093	0.8078623	0.7915894	0.7459101	0.75919604	0.81760216	0.7986866	0.7522845	0.6962757	0.65063494	0.6035267	0.5584114	0.511252	0	0	0	0	0	0	0	0	
4	0	0	0.5113929	0	0	0	0	0	0	0	0	0	0	0	0	0	0	0	0	0	0	0	0	0	
4	0.5999141	1.1045456	1.2266668	1.1948545	1.2487768	1.2658261	1.2501607	1.2280933	1.1978801	1.1650578	1.124174	1.0699738	1.0012857	0.9561507	0.88799703	0.82341945	0.75182784	0.70927894	0.64717066	0.60215634	0.5295586	0	0	0	
4	0	0.7251022	0.89280665	0.8808044	0.8342722	0.75343674	0.78697693	0.7845798	0.76556563	0.75154024	0.7080757	0.64779496	0.58441055	0.51968527	0	0	0	0	0	0	0	0	0	0	
4	0	0	0.5489318	0.5543862	0.607393	0.6229682	0.61000663	0.5810356	0.539111	0	0	0	0	0	0	0	0	0	0	0	0	0	0	0	
4	0.55373156	1.0752698	1.1735358	1.1276077	1.155114	1.1418979	1.1112103	1.1353298	1.1594871	1.1496177	1.1125083	1.0836998	1.0397122	0.996334	0.94106716	0.8930887	0.82035846	0.75944906	0.65729845	0.5611913	0	0	0	0	
4	0	0	0.667594	0.782762	0.8893275	0.9587538	0.97717136	0.9525045	0.88959736	0.8494518	0.8018153	0.7404333	0.6759882	0.60726374	0.53682977	0	0	0	0	0	0	0	0	0	
4	0.6218425	1.124286	1.1615077	1.1029675	1.0973353	1.0776047	1.0709999	1.0741197	1.0745947	1.0648419	1.0462332	1.0207856	0.9836797	0.940382	0.87602264	0.82975876	0.7649241	0.6830981	0.60720897	0.50391316	0	0	0	0	
4	0	0	0.5623321	0.5735792	0.58691984	0.58916676	0.5825893	0.57555705	0.5657722	0.5479994	0.5175408	0	0	0	0	0	0	0	0	0	0	0	0	0	
4	0.6333783	1.132601	1.2223669	1.1712389	1.1448842	1.1464964	1.1601728	1.1800841	1.1950209	1.1900045	1.1682076	1.1317441	1.074024	1.0166677	0.93026274	0.82849526	0.72491276	0.6206651	0.5646707	0	0	0	0	0	
4	0	0.5409273	0.56769586	0.5062598	0	0.5485297	0.5643817	0.55162	0.5384323	0.5386646	0.5197343	0	0	0	0	0	0	0	0	0	0	0	0	0	
4	0.5472272	1.1012772	1.2087468	1.191628	1.2395635	1.2370708	1.206896	1.1696413	1.1441218	1.1214066	1.0919443	1.0984488	1.0882452	1.0670652	1.0384771	0.9988202	0.9301167	0.8737355	0.775265	0.6789604	0.5873367	0	0	0	
4	0	0.7624326	0	0.78526515	0.7494337	0.80953807	0.86157703	0.87228113	0.85055846	0.808605	0.7501606	0.68277663	0.614901	0.54816216	0	0	0	0	0	0	0	0	0	0	
4	0.58691007	1.0659387	1.1574714	1.1458424	1.1782944	1.1683831	1.1380405	1.1372609	1.1441343	1.1350517	1.1037617	1.046738	0.98416495	0.91244686	0.847534	0.78467155	0.7175109	0.6421867	0.5724255	0	0	0	0	0	
4	0	0.71200764	0.7027565	0.6545615	0.5733697	0.59214526	0.9308896	0.9526803	0.9432344	0.9063905	0.8472455	0.7767272	0.7070634	0.6355096	0.5687612	0.50552845	0	0	0	0	0	0	0	0	
4	0.58505535	1.055598	1.1397918	1.1152692	1.0724275	1.0585707	1.0566237	1.0543221	1.036877	1.0150032	0.98079574	0.9135673	0.83063036	0.73999226	0.6557387	0.5964567	0.56433743	0.5479741	0.52010125	0	0	0	0	0	
4	0	0	0.54046136	0	0	0	0.59693724	0.59868777	0.591115	0.57173896	0.53749055	0	0	0	0	0	0	0	0	0	0	0	0	0	
4	0.5692838	1.0595454	1.1190556	1.1928438	1.1871841	1.1491832	1.1096988	1.1358992	1.1500183	1.1379236	1.0938488	1.0570866	1.0161631	0.97235584	0.9307161	0.88435596	0.85009843	0.7889411	0.7251382	0.6275609	0.54159456	0	0	0	
4	0	0	0.7816004	0.90225315	0.9041636	0.88975644	0.869791	0.8405701	0.79193324	0.75454575	0.7040307	0.6464335	0.5875129	0.52531964	0	0	0	0	0	0	0	0	0	0	
4	0.66418433	1.1488247	1.2578033	1.2307724	1.253252	1.2323768	1.1975933	1.1615063	1.1633654	1.1794618	1.1853933	1.1829964	1.1698763	1.1376858	1.1057826	1.0501561	0.95904106	0.8822467	0.763276	0.6435584	0.5328294	0	0	0	
4	0	0.5241089	0	0.534154	0.9067856	0.95973855	0.9769859	0.96609366	0.9279637	0.8682818	0.8570329	0.8276689	0.77764285	0.70946145	0.6306025	0.55815756	0	0	0	0	0	0	0	0	
4	0	0.887124	1.0153911	1.0646079	1.0707458	1.0705612	1.0807847	1.0982351	1.1101258	1.1067252	1.0859509	1.0530069	1.0050919	0.93789476	0.84476984	0.7609447	0.661011	0.5595966	0	0	0	0	0	0	
4	0.5878575	1.0678583	1.1239635	0	0.7522258	0.71884596	0.66972345	0.88436496	0.87221324	0.85340935	0.81994134	0.76592815	0.69596195	0.621431	0.5439496	0	0	0	0	0	0	0	0	0	
4	0	0.51044357	0.6452124	0.67414176	0.6683084	0.661658	0.65488607	0.64522016	0.6340005	0.6200982	0.601468	0.57438487	0.54665583	0.50385916	0	0	0	0	0	0	0	0	0	0	
4	0.6246463	1.0969347	1.164528	1.1196433	1.116592	1.0991198	1.0894623	1.0846107	1.0703908	1.0463107	1.0148878	0.9808847	0.9390332	0.9144345	0.8779387	0.85283864	0.833893	0.7859546	0.74878925	0.66253704	0.5618554	0	0	0	
4	0	0	0	0	0	0	0	0.5006181	0	0	0	0	0	0	0	0	0	0	0	0	0	0	0	0	
4	0	0.88204634	0.9783368	0.9993596	0.9868436	0.9771069	0.9867551	1.0062313	1.0228926	1.0268297	1.0208929	1.007892	0.9827291	0.96356124	0.9183451	0.8962372	0.8474661	0.78655595	0.7084544	0.6086245	0.5105987	0	0	0	
4	0.6000177	1.0811976	1.1482134	1.1010207	1.0507891	1.0125059	0.5886374	0.959656	0.9622642	0.98741627	0.9866101	0.9464913	0.88137114	0.7982289	0.704613	0.61956203	0.53257895	0	0	0	0	0	0	0	
4	0.5941923	1.1057312	1.0755183	1.0651749	1.0702418	1.0754709	1.0951576	1.1231517	1.1470968	1.1662112	1.1770841	1.1797986	1.1702826	1.1630242	1.1153198	1.0821326	1.0086776	0.89993197	0.79850245	0.6825523	0.5567117	0	0	0	
4	0.553116	1.0868138	1.0459296	1.0476797	1.0429536	1.0416763	1.055501	1.0749558	1.0910429	1.0967999	1.094034	1.0833786	1.056431	1.027859	0.95852286	0.8953408	0.79564583	0.6905306	0.574878	0	0	0	0	0	
4	0.524943	1.0439326	1.0126098	1.01503	1.0128644	1.0182319	1.0436739	1.0760002	1.1061213	1.120651	1.125061	1.1226889	1.1115161	1.0717154	1.0385675	0.96965665	0.8939677	0.7980712	0.69027865	0.6024698	0	0	0	0	
4	0.5994741	1.0913254	1.0868015	1.0844023	1.08702	1.0808545	1.0855429	1.0990708	1.111299	1.1120261	1.1051718	1.0926647	1.0677687	1.0448135	0.993869	0.9552651	0.87930036	0.81856424	0.7481531	0.66686046	0.5884029	0	0	0	
4	0	1.0311419	1.1405126	1.0314267	1.0803249	1.0868636	1.0547483	1.011097	0.9642055	0.9165901	0.86287427	0.803546	0.7426779	0.67462397	0.645821	0.6448252	0.61663854	0.5924676	0.52701586	0	0	0	0	0	
4	0.5426315	1.070087	1.06081	1.0258709	1.0159134	1.0000923	0.99647254	0.99849087	0.9910701	0.9721769	0.9337721	0.88386273	0.8164613	0.7723205	0.739685	0.69558936	0.63852096	0.57417923	0	0	0	0	0	0	
4	0.53165764	1.048418	0.979713	1.0287342	1.037204	1.0526524	1.0813832	1.1155853	1.143035	1.1647601	1.1763258	1.1770269	1.1637572	1.1486094	1.0950978	1.0469443	0.9701883	0.86402225	0.7592262	0.6494613	0.5323565	0	0	0	
4	0	0.7534355	0.79301393	0.7791298	0.7701003	0.6971778	0.68016183	0.67937195	0.6896125	0.7037292	0.71633786	0.7243127	0.7214325	0.69208926	0.656735	0.5922927	0.51707035	0	0	0	0	0	0	0	
4	0	0.9264832	0.98922276	0.9091501	0.8192165	0.74292237	0.7263809	0.7923136	0.8125147	0.78685075	0.72674966	0.67160016	0.6214023	0.55513066	0	0	0	0	0	0	0	0	0	0	
4	0	0.9545997	0.94599646	0.9542591	0.91874164	1.0058031	1.0716592	1.0834271	1.0495929	0.98803747	0.91178447	0.83115417	0.75238574	0.67643803	0.61212426	0.55816716	0.5084426	0	0	0	0	0	0	0	
4	0	0	0.6762219	0.6173313	0.52310956	0.613917	0.65687704	0.6872975	0.69587576	0.6962086	0.6761464	0.6370228	0.5857483	0.5259462	0	0	0	0	0	0	0	0	0	0	
4	0	0.7382448	0.70727223	0.73837507	0.72269994	0.70084697	0.685501	0.6727877	0.6554733	0.6330269	0.6030628	0.566492	0.5255437	0	0	0	0	0	0	0	0	0	0	0	
4	0	0.8027175	0.8837261	0.8879015	0.89406157	0.8753348	0.8797126	0.92316484	0.9444883	0.9401745	0.9133226	0.8657682	0.7960283	0.723692	0.64269257	0.5657779	0	0	0	0	0	0	0	0	
4	0	0.76098436	0.89708155	0.9190046	0.93007654	0.9310578	0.90731347	0.8721237	0.82733977	0.7740945	0.7074753	0.63947767	0.5832308	0.52431107	0	0	0	0	0	0	0	0	0	0	
4	0	0.5162036	0.5844862	0.6715982	0.7574852	0.78696066	0.7767362	0.74580353	0.70307726	0.65370154	0.5944153	0.532785	0	0	0	0	0	0	0	0	0	0	0	0	
4	0	0.9867431	0.9733791	1.0144088	1.1259654	1.1642728	1.1550087	1.1138679	1.0569332	1.004477	0.958338	0.9135525	0.8564601	0.7808281	0.69619644	0.6149095	0.53753924	0.5013852	0	0	0	0	0	0	
4	0	0.9507078	1.0365589	1.0951531	1.1056185	1.1026262	1.1073469	1.1221919	1.1377549	1.1469325	1.1334556	1.0892522	1.0363587	0.9490632	0.86475873	0.7710959	0.6638619	0.5640984	0	0	0	0	0	0	
4	0	0	0	0	0.6831653	0.6963685	0.7183147	0.7210346	0.57957464	0.5620431	0.52739996	0	0	0	0	0	0	0	0	0	0	0	0	0	
4	0	0.6036814	0.6802584	0.63388455	0.54829293	0.5160954	0	0.5170892	0.5475838	0.54887724	0.526485	0	0	0	0	0	0	0	0	0	0	0	0	0	
4	0	0.6419039	0.6296605	0.62632173	0.6018395	0.56999004	0.5404031	0.5146648	0	0	0	0	0	0	0	0	0	0	0	0	0	0	0	0	
4	0	0	0	0.55675524	0.6066528	0.62699366	0.63059515	0.62510836	0.61577535	0.6051704	0.5915071	0.57083774	0.5411817	0.5033656	0	0	0	0	0	0	0	0	0	0	
4	0	0.52335495	0.6951653	0.79766536	0.8261173	0.8115789	0.7779224	0.7414707	0.70286506	0.6661427	0.6250498	0.57731706	0.5263264	0	0	0	0	0	0	0	0	0	0	0	
4	0	1.049959	0.9911825	0.8443309	0.950493	0.9678963	0.9249692	0.88047427	0.8243657	0.82031524	0.8117082	0.78835523	0.76038337	0.7116513	0.6648349	0.6040433	0.5386548	0	0	0	0	0	0	0	
4	0.55226207	1.0683486	1.1889769	1.1669497	1.1510415	1.1095995	1.0971054	1.1420257	1.1579078	1.1461577	1.109343	1.050158	0.9913854	0.91895366	0.8364162	0.77541435	0.712532	0.6536137	0.5899352	0.5135664	0	0	0	0	
4	0.5552941	1.0565026	1.1666875	1.2726808	1.2824385	1.2507598	1.2156385	1.1853267	1.1596401	1.1303257	1.0917199	1.0445603	0.9952815	0.9281638	0.84497213	0.7706714	0.6835321	0.61806405	0.55477756	0	0	0	0	0	
4	0.55503637	1.136844	1.1531018	1.1786983	1.1618038	1.1404828	1.1321006	1.1102308	1.0665777	0.9965357	0.8998785	0.8296154	0.785899	0.74076474	0.6937879	0.65063643	0.5929285	0.5389919	0	0	0	0	0	0	
4	0	0.741557	0.80104053	0.9388603	0.90380085	0.92460865	0.95571136	0.96396047	0.93536586	0.94060034	0.9244228	0.87813365	0.80002433	0.71349573	0.6184328	0.52990246	0	0	0	0	0	0	0	0	
4	0	0.5457412	0	0	0	0.6392907	0.7016729	0.7419881	0.7579107	0.7473278	0.71216995	0.6567874	0.5950795	0.52808774	0	0	0	0	0	0	0	0	0	0	
4	0	0	0	0	0	0	0	0	0.5108052	0.5597411	0.622594	0.6718105	0.7233237	0.7708175	0.9056121	1.001816	1.0445569	1.0890781	1.1174023	1.0347035	0.9135952	0.8153911	0.670347	0	
