3	0.6698981	1.1176213	1.3008046	1.3176775	1.2764796	1.2421882	1.2185055	1.1871415	1.1448625	1.0904703	1.0209942	0.98322344	0.955517	0.9073545	0.8596305	0.8005204	0.73707664	0.6641322	0.5834076	0.5143665	0	0	0	0	
3	0.51432425	1.1335248	0.68302774	0.6545369	1.2344863	1.2038598	0.77173465	0.73393774	0.7093895	0.6670555	0.60903376	0.859048	0	0	0	0	0	0	0	0	0	0	0	0	
3	0	0.60518444	0.5392271	0.5507996	0.53456867	0.6377744	0	0	0	0	0	0	0	0	0	0	0	0	0	0	0	0	0	0	
3	0	0.9298759	0.82223994	0.88827056	0.9192841	0.88772154	0.83207685	0.7857836	0.79869735	0.8010991	0.7881246	0.75422347	0.7026923	0.6364523	0.55913115	0	0	0	0	0	0	0	0	0	
3	0	0.92834985	0.99870557	1.0278687	1.0051248	0.94277203	0.8757921	0.8128686	0.7499111	0.6958083	0.65019995	0.599434	0.5495673	0	0	0	0	0	0	0	0	0	0	0	
3	0	0.70043546	0.5585489	0.50949585	0	0	0	0	0	0	0	0	0	0	0	0	0	0	0	0	0	0	0	0	
3	0.54534966	0.99215937	1.2199563	1.2178345	1.1676228	1.1045015	1.0603528	1.0250343	0.977478	0.92624265	0.8833626	0.82745105	0.76548576	0.7109913	0.65724725	0.60528475	0.5460193	0	0	0	0	0	0	0	
3	0	0.7639984	0.85239387	0.7215577	0.65516955	0.63416296	0.60563934	0.5876519	0.5641036	0.54135454	0.501969	0	0	0	0	0	0	0	0	0	0	0	0	0	
3	0	0.67180663	0.64426035	0.584366	0.52997595	0	0	0	0	0	0	0	0	0	0	0	0	0	0	0	0	0	0	0	
3	0	0.5016816	0	0	0	0	0	0	0	0	0	0	0	0	0	0	0	0	0	0	0	0	0	0	
3	0.5809547	1.1357341	1.2171153	1.0893445	0.98456246	1.0219665	1.0308697	1.0181737	0.98408246	0.9369817	0.87938637	0.8169289	0.752119	0.68564296	0.6154636	0.5446524	0	0	0	0	0	0	0	0	
3	0	0.9730151	0.60394645	0.59724593	0.6327221	0.6344871	0.59726006	0.6120867	0.5972136	0.56649387	0.5218126	0	0	0	0	0	0	0	0	0	0	0	0	0	
3	0.59142756	1.0115597	0.9556086	0.8892009	0.86798	0.84781003	0.85844415	0.9044886	0.921195	0.90678895	0.8594214	0.78669876	0.7086013	0.6214648	0.54303646	0	0	0	0	0	0	0	0	0	
3	0.55649155	0.7142034	0.9749449	1.004969	1.0573318	1.1065005	1.1164378	1.0914932	1.0349996	0.95717424	0.8637877	0.8604284	0.8444823	0.808428	0.752415	0.68589854	0.5982364	0.52074933	0	0	0	0	0	0	
3	0	0.67866975	0.62695134	0.56776416	0.57427335	0.6081876	0.6138304	0.58985245	0.5444696	0	0	0	0	0	0	0	0	0	0	0	0	0	0	0	
3	0	0.53507483	0.5540397	0	0	0	0	0	0	0	0	0	0	0	0	0	0	0	0	0	0	0	0	0	
3	0	0.82754886	0.7794153	0.78178746	0.77239156	0.73244965	0.70158976	0.6813459	0.6578446	0.62584287	0.5843102	0.53557664	0	0	0	0	0	0	0	0	0	0	0	0	
3	0	0.57589585	0.6128078	0.5667514	0.51602346	0	0	0	0	0	0	0	0	0	0	0	0	0	0	0	0	0	0	0	
3	0.61736536	1.0997359	1.3067966	1.3236254	1.2911124	1.2753822	1.2712706	1.2639372	1.2536542	1.2398652	1.2226373	1.1998101	1.1607007	1.1313981	1.0685276	1.0080525	0.9275814	0.8276285	0.7251941	0.6248184	0.5204263	0	0	0	
3	0.5923316	1.0501223	1.1308879	1.1764058	1.1137294	1.0940527	1.0693077	1.0253804	0.95834374	0.8802836	0.7983241	0.7124443	0.6477702	0.59704316	0.5428207	0	0	0	0	0	0	0	0	0	
3	0	0.74464136	0.66614795	0.69113725	0.71473426	0.5025002	0	0	0	0	0	0	0	0	0	0	0	0	0	0	0	0	0	0	
3	0	0.5548251	0.50617975	0	0	0	0	0	0	0	0	0	0	0	0	0	0	0	0	0	0	0	0	0	
3	0.6159424	1.0946666	1.1464063	1.0861182	1.014163	0.92779195	0.8415365	0.80242336	0.765967	0.72222495	0.6686909	0.610221	0.55396223	0	0	0	0	0	0	0	0	0	0	0	
3	0	0.5668886	0.57922816	0	0.5065631	0	0	0	0	0	0	0	0	0	0	0	0	0	0	0	0	0	0	0	
3	0.6847447	1.1193738	1.2989291	1.2828046	1.252706	1.2062497	1.159857	1.1098152	1.0467801	1.0050042	0.9449971	0.87499714	0.80007505	0.7245409	0.64165974	0.5645959	0	0	0	0	0	0	0	0	
3	0.6710496	1.0882268	1.1892866	1.2937918	1.284319	1.2729179	1.2661995	1.2579426	1.2442027	1.2287534	1.2056673	1.1770138	1.1472324	1.0937053	1.0426672	0.9747291	0.8747105	0.78785545	0.6739899	0.54827404	0	0	0	0	
3	0.60902995	1.0818549	1.249643	1.2940389	1.275959	1.2559576	1.2378199	1.2223876	1.2304219	1.2217962	1.1907939	1.1396291	1.0878519	1.0134126	0.93530023	0.851175	0.7487374	0.64940625	0.5503101	0	0	0	0	0	
3	0.57335484	1.069376	1.2320048	1.1924615	1.136154	1.0895253	1.0856088	1.0626068	1.0069777	0.926874	0.84863603	0.77820927	0.7092215	0.635121	0.55964136	0	0	0	0	0	0	0	0	0	
3	0	0.6942171	0.7490625	0.75060076	0.6946083	0.6446185	0.6114435	0.5301527	0.5097732	0	0	0.5594173	0	0	0	0	0	0	0	0	0	0	0	0	
3	0.6730108	1.1170733	1.3188807	1.2930381	1.2927039	1.2940365	1.282156	1.2486973	1.2460997	1.2283044	1.1929159	1.1469706	1.087566	1.0326419	0.9546678	0.87096184	0.7749292	0.66840196	0.56318796	0	0	0	0	0	
3	0.5614182	0.9697628	1.1909822	1.252855	0.91200006	0.8658017	0.8157782	1.2786111	0.8845285	0.81928676	1.2416614	0.6803272	1.1956335	1.1748424	0	1.0869514	1.0257769	0	0	0	0	0	0	0	
3	0.64088494	1.1890992	1.3302215	1.303664	1.2859467	1.2786077	1.2833405	1.2369547	1.2687805	1.2556263	1.1695117	1.2239865	1.0798246	1.0162008	1.1250794	0.8581555	0.76208115	0.9281822	0.85356706	0.74300647	0.60970384	0.50824976	0	0	
3	0.6360271	1.165846	1.3115795	1.2979337	1.251528	1.2097422	1.173011	1.1635947	1.1816412	1.1856483	1.1678666	1.1245008	1.0563382	0.9847662	0.89820147	0.8056662	0.7122763	0.6087485	0.5063157	0	0	0	0	0	
3	0.53119326	1.0812901	1.0119648	0.98513144	0.8825711	0.9178618	0.89199793	0.8619086	0.8244561	0.78059435	0.7248162	0.66180736	0.5996831	0.5361698	0	0	0	0	0	0	0	0	0	0	
3	0	0.83695227	0.7749745	0.8526617	0.84078485	0.80532473	0.74655974	0.67725223	0.60552955	0.54134107	0	0	0	0	0	0	0	0	0	0	0	0	0	0	
3	0.58815974	1.1256278	1.3226	1.3172574	1.2928027	1.2679887	1.2561737	1.2422706	1.2244755	1.2009125	1.1876978	1.1832539	1.1466676	1.08746	1.0072166	0.9316162	0.83066505	0.7235751	0.62226266	0.529826	0	0	0	0	
3	0.62455994	1.0951197	1.2628272	1.308234	1.2757621	1.2591097	1.2500678	1.2343515	1.2145759	1.1872473	1.1495267	1.0956216	1.0449276	0.9678327	0.89157015	0.80614316	0.71376854	0.6281284	0.54029745	0	0	0	0	0	
3	0	0.7279958	0.7824858	0.78123	0.77186346	0.7678952	0.75010145	0.71599364	0.66595644	0.6113338	0.5468523	0	0	0	0	0	0	0	0	0	0	0	0	0	
3	0	0.59236	0.66206694	0.6362686	0.6020734	0.5647417	0.5312225	0	0	0	0	0	0	0	0	0	0	0	0	0	0	0	0	0	
3	0.626081	1.1393296	1.299083	1.2904572	1.3094337	1.2848105	1.287323	1.2849821	1.2828195	1.278246	1.2738391	1.2682426	1.2517018	1.2513509	1.2238204	1.2211955	1.1804421	1.1301216	1.1000488	1.0168909	0.87935835	0.7951875	0.68948567	0	
3	0.57203907	0.6891718	0.93211746	0.9926989	0.9575198	0.8983059	0.8342934	0.7727336	0.7151568	0.6496954	0.5765313	0.50311494	0	0	0	0	0	0	0	0	0	0	0	0	
3	0	0.5985687	0.5074654	0	0	0	0	0	0	0	0	0	0	0	0	0	0	0	0	0	0	0	0	0	
3	0.75238365	1.2211146	1.3278303	1.3276886	1.3009292	1.3031666	1.2783489	1.2732801	1.2692826	1.2615799	1.2550552	1.2386056	1.2126755	1.1953675	1.1516912	1.1139792	1.059154	0.9648416	0.89039975	0.777888	0.667586	0.55969393	0	0	
3	0.59069645	1.1447232	1.2074174	1.1991088	1.2021905	1.2077998	1.200708	1.1851287	1.1521674	1.1076493	1.0488843	0.97314745	0.8950541	0.80583704	0.71508276	0.62829155	0.5400697	0	0	0	0	0	0	0	
3	0	0.88238096	0.8808759	0.98130393	1.0190909	0.99046755	0.92707175	0.84982276	0.76215714	0.6782369	0.5964262	0	0	0	0	0	0	0	0	0	0	0	0	0	
3	0	0.6832644	0.6163403	0.5128356	0	0.5270704	0	0	0	0	0	0	0	0	0	0	0	0	0	0	0	0	0	0	
3	0.57147735	1.1061598	1.2877694	1.3125604	1.2953552	1.2783846	1.2734368	1.268145	1.2569581	1.2442241	1.2285429	1.2117022	1.1864942	1.1599716	1.1043143	1.0528543	0.9644009	0.8796694	0.7714374	0.6603123	0.5561079	0	0	0	
3	0.6771346	1.1408275	1.2817743	1.2464764	1.2062664	1.1740149	1.1772014	1.2199916	1.2302681	1.2108568	1.1621981	1.1019218	1.0299236	0.95682526	0.8653734	0.78082466	0.6801657	0.5771287	0	0	0	0	0	0	
3	0.5226822	0.86961037	0.83541566	0.7377064	0.6634625	0.6434977	0.6707644	0.66678166	0.6431627	0.60568094	0.5585827	0.5040616	0	0	0	0	0	0	0	0	0	0	0	0	
3	0	0.54329926	0	0	0	0	0	0	0	0	0	0	0	0	0	0	0	0	0	0	0	0	0	0	
3	0.5071604	0	0.93365926	0	0	0	0	0	0	0	1.2066295	0	1.1385946	1.1008798	0	0.9629844	0	0	0	0	0	0	0	0	
3	0.7048012	1.1900679	1.3126388	1.3263475	1.301618	1.2820256	1.2821041	1.2841356	1.2798795	1.2818321	1.2690922	1.2494409	1.2203735	1.202043	1.1640471	1.1370646	1.079122	0.9952625	0.91128373	0.79903936	0.6683804	0.5445225	0	0	
3	0.53521115	1.0265093	1.2767526	1.2933578	1.28969	1.2583382	1.223966	1.1943175	1.157568	1.1136264	1.0555246	0.9925505	0.9075438	0.8202043	0.7744829	0.62515485	0.52924263	0.53290933	0	0	0	0	0	0	
3	0	0.943476	0.82376736	0.80381036	0.75777507	0.7710183	0.7612113	0.72945297	0.6814691	0.62912875	0.56895	0.5053794	0	0	0	0	0	0	0	0	0	0	0	0	
3	0	0.70824754	0.7551815	0.70202893	0.63185406	0.5475527	0	0	0	0	0	0	0	0	0	0	0	0	0	0	0	0	0	0	
3	0.67201644	1.1776559	1.2554604	1.1940804	1.1754067	1.1258148	1.1591609	1.1863205	1.2100939	1.215114	1.1952709	1.1508768	1.1477584	1.1263968	1.0777276	1.004962	0.92312795	0.8131331	0.69649214	0.5805265	0	0	0	0	
3	0.6253275	1.0996805	1.1729729	1.1750504	1.1112778	1.0561018	1.0350513	1.0172822	0.957828	0.8883964	0.8703309	0.8218388	0.76239294	0.6807388	0.6028188	0.52406925	0	0	0	0	0	0	0	0	
3	0	0.7532696	0.77592087	0.7349647	0.69728476	0.73260707	0.7723503	0.783046	0.76766986	0.731697	0.6770503	0.6116506	0.5455027	0	0	0	0	0	0	0	0	0	0	0	
3	0	0.50196224	0	0	0	0	0	0	0	0	0	0	0	0	0	0	0	0	0	0	0	0	0	0	
3	0.6244747	1.0945421	1.2019525	1.2854869	1.3134491	1.2951026	1.267611	1.249092	1.2308657	1.2103211	1.1842462	1.1511252	1.1317818	1.1076379	1.0668339	1.0056818	0.9059811	0.8084523	0.7024136	0.5871847	0.500147	0	0	0	
3	0.552974	0.85043144	1.0349321	1.0015216	0.94890445	0.8503261	0.9980152	0.99083817	0.9613369	0.92737985	0.8786356	0.80662405	0.7294925	0.64662606	0.5659114	0	0	0	0	0	0	0	0	0	
3	0	0.8017855	0.9561282	0.9750911	0.9437896	0.88225144	0.85943466	0.8071013	0.73675364	0.6657267	0.59166753	0.5209965	0	0	0	0	0	0	0	0	0	0	0	0	
3	0	0.63568383	0.62189245	0.65801805	0.6492771	0.6282473	0.5963578	0.55238324	0.5006108	0	0	0	0	0	0	0	0	0	0	0	0	0	0	0	
3	0.5944858	1.0929064	1.3058808	1.3063054	1.2689862	1.2448157	1.2183901	1.1913443	1.1531681	1.1094637	1.0545369	0.98164	0.91150355	0.82062906	0.7343455	0.6451106	0.55133253	0	0	0	0	0	0	0	
3	0	0.9328276	0.6772489	0.7767538	0.76524776	0.72937095	0.67566466	0.7329126	0.7008665	0.6474776	0.58190274	0.5142852	0	0	0	0	0	0	0	0	0	0	0	0	
3	0.68195915	1.1896826	1.3332812	1.3129494	1.3061899	1.2889909	1.2769513	1.2723264	1.2658639	1.258317	1.2459772	1.2248758	1.2223158	1.2133958	1.1643082	1.1080662	1.0375905	0.96448416	0.8432471	0.75459296	0.6342085	0.51956487	0	0	
3	0.61818385	1.1459392	1.2132926	1.2050768	1.1628721	1.106053	1.0726799	1.0765852	1.0777771	1.06472	1.0151422	0.93605196	0.8681585	0.78599286	0.72447836	0.65720683	0.59164786	0.5251644	0	0	0	0	0	0	
3	0.57783276	0.9584785	0.9978344	0.9794433	0.91978437	0.82648253	0.7546845	0.7106296	0.66570157	0.62094045	0.57018274	0.51534456	0	0	0	0	0	0	0	0	0	0	0	0	
3	0	0.70870095	0.5468986	0.62671006	0.6568635	0.6546167	0.6227757	0.57219505	0.51215434	0	0	0	0	0	0	0	0	0	0	0	0	0	0	0	
3	0.6720193	1.0775158	1.2836334	1.2804182	1.2727747	1.263995	1.2621366	1.2555319	1.2428935	1.2244017	1.2016076	1.1709368	1.1315482	1.0848157	1.0172563	0.9546454	0.8750966	0.8021056	0.72310954	0.63560545	0.5395259	0	0	0	
3	0.6338435	1.1315312	1.1444632	1.1902916	1.1605945	1.0966886	1.0284175	1.0199885	1.009823	0.9888	0.93527806	0.8681097	0.7893386	0.70471585	0.6128242	0.5315782	0	0	0	0	0	0	0	0	
3	0	0.7766933	0.93328375	0.9152688	0.7846769	0.7928413	0.8559644	0.8623647	0.83390045	0.7843292	0.7196849	0.6485383	0.5795788	0.5094248	0	0	0	0	0	0	0	0	0	0	
3	0	0.62850505	0.65659004	0.5734547	0.5039488	0.51349354	0.5089924	0	0	0	0	0	0	0	0	0	0	0	0	0	0	0	0	0	
3	0.6418983	1.1807778	1.3152761	1.2733974	1.2347642	1.1908399	1.1466411	1.1391284	1.1478529	1.13752	1.1126995	1.0716456	1.0050415	0.9327263	0.8345357	0.74594945	0.66559887	0.58975583	0.5048128	0	0	0	0	0	
3	0	1.0262887	0.98785216	0.82236254	0.8263583	0.8257282	0.7784929	0.62371576	0.5469361	0	0.69408095	0.6305867	0.56942385	0.5070368	0	0	0	0	0	0	0	0	0	0	
3	0	0.63467896	0.6141979	0.55435455	0	0	0	0	0	0	0	0	0	0	0	0	0	0	0	0	0	0	0	0	
3	0.67108256	1.095427	1.1442548	1.0994159	1.1092871	1.0571744	1.0073869	0.96236825	0.9101576	0.8520847	0.78745526	0.71573955	0.6499598	0.60449255	0.5635979	0.5195261	0	0	0	0	0	0	0	0	
3	0	0.6134242	0.5997497	0	0	0	0	0	0	0	0	0	0	0	0	0	0	0	0	0	0	0	0	0	
3	0	0.5102326	0	0	0	0	0	0	0	0	0	0	0	0	0	0	0	0	0	0	0	0	0	0	
3	0	0.88849294	1.0353664	1.0092897	0.9299723	0.88467795	0.84584826	0.8172769	0.78567576	0.7483364	0.6966143	0.63715327	0.5934625	0.5457282	0	0	0	0	0	0	0	0	0	0	
3	0.5500034	0.94322133	0.86579525	0.74561775	0.67682594	0.58451736	0.52323675	0.6674361	0.6475436	0.6229059	0.5860121	0.53808576	0	0	0	0	0	0	0	0	0	0	0	0	
3	0	0.5274726	0	0	0	0	0	0	0	0	0	0	0	0	0	0	0	0	0	0	0	0	0	0	
3	0.5787122	1.0618241	1.1693805	1.1867651	1.1440717	1.0735768	0.9892164	0.8918603	0.82269526	0.74710244	0.69744486	0.64761686	0.6090573	0.5642897	0.52610517	0	0	0	0	0	0	0	0	0	
3	0	0.8506483	0.75311875	0	0.60650694	0.5625754	0.51233804	0	0	0	0	0	0	0	0	0	0	0	0	0	0	0	0	0	
3	0	0	0.60023993	0.5597967	0.5028725	0	0	0	0	0	0	0	0	0	0	0	0	0	0	0	0	0	0	0	
3	0	0	0	0	0	0	0.5131341	0.5193296	0	0	0	0	0	0	0	0	0	0	0	0	0	0	0	0	
3	0	0.6170414	0.5863756	0	0	0	0	0	0	0	0	0	0	0	0	0	0	0	0	0	0	0	0	0	
3	0	0.5625786	0	0	0	0	0	0	0	0	0	0	0	0	0	0	0	0	0	0	0	0	0	0	
3	0	0.9135887	0.90196425	0.8325657	0.7744337	0.768046	0.7337295	0.68403345	0.62328255	0.5635964	0.52099943	0	0	0	0	0	0	0	0	0	0	0	0	0	
3	0	0.64199156	0.673408	0.64530736	0.60503757	0.64506054	0.6535136	0.6303729	0	0	0	0	0	0	0	0	0	0	0	0	0	0	0	0	
3	0	0.56853026	0.62425214	0.6730504	0.6747214	0.65994674	0.6252909	0.5796909	0.5300565	0	0	0	0	0	0	0	0	0	0	0	0	0	0	0	
3	0	0.6006534	0.5086402	0.5205304	0	0	0	0	0	0	0	0	0	0	0	0	0	0	0	0	0	0	0	0	
3	0	0.60438013	0.54703295	0	0	0	0	0	0	0	0	0	0	0	0	0	0	0	0	0	0	0	0	0	
3	0	0.6375746	0.613718	0.5339044	0	0	0	0	0	0	0	0	0	0	0	0	0	0	0	0	0	0	0	0	
3	0	0.9269913	0.8789046	0.75846905	0.6613249	0.67413354	0.6816457	0.6789645	0.66035426	0.63269013	0.5975949	0.5566897	0.51406616	0	0	0	0	0	0	0	0	0	0	0	
3	0	0.93041235	0.94885486	0.82944995	0.7592539	0	0.6235549	0.5576532	0.5022451	0	0	0	0	0	0	0	0	0	0	0	0	0	0	0	
3	0	0.51290697	0.58235556	0.73617595	0.73014146	0.69956183	0.63152933	0.5763646	0.5429727	0.5080831	0	0	0	0	0	0	0	0	0	0	0	0	0	0	
3	0.5544821	1.007162	1.1093397	0.9957478	0.8843821	0.84828454	0.80873084	0.78778684	0.74556404	0.687294	0.61469513	0.5617449	0.5180982	0	0	0	0	0	0	0	0	0	0	0	
3	0.5782756	1.1191012	1.2613866	1.1727322	1.0872478	1.0610378	1.0468255	1.0145388	0.9633037	0.90631527	0.83597237	0.7588295	0.6877776	0.6137825	0.54424447	0	0	0	0	0	0	0	0	0	
3	0	0.611023	0	0.80593944	0.8683638	0.8647747	0.81568855	0.73633605	0.64306444	0.55962205	0	0	0	0	0	0	0	0	0	0	0	0	0	0	
3	0.6024324	1.1070733	1.1684194	1.0855861	0.98871976	0.9651217	0.95790786	0.9332753	0.88967043	0.8302657	0.76299727	0.6906905	0.618261	0.54204476	0	0	0	0	0	0	0	0	0	0	
3	0	0.5988805	0.5599595	0	0	0	0	0	0	0	0	0	0	0	0	0	0	0	0	0	0	0	0	0	
3	0	0	0.9185696	0.8052731	0	0	0.7310308	0.70257246	0.6546569	0.60424846	0.5560098	0	0	0	0	0	0	0	0	0	0	0	0	0	
3	0.5679047	0.97868615	1.0507947	1.01692	0.94074035	0.8836479	0.8372432	0.7888855	0.73071	0.66698647	0.6004625	0.53698444	0	0	0	0	0	0	0	0	0	0	0	0	
3	0.5428217	1.0845053	1.1446015	1.061773	0.9540018	0.8639459	0.7991335	0.7589968	0.72573143	0.67810166	0.61569667	0.5485748	0	0	0	0	0	0	0	0	0	0	0	0	
3	0	0.79676616	0.7757783	0.7014141	0.57407725	0.5039498	0	0	0	0.5198521	0	0	0	0	0	0	0	0	0	0	0	0	0	0	
3	0.6244938	1.1621373	1.2997628	1.2578142	1.2081238	1.1599369	1.1006958	1.043201	0.98450553	0.9210381	0.8447066	0.75884616	0.6776041	0.5975678	0.53520817	0	0	0	0	0	0	0	0	0	
3	0	0	0	0.6576692	0.64910996	0.61390996	0.568448	0.51440436	0	0	0	0	0	0	0	0	0	0	0	0	0	0	0	0	
3	0.51866853	0	1.1120172	1.1590267	0	0	0	0.8776813	0.77211124	0.6784765	0.5994592	0	0	0	0	0	0	0	0	0	0	0	0	0	
3	0	1.0503516	1.0765582	0.9892383	1.111061	1.0515219	0.9725086	0.67738783	0.63319826	0.58127207	0.52863616	0.54966795	0.50659984	0	0	0	0	0	0	0	0	0	0	0	
3	0.57008487	0	1.1121672	1.11303	0	0	0	0.9648847	0	0.8309951	0.74973357	0	0.5910232	0.5222376	0	0	0	0	0	0	0	0	0	0	
3	0.5343595	1.0834695	0.9412763	0.95840806	1.0897387	1.0511302	1.0134983	0.5973837	0.9011027	0	0	0.66439956	0	0	0	0	0	0	0	0	0	0	0	0	
3	0	0.68586355	0.71040064	0.63006175	0.568782	0.53228134	0.5263723	0.5110809	0	0	0	0	0	0	0	0	0	0	0	0	0	0	0	0	
3	0	0	0.51066023	0	0	0	0	0	0	0	0	0	0	0	0	0	0	0	0	0	0	0	0	0	
3	0.64584374	1.1030129	1.2927932	1.2547084	1.205383	1.1539087	1.0956542	1.027165	0.9455094	0.86044407	0.7667189	0.6740287	0.5897505	0.5103667	0	0	0	0	0	0	0	0	0	0	
3	0.62860006	1.0302472	1.028895	1.0136949	0.97251785	0.931793	0.8750197	0.81461316	0.7437478	0.68436	0.6287976	0.5827366	0.58119833	0.5657987	0.5244591	0	0	0	0	0	0	0	0	0	
3	0.5103695	0.9023929	0.810413	0.7345713	0.6892345	0.6861799	0.6854759	0.67105234	0.640544	0.5983827	0.545238	0	0	0	0	0	0	0	0	0	0	0	0	0	
3	0.65489763	1.1447837	1.1555957	1.064813	1.0353612	0.9892438	0.93895864	0.8853675	0.82796943	0.7757047	0.7158134	0.6542622	0.59572536	0.5336816	0	0	0	0	0	0	0	0	0	0	
3	0.57647705	1.006339	0.9302069	0.8978914	0.8212929	0.84255487	0.8276952	0.8274938	0.809407	0.77798116	0.7317226	0.66680974	0.5981335	0.52351314	0	0	0	0	0	0	0	0	0	0	
3	0	0.9242041	1.2408128	1.2360892	1.1825484	1.1208873	1.0549371	0.9813317	0.9008755	0.82117945	0.7346377	0.64753014	0.5713482	0	0	0	0	0	0	0	0	0	0	0	
3	0	0.9926986	1.0470642	1.0172148	1.0255777	1.0129914	0.9731845	0.9065547	0.81963915	0.7321319	0.649103	0.57525754	0.5142485	0	0	0	0	0	0	0	0	0	0	0	
3	0	0.9485694	1.1002537	1.0946125	1.0355785	0.9420108	0.8478361	0.75819916	0.67120314	0.5955297	0.5255596	0	0	0	0	0	0	0	0	0	0	0	0	0	
3	0.5334236	0.9973286	1.0531914	0.9737124	0.8960313	0.8436935	0.7866552	0.7163995	0.651334	0.6139147	0.56434125	0.5079954	0	0	0	0	0	0	0	0	0	0	0	0	
3	0	0.8590787	1.0478182	1.0127121	0.92274415	0.78030187	0	0.57745785	0.5218514	0	0	0	0	0	0	0	0	0	0	0	0	0	0	0	
3	0.59581465	0.98039	1.1787479	1.0722255	1.0103668	0.9568314	0.91510785	0.8830759	0.82309407	0.7498359	0.6672472	0.5815638	0.5032602	0	0	0	0	0	0	0	0	0	0	0	
3	0.59137106	1.119083	1.2028085	1.1192833	1.0411048	0.99124855	0.93588346	0.86753935	0.7857088	0.7017824	0.6213747	0.5494328	0.5036608	0	0	0	0	0	0	0	0	0	0	0	
3	0	0.6457409	0.8104981	0.81280166	0.75338227	0.6668153	0.58049166	0.5025959	0	0	0	0	0	0	0	0	0	0	0	0	0	0	0	0	
3	0.63803	0.9849885	1.1703889	1.0149058	0.8503622	0.81230694	0.783861	0.73471296	0.6635226	0.5873633	0.5362898	0	0	0	0	0	0	0	0	0	0	0	0	0	
3	0	0.8806133	1.0284551	1.0234541	1.0603814	1.0665728	1.0733492	1.0829076	1.0883795	1.0869391	1.0656142	1.0182929	0.95473605	0.86948967	0.78062177	0.6925952	0.6028849	0.5232078	0	0	0	0	0	0	
3	0.57290745	1.019183	0.96122	0.9183685	0.86271435	0.8114149	0.7393733	0.66535085	0.60887456	0.55028933	0	0	0	0	0	0	0	0	0	0	0	0	0	0	
3	0	0.5996626	0.6831714	0.6852976	0.6410042	0.5849973	0.53188175	0	0	0	0	0	0	0	0	0	0	0	0	0	0	0	0	0	
3	0	0.50883883	0.5356316	0	0	0	0	0	0	0	0	0	0	0	0	0	0	0	0	0	0	0	0	0	
3	0	0.8239934	0.74854726	0.75280845	0.73486257	0.71091014	0.6646972	0.6042087	0.5365335	0	0	0	0	0	0	0	0	0	0	0	0	0	0	0	
3	0	0.98433566	1.0692155	0.95386916	0.93788946	0.92352694	0.9012128	0.8738737	0.83712393	0.79809713	0.75252503	0.69809157	0.653813	0.60361046	0.547834	0.50272673	0	0	0	0	0	0	0	0	
3	0	0.53537756	0.5487987	0.53042203	0.51045436	0	0	0	0	0	0	0	0	0	0	0	0	0	0	0	0	0	0	0	
3	0	0.92411023	0.8726975	0.7524854	0.66717035	0.6433039	0.6173295	0.5781912	0.52642566	0	0	0	0	0	0	0	0	0	0	0	0	0	0	0	
3	0.50525343	0.9387255	0.96020925	0.7894879	0.7173888	0.6887106	0.6572081	0.61850005	0.5890074	0.55667347	0.5150793	0	0	0	0	0	0	0	0	0	0	0	0	0	
3	0	0.5837766	0.5888112	0.5431411	0.6101093	0.5339835	0	0	0	0	0	0	0	0	0	0	0	0	0	0	0	0	0	0	
3	0.6098479	1.1265566	1.1095778	1.0408553	1.0544615	1.0236887	0.95691675	0.8764788	0.81041485	0.7547688	0.69033116	0.61931074	0.5542619	0	0	0	0	0	0	0	0	0	0	0	
3	0	0.7375669	0.7614049	0.6888208	0.6366924	0.57526165	0.5308633	0	0	0	0	0	0	0	0	0	0	0	0	0	0	0	0	0	
3	0	0.6171403	0.5366397	0	0	0	0	0	0	0	0	0	0	0	0	0	0	0	0	0	0	0	0	0	
3	0.57919157	1.1230522	1.2228289	1.14829	1.1549577	1.1534573	1.1382349	1.1071912	1.0527	0.98807025	0.91485757	0.8386349	0.76158977	0.68236935	0.5987585	0.527085	0	0	0	0	0	0	0	0	
3	0	0.682789	0.77389175	0.7119976	0.63072914	0.5625074	0.5101236	0	0	0	0	0	0	0	0	0	0	0	0	0	0	0	0	0	
3	0.5365009	1.0929451	1.1952093	1.0697999	1.0387955	1.0380541	1.0358704	1.0216506	0.9923912	0.9483839	0.895579	0.8335469	0.7634225	0.6835061	0.5982011	0.51256424	0	0	0	0	0	0	0	0	
3	0	0.6972422	0.7918777	0.7604003	0.7910219	0.8035001	0.7852587	0.7406105	0.67929894	0.6148565	0.5507418	0	0	0	0	0	0	0	0	0	0	0	0	0	
3	0.5689874	1.0980781	1.2667031	1.2397053	1.175238	1.1198044	1.0727232	1.0204796	0.9938771	0.9596859	0.904978	0.824691	0.7366309	0.6373889	0.5424731	0	0	0	0	0	0	0	0	0	
3	0.57939684	1.0537287	1.2143825	1.1720425	1.0791172	1.0771927	1.1037784	1.1249965	1.1410182	1.1472425	1.1402833	1.116902	1.071018	1.0234225	0.9488861	0.85469043	0.76961064	0.67399776	0.56881225	0	0	0	0	0	
3	0	0	0.57698274	0.5624723	0	0	0	0	0	0	0	0	0	0	0	0	0	0	0	0	0	0	0	0	
3	0.5579794	1.077968	1.2014284	1.1136718	0.97543174	0.93941593	0.94510317	0.9513589	0.9555546	0.9572002	0.9499439	0.9281881	0.9013349	0.85233814	0.79850423	0.7256158	0.64413303	0.56954306	0	0	0	0	0	0	
3	0	0.544193	0.77347505	0.68331546	0.6249315	0.56337917	0	0	0	0	0	0	0	0	0	0	0	0	0	0	0	0	0	0	
3	0.61805815	1.1117935	1.2076703	1.1135269	0.9695076	0.91151285	0.92105067	0.9293695	0.9347936	0.93849236	0.9314814	0.9051578	0.8669995	0.8073273	0.7473478	0.6902817	0.6302856	0.55291724	0	0	0	0	0	0	
3	0.5874135	0.9377333	0.6877729	0.6517848	0.6207492	0.55716926	0.68154395	0.6598269	0.629374	0.59467125	0.55042714	0	0	0	0	0	0	0	0	0	0	0	0	0	
3	0	0.8351197	0.9516702	0.92914486	0.93291897	0.94392604	0.9586817	0.9740338	0.9858682	0.99255824	0.9854816	0.9569513	0.9115358	0.83929455	0.7518386	0.65895677	0.56535786	0	0	0	0	0	0	0	
3	0	0.925429	1.0370921	0.908456	0.80774504	0.77534133	0.73146194	0.67379534	0.5981143	0.51877886	0	0	0	0	0	0	0	0	0	0	0	0	0	0	
3	0	0.70880497	0.75848264	0.7014781	0.66252494	0.5964319	0.52511394	0	0	0	0	0	0	0	0	0	0	0	0	0	0	0	0	0	
3	0.6276764	1.1276779	1.2929835	1.2583697	1.2077074	1.204445	1.1983858	1.179674	1.1509501	1.1404903	1.1090913	1.0573858	0.98120236	0.9039211	0.8151602	0.7237695	0.627422	0.54448897	0	0	0	0	0	0	
3	0.5264841	0.9647316	0.6438625	0.6674678	0.6735304	0.6432857	0.6116971	0.9465414	0.94691986	0.9156306	0.85559595	0.77887195	0.7010642	0.6173549	0.53961194	0	0	0	0	0	0	0	0	0	
3	0	0.5264964	0.58189017	0.55602604	0.5225854	0.5121931	0	0	0	0	0	0	0	0	0	0	0	0	0	0	0	0	0	0	
3	0.53636867	1.0032637	0.9973394	0.9777431	0.9571891	0.9582613	0.97390795	0.97096306	0.96180755	0.94058496	0.90224075	0.8450613	0.7751979	0.69538283	0.61648667	0.53966355	0	0	0	0	0	0	0	0	
3	0	0.5153128	0.7016764	0.5302657	0.5020738	0.6229241	0.62209374	0.59100455	0.5423611	0	0	0	0	0	0	0	0	0	0	0	0	0	0	0	
3	0.59490424	1.1433165	1.2461365	1.1460586	1.0277708	0.9671069	0.9824323	0.97260654	0.9362828	0.8846583	0.8178235	0.7422185	0.6693239	0.5979776	0.5372314	0	0	0	0	0	0	0	0	0	
3	0.55639815	0.9117725	0.9479868	0.6931524	0.92932594	0.9186747	0.6243677	0.61640525	0.5892308	0.54570025	0	0.58620137	0	0	0	0	0	0	0	0	0	0	0	0	
3	0.59653014	1.1203662	1.2939085	1.2522591	1.1882048	1.1622747	1.1730608	1.1721195	1.1540635	1.1214862	1.0736334	1.0062132	0.92465734	0.83815914	0.75193596	0.6759272	0.5919372	0.5103839	0	0	0	0	0	0	
3	0	0.6301431	0.6029147	0.660969	0.6183434	0.74950343	0.6391898	0.65384465	0.6426946	0.6161778	0.5742706	0.52278453	0	0	0	0	0	0	0	0	0	0	0	0	
3	0	0.5038093	0	0	0	0	0	0	0	0	0	0	0	0	0	0	0	0	0	0	0	0	0	0	
3	0.59015286	1.0387508	1.0747766	1.0235261	0.90954566	0.8711674	0.83161414	0.78213984	0.7227217	0.6688752	0.618092	0.5614848	0.5084955	0	0	0	0	0	0	0	0	0	0	0	
3	0	0	0.5013095	0	0	0	0	0	0	0	0	0	0	0	0	0	0	0	0	0	0	0	0	0	
3	0.6104223	1.0584587	1.0935584	1.042614	1.0130563	0.9728986	0.91928333	0.8518848	0.7944503	0.7339952	0.6639734	0.5903621	0.521076	0	0	0	0	0	0	0	0	0	0	0	
3	0.60564727	1.1024954	1.2494731	1.2020648	1.0893085	1.0591668	1.0445368	1.0497408	1.052999	1.0566406	1.0584198	1.0559952	1.0514146	1.0517353	1.0334741	1.0331495	1.005895	0.9306388	0.8682056	0.7448234	0.59865004	0	0	0	
3	0	1.0452569	1.0664464	0.9321245	1.1116114	1.0116733	0.9270816	0.9070839	0.85576385	0.7940447	0.72433615	0.64784634	0.575491	0.50243145	0	0	0	0	0	0	0	0	0	0	
3	0	0	0	0	0	0.5074329	0.5066881	0	0	0	0	0	0	0	0	0	0	0	0	0	0	0	0	0	
3	0.5665828	0	1.3101062	0	0	0	0	1.2277559	0	0	1.2213084	0	1.2022065	1.1731656	0	1.090533	0	0	0	0	0	0	0	0	
3	0.6570899	1.1250625	1.2532794	1.2960585	1.3020681	1.2606648	1.2364541	1.20249	1.2254349	1.2232745	1.084037	1.2169994	0.95774686	0.8801482	1.1372533	0.7002822	1.0087105	0.92115086	0.83113015	0.711592	0.5820945	0	0	0	
3	0	0.66365355	0.6238597	0.7479493	0.791951	0.8016172	0.7819239	0.73941296	0.67985153	0.6160042	0.5510387	0	0	0	0	0	0	0	0	0	0	0	0	0	
3	0.65269136	1.1460133	1.3195847	1.2931579	1.2521847	1.2270027	1.2040619	1.2157829	1.2124891	1.1973326	1.1705484	1.136093	1.085657	1.0233117	0.93761027	0.85782874	0.75572264	0.6652462	0.57731915	0	0	0	0	0	
3	0	0.763543	0.806605	0.74600023	0.81134254	0.7988816	0.73198557	0.50333494	0.5780338	0.55429786	0.5184352	0	0	0	0	0	0	0	0	0	0	0	0	0	
3	0	0.65404654	0.6367502	0.5458193	0	0	0	0	0	0	0	0	0	0	0	0	0	0	0	0	0	0	0	0	
3	0.66838634	1.1713209	1.3327615	1.3033328	1.2662051	1.2575158	1.2589586	1.2598277	1.2533845	1.240636	1.2200657	1.187815	1.163179	1.1128705	1.0685458	0.99485177	0.90312505	0.8111541	0.68367314	0.58158785	0	0	0	0	
3	0.59838146	1.1298562	1.1451617	0.91637635	0.8537542	1.23364	1.0673288	1.0401422	0.9783404	0.90648043	0.8256414	0.73965806	0.6601496	0.5819906	0.50809956	0	0	0	0	0	0	0	0	0	
3	0	0.80377495	0.735866	0.679129	0	0.7135516	0.753181	0.74239045	0.69569004	0.6368332	0.57332337	0.51235235	0	0	0	0	0	0	0	0	0	0	0	0	
3	0	0.53837967	0	0.50341165	0.51231086	0.50604486	0	0	0	0	0	0	0	0	0	0	0	0	0	0	0	0	0	0	
3	0.55861956	0.99478865	1.1098423	0.95843136	0.8093334	0.6962363	0.705232	0.7097586	0.7037784	0.68584317	0.65751594	0.6156918	0.5606221	0.50024706	0	0	0	0	0	0	0	0	0	0	
3	0	0.8237526	0.7142915	0.58976066	0.5400758	0.5544896	0.5377494	0.5106273	0	0	0	0	0	0	0	0	0	0	0	0	0	0	0	0	
3	0	0.5340693	0.50160456	0	0	0	0	0	0	0	0	0	0	0	0	0	0	0	0	0	0	0	0	0	
3	0.63861805	1.1319919	1.2813616	1.2655525	1.2010183	1.1412381	1.1113055	1.1288713	1.1493821	1.1698284	1.1885972	1.2021606	1.202217	1.1805031	1.1535922	1.0983301	1.0035366	0.9336507	0.8343951	0.70529765	0.57776123	0	0	0	
3	0	0.825656	0.53153706	0	0.7155359	0.9110761	0.97400254	0.99723905	0.9760713	0.916593	0.83159643	0.7408533	0.6520833	0.56274235	0	0	0	0	0	0	0	0	0	0	
3	0.561298	1.0567987	1.213031	1.205143	1.1574086	1.1732942	1.1894047	1.1954839	1.1940628	1.1847419	1.1658621	1.1326873	1.0918927	1.0339905	0.9682338	0.88051647	0.7921377	0.6963456	0.5817624	0	0	0	0	0	
3	0	0.90251917	1.0009558	0.93084526	0.6219841	0.9456495	0.9615361	0.93363804	0.89211637	0.837811	0.7676185	0.6896851	0.61325634	0.5353514	0	0	0	0	0	0	0	0	0	0	
3	0.5144726	0	1.2710919	1.2564983	0	0	0	1.2128069	0	0	1.2013402	0	1.1743796	1.1451676	0	1.0674567	0	0	0	0	0	0	0	0	
3	0.6388005	1.0988343	1.2812192	1.2685525	1.2189745	1.2134764	1.2143782	1.0862002	1.2100441	1.2060483	0.90334064	1.1934509	0.8231572	0.7766145	1.1060323	0.6615269	1.0004132	0.9210421	0.86039066	0.766255	0.64381796	0.5343576	0	0	
3	0.5126589	0.8348071	0.7842002	0.7305093	0.7242935	0.73129565	0.6964375	0.65483475	0.5948572	0.5321572	0	0	0	0	0	0	0	0	0	0	0	0	0	0	
3	0	0.6001905	0.5212098	0	0	0	0	0	0	0	0	0	0	0	0	0	0	0	0	0	0	0	0	0	
3	0.59086174	1.1321734	1.2997193	1.2734773	1.2185372	1.1741239	1.1345358	1.1250892	1.117355	1.1033294	1.0808698	1.043883	0.9830387	0.9146415	0.825189	0.7354578	0.6481769	0.55867064	0	0	0	0	0	0	
3	0	0.65366054	0.7840141	0.8058397	0.68679464	0.6506799	0.60302705	0.55240816	0	0	0	0	0	0	0	0	0	0	0	0	0	0	0	0	
3	0.5347729	0	1.1293218	1.111269	0.50532717	0.5092279	0.5022256	0.9847307	0	0.8990164	0.8664623	0	0.79434806	0.737763	0	0.5871717	0.50452	0	0	0	0	0	0	0	
3	0.6398804	1.099035	1.0733765	1.0263262	1.0682011	1.0177492	1.0057073	0.7632544	0.94780546	0.6703239	0.61078185	0.8368454	0	0	0.66200185	0	0	0	0	0	0	0	0	0	
3	0	0.5426635	0	0	0	0	0	0	0	0	0	0	0	0	0	0	0	0	0	0	0	0	0	0	
3	0.5588175	1.0952529	1.2536081	1.1989417	1.1098213	1.1146069	1.130303	1.1370307	1.1363599	1.1276757	1.1066782	1.0671765	1.0203555	0.9515109	0.87689406	0.7906676	0.7123069	0.62598175	0.54307157	0	0	0	0	0	
3	0.5907929	0.71077865	1.1543431	1.0741268	0.95927405	0.8459748	0.53017247	0.69029856	0.6491328	0.5984205	0.53738326	0	0	0	0	0	0	0	0	0	0	0	0	0	
3	0.5642037	1.0870026	1.2734447	1.276866	1.275799	1.2236816	1.2269654	1.2212381	1.2034581	1.1793222	1.1495605	1.1114233	1.0537151	0.99730325	0.91308784	0.81848025	0.7198147	0.61312586	0.501434	0	0	0	0	0	
3	0.5103748	0.86399966	0.93547535	0.69098073	1.1797094	1.1533177	1.1229362	0.8087411	1.0875548	0	0	0.8089929	0	0	0	0	0	0	0	0	0	0	0	0	
3	0	0.5290225	0	0	0	0	0	0	0	0	0	0	0	0	0	0	0	0	0	0	0	0	0	0	
3	0.6678116	1.1727397	1.3037409	1.2836401	1.2467042	1.2027817	1.1584953	1.1043513	1.038098	0.9661698	0.8858106	0.80176884	0.7222345	0.64341617	0.56760335	0	0	0	0	0	0	0	0	0	
3	0	0.76670563	0.79342455	0.6927679	0.6457675	0.61145633	0.5627072	0.50604194	0	0	0	0	0	0	0	0	0	0	0	0	0	0	0	0	
3	0	0.5707399	0	0	0	0	0	0	0	0	0	0	0	0	0	0	0	0	0	0	0	0	0	0	
3	0.60621315	1.1402553	1.2828338	1.2383972	1.1795018	1.1132517	1.0372255	0.9492049	0.85302	0.7831312	0.77667004	0.75395083	0.7223621	0.65932417	0.592815	0.5172543	0	0	0	0	0	0	0	0	
3	0	0.6942248	0.8529125	0.7383747	0.7006545	0.65101594	0.60206	0.6142588	0.62131226	0.60864574	0.57906055	0.5342462	0	0	0	0	0	0	0	0	0	0	0	0	
3	0.66329104	1.1612358	1.2643802	1.273798	1.2795768	1.2506086	1.2230419	1.1936592	1.1581011	1.1134131	1.0529016	1.0332602	1.0121261	0.95287484	0.87767273	0.7852365	0.68472695	0.5997154	0.5109973	0	0	0	0	0	
3	0	0.9579951	1.1305277	1.070193	1.0175791	1.0839902	1.0302062	1.0021669	0.94461197	0.872342	0.7858575	0.72244376	0.6141355	0.55295783	0	0	0	0	0	0	0	0	0	0	
3	0.6386009	1.1611578	1.2740101	1.2562966	1.2107352	1.1488433	1.085915	1.1531968	1.1744653	1.1519775	1.0936021	1.0601491	1.0104947	0.92834425	0.8338766	0.7412911	0.64020675	0.5421184	0	0	0	0	0	0	
3	0	0.962221	1.1119729	1.1094714	1.0628784	1.0070947	0.94092894	0.8622067	0.77300245	0.6882454	0.60494995	0.52803963	0	0	0	0	0	0	0	0	0	0	0	0	
3	0	0.8105186	0.75656563	0.70120853	0.64720017	0.5995303	0.5403336	0	0	0	0	0	0	0	0	0	0	0	0	0	0	0	0	0	
3	0	0.5192763	0.52461666	0	0	0	0	0	0	0	0	0	0	0	0	0	0	0	0	0	0	0	0	0	
3	0.6912908	1.179904	1.2380354	1.1551031	1.0601755	1.0048976	0.98812646	0.9682092	0.93510526	0.8904679	0.84059954	0.8016519	0.76088387	0.7070446	0.6451568	0.57296073	0	0	0	0	0	0	0	0	
3	0	0.8609584	0.72602713	0.7235113	0.7524757	0.7454539	0.73200965	0.7265671	0.688214	0.63133085	0.56467897	0	0	0	0	0	0	0	0	0	0	0	0	0	
3	0.548966	1.0939745	1.2129544	1.1219682	1.0223116	0.9504658	0.9314912	0.9046436	0.8646718	0.8178283	0.75743586	0.6854816	0.6104333	0.53934944	0	0	0	0	0	0	0	0	0	0	
3	0	0.6006895	0.542895	0	0	0	0	0	0	0	0	0	0	0	0	0	0	0	0	0	0	0	0	0	
3	0.6178634	1.1544598	1.2519398	1.1946062	1.1848354	1.167071	1.1492587	1.1182996	1.0698442	1.0054282	0.9223336	0.82944626	0.73919624	0.6835808	0.63366157	0.581422	0.52094114	0	0	0	0	0	0	0	
3	0.5621977	1.0429212	1.1071885	0.73783743	0.7880621	0.79249257	0.768448	0.7270658	0.73672104	0.6776426	0.6178973	0.55942595	0.505026	0	0	0	0	0	0	0	0	0	0	0	
3	0	0	0.66821975	0.6007715	0.5890456	0.54935706	0	0	0	0	0	0	0	0	0	0	0	0	0	0	0	0	0	0	
3	0.61101586	1.1092907	1.2871951	1.2572861	1.1871451	1.1168407	1.0405637	0.972176	0.9194396	0.8614899	0.8025524	0.75800157	0.72235274	0.6757407	0.619835	0.5498917	0	0	0	0	0	0	0	0	
3	0	0.74096835	0.5168695	0	0	1.0215408	0	0	0	0	0	0	0	0	0	0	0	0	0	0	0	0	0	0	
3	0.6023011	1.0583323	1.1238185	1.139172	1.1537709	1.1653985	1.2119244	1.2237025	1.2192438	1.2050835	1.1829491	1.149883	1.1207274	1.0752959	1.0217546	0.9588384	0.8928129	0.80044824	0.7272849	0.624674	0.53368264	0	0	0	
3	0.60653853	1.0681431	1.1129881	1.1061052	1.0971226	1.070598	1.0291653	0.99331886	0.9582224	0.9170298	0.8652326	0.8004714	0.73132247	0.6531703	0.5809481	0.5088419	0	0	0	0	0	0	0	0	
3	0.6160937	1.1650343	1.3078079	1.299826	1.2808977	1.2678069	1.2563777	1.2411827	1.2252563	1.203355	1.1735625	1.1299729	1.0934273	1.0265005	0.96795756	0.89133817	0.79167825	0.6937566	0.59378564	0	0	0	0	0	
3	0.6081738	1.1102113	1.2317336	1.156323	1.0486318	0.9245688	0.8362463	0.79307204	0.7801563	0.7487553	0.71187603	0.65622735	0.6026867	0.5395958	0	0	0	0	0	0	0	0	0	0	
3	0.62505966	1.0309328	1.2739199	1.2859076	1.2293166	1.2227112	1.2168806	1.2042946	1.1870126	1.1644717	1.1342013	1.0915433	1.0392888	0.9744986	0.9041011	0.81974417	0.72372407	0.6415032	0.5477367	0	0	0	0	0	
3	0.5552151	1.0393475	1.2561632	1.2610308	1.2238016	1.177002	1.1253053	1.0663875	0.997249	0.9218932	0.8456133	0.77981585	0.7244213	0.67271245	0.6229892	0.57276213	0.51351315	0	0	0	0	0	0	0	
3	0	0.80777013	0.9006818	0.8273463	0.7548962	0.69108665	0.63364834	0.5776502	0.5207059	0	0	0	0	0	0	0	0	0	0	0	0	0	0	0	
3	0	0.5754878	0.551472	0	0	0	0	0	0	0	0	0	0	0	0	0	0	0	0	0	0	0	0	0	
3	0.5865504	1.1006258	1.2520881	1.2815992	1.2731403	1.2399971	1.2528282	1.2571293	1.2543404	1.2460984	1.2378522	1.2279158	1.208631	1.197249	1.1523745	1.1228648	1.067649	0.97729325	0.8889647	0.7918869	0.6694347	0.53109336	0	0	
3	0.5012091	0.65111774	0.791273	0.8969468	0.8961938	0.85705423	0.8076836	0.74926335	0.67957133	0.6105381	0.54579616	0	0	0	0	0	0	0	0	0	0	0	0	0	
3	0	1.0758561	1.1726398	1.0668555	0.9543352	0.8501768	0.75586027	0.7354729	0.733023	0.72740823	0.7142646	0.68935174	0.653561	0.59891886	0.5349224	0	0	0	0	0	0	0	0	0	
3	0	0.61120766	0.55689293	0.5903004	0.5795022	0.5401356	0	0	0	0	0	0	0	0	0	0	0	0	0	0	0	0	0	0	
3	0.6243922	1.1400851	1.2349474	1.1387981	1.0968229	1.0688901	1.0370355	0.9929948	0.9306258	0.8614045	0.7794614	0.6951526	0.6154676	0.545517	0	0	0	0	0	0	0	0	0	0	
3	0	0.63306034	0.57486016	0.5775697	0.5514963	0.50554776	0	0	0	0	0	0	0	0	0	0	0	0	0	0	0	0	0	0	
3	0.6444695	1.1629897	1.2531185	1.1792973	1.1612029	1.143515	1.1230661	1.086185	1.0260309	0.943656	0.87212956	0.8389083	0.8072994	0.76402956	0.71217805	0.6654852	0.5996803	0.54740906	0	0	0	0	0	0	
3	0.55529046	1.1084739	1.0849875	1.192273	1.1363941	1.0498701	0.9628837	0.8811169	0.80158406	0.7355958	0.63536936	0.58575904	0.53776294	0	0	0.5127942	0	0	0	0	0	0	0	0	
3	0	0.66514385	0.6252996	0.62258077	0.59597933	0.55017155	0.5079783	0	0	0	0	0	0	0	0	0	0	0	0	0	0	0	0	0	
3	0.6539267	1.1536697	1.2570697	1.2322748	1.1976612	1.1327327	1.0841134	1.0303828	0.97097594	0.91845155	0.8582535	0.80018866	0.74070513	0.678586	0.61486477	0.5582187	0	0	0	0	0	0	0	0	
3	0	0.5526724	0.60804844	0.640271	0.65673876	0.64588094	0.62783897	0.6058466	0.5725242	0.5319906	0	0	0	0	0	0	0	0	0	0	0	0	0	0	
3	0.660763	1.1812457	1.334148	1.2936927	1.2697564	1.2661805	1.243507	1.2247983	1.1972234	1.1654721	1.1261089	1.0751845	1.0106332	0.9359035	0.84962523	0.7544867	0.67807996	0.6006117	0.5252511	0	0	0	0	0	
3	0.6344614	1.1352013	1.2727076	1.2029654	1.1226339	1.0394006	0.95322055	0.88006896	0.8458882	0.80595917	0.75845474	0.6401711	0.65368223	0.5983292	0.5411443	0	0	0	0	0	0	0	0	0	
3	0.5161467	1.2122505	0.854756	1.1103873	1.0066738	0.8869222	0.79070383	0.73418516	0.68015677	0.62622476	0.5681983	0.70568836	0	0	0	0	0	0	0	0	0	0	0	0	
3	0	0.87690246	0.7955671	0.64581054	0.6145625	0.5621849	0	0	0	0	0	0	0	0	0	0	0	0	0	0	0	0	0	0	
3	0	0.53399855	0	0	0	0	0	0	0	0	0	0	0	0	0	0	0	0	0	0	0	0	0	0	
3	0	0.8497731	0.81635493	0.82016885	0.7525808	0.66592973	0.58989936	0.5221032	0	0	0	0	0	0	0	0	0	0	0	0	0	0	0	0	
3	0.58061486	1.0043846	1.1130908	0.9934863	0.8491121	0.70323545	0	0	0	0	0	0	0	0	0	0	0	0	0	0	0	0	0	0	
3	0.51507723	0.97888476	0.98392195	0.87127066	0.8627782	0.86187166	0.85101205	0.8267155	0.78907716	0.7429539	0.6887485	0.63017654	0.57110244	0.5069883	0	0	0	0	0	0	0	0	0	0	
3	0	1.0131071	0.95827967	0.83299714	0.7614693	0.68229055	0.61389935	0.55809385	0.5108523	0	0	0	0	0	0	0	0	0	0	0	0	0	0	0	
3	0.6322428	1.160657	1.303009	1.309714	1.2998384	1.2870386	1.2668504	1.2556351	1.2604582	1.2731736	1.2560549	1.2229269	1.1822755	1.1341034	1.0844423	1.0321175	0.9437435	0.8597446	0.75457335	0.6247669	0.5172699	0	0	0	
3	0.5621818	1.1008016	1.099183	1.2671578	1.2926623	1.1944764	1.1266658	1.2236927	1.1953634	1.1625748	1.1194862	1.0592697	1.0014422	0.9168925	0.8335247	0.73792124	0.64165515	0.54994345	0	0	0	0	0	0	
3	0	0.7655141	0.8741707	0.9669425	0.95859575	0.9439545	0.904319	0.8394451	0.7606936	0.6933742	0.62503594	0.55514854	0	0	0	0	0	0	0	0	0	0	0	0	
3	0	0.51825726	0.52167183	0	0	0	0	0	0	0	0	0	0	0	0	0	0	0	0	0	0	0	0	0	
3	0.6100597	1.1363007	1.312814	1.3159813	1.2736458	1.2443683	1.2573028	1.262529	1.2497	1.2283142	1.1984653	1.1657212	1.1199898	1.0648158	1.0087665	0.95160824	0.88862604	0.8323819	0.75606644	0.66565657	0.5929758	0	0	0	
3	0.6693352	1.0688998	0	1.2174704	1.1293384	1.1466235	1.1303111	1.0952264	1.0503231	1.0270622	0.9723063	0.8911775	0.8068513	0.7107913	0.62436086	0.5641339	0.50776595	0	0	0	0	0	0	0	
3	0	0	0.5605903	0.7172061	0.74511874	0.7440079	0.71498364	0.66879135	0	0	0	0	0	0	0	0	0	0	0	0	0	0	0	0	
3	0.7061393	1.1701989	1.3325375	1.3140359	1.2722386	1.2630379	1.2670634	1.2727908	1.2742501	1.2689407	1.260385	1.25074	1.2355516	1.2122184	1.1919192	1.1607559	1.0886497	1.0500755	0.9716375	0.84576577	0.7358996	0.6239874	0	0	
3	0.5423831	1.0444602	1.1805694	0.81039125	0.8098037	1.0721886	1.115631	1.1243994	1.1042974	1.0647991	1.0015199	0.75126743	0.6797337	0.6078373	0.5405058	0	0	0	0	0	0	0	0	0	
3	0	0.6441934	0.6155345	0.56619996	0.51497835	0.526755	0.52851635	0.51921654	0	0	0	0	0	0	0	0	0	0	0	0	0	0	0	0	
3	0.5475264	0.7046065	1.3184892	1.3250341	1.2620659	1.2413397	1.2308725	1.2391115	1.2020539	1.1745353	1.2417947	1.0878042	1.1810261	1.1205788	0.951403	0.9596138	0.855749	0.79525304	0.715337	0.67496526	0.6044863	0	0	0	
3	0.67227864	1.1538869	1.2977474	1.2548469	1.2908641	1.2783647	1.2748173	1.2702311	1.2605377	1.2511038	1.1221778	1.2247154	1.1992867	1.1555449	1.129563	1.0721825	0.9896695	0.9190549	0.8057329	0.68071604	0.5651225	0	0	0	
3	0.5653682	0.8256192	0.7843868	0.765519	0.87425643	0.940918	0.9244252	0.86638176	0.7927986	0.7374218	0.67983544	0.6191012	0.5606696	0	0	0	0	0	0	0	0	0	0	0	
3	0.66321146	1.1801194	1.3048669	1.3137035	1.2930673	1.2614639	1.2468219	1.2313143	1.2066832	1.1774589	1.1360712	1.0906546	1.0268776	0.955423	0.867621	0.7789612	0.6881578	0.6000947	0.5097465	0	0	0	0	0	
3	0.5857199	0.8880766	1.0762651	1.0646601	1.0096334	0.95218056	0.9024297	0.85404617	0.58548117	0.5510737	0.6667473	0.6062714	0.5462331	0	0	0	0	0	0	0	0	0	0	0	
3	0.6290218	1.0738856	1.2926245	1.2778528	1.2392452	1.2416369	1.2374501	1.2317176	1.222784	1.2105913	1.1954494	1.174503	1.1373372	1.100524	1.0290487	0.96617615	0.87923324	0.770507	0.6612689	0.54830104	0	0	0	0	
3	0.5928537	0.86938274	1.1618959	1.0514266	0.97777563	0.9015657	0.82609266	0.7560799	0.69001913	0.6286905	0.5632549	0	0	0	0	0	0	0	0	0	0	0	0	0	
3	0.62738746	1.098468	1.1179913	1.1628853	1.2286369	1.2373817	1.2118486	1.2160192	1.2242931	1.1938624	1.1588994	1.1070987	1.0822839	1.011924	0.928062	0.8240001	0.723117	0.6281782	0.55001795	0	0	0	0	0	
3	0.54231846	0.8749098	1.1594882	1.1986555	1.2123541	1.2244511	1.072054	1.0392423	0.9936599	0.9549595	0.9116132	0.9919502	0.8114782	0.74139535	0.6649618	0.59158415	0.51138836	0	0	0	0	0	0	0	
3	0.5638087	1.0516458	1.0366864	1.0735767	1.0318813	1.0215025	1.0608095	1.0696906	1.0403403	0.9798822	0.9216668	0.8006039	0.7971152	0.71329653	0.6309109	0.5543472	0	0	0	0	0	0	0	0	
3	0.5782176	1.0534828	1.1936823	1.1580105	1.1414922	1.1760986	1.1313024	1.0671041	1.0010116	0.9425706	0.72220594	0.8708249	0.6032251	0.5417463	0	0	0	0	0	0	0	0	0	0	
3	0.55085033	0.7299797	0.8244737	0.8216453	0.7812624	0.7392523	0.6889318	0.6575975	0.6458098	0.6307359	0.60854846	0	0.5801771	0.5640833	0.5204014	0	0	0	0	0	0	0	0	0	
3	0.6277846	1.0362567	1.0489013	1.0073924	0.9982834	1.0300517	1.0022992	0.9359712	0.85124713	0.8118512	0.7499164	0.67291707	0.6016517	0.530826	0	0	0	0	0	0	0	0	0	0	
3	0	0.6034556	0.919945	0.94953984	0.5511365	0.5386579	0.50124294	0.984907	0	0	0.8377531	0	0.6809699	0.6124174	0	0.5548472	0.52128154	0	0	0	0	0	0	0	
3	0.5534492	1.0732676	1.2172532	1.2289976	1.1436608	1.0359064	1.0098327	0.942874	0.9716817	0.93639016	0.9194444	0.87395227	0.80096006	0.722104	0.63755393	0.55518985	0	0	0	0	0	0	0	0	
3	0	0.8842434	1.091458	0.9526102	0.85413134	0.80542845	0.74086916	0.67453307	0.6308907	0.605866	0.57248414	0.5350311	0	0	0	0	0	0	0	0	0	0	0	0	
3	0.6439735	1.1118165	1.1308993	1.0265975	0.9281375	0.9143382	0.87775105	0.8652355	0.8528389	0.81724477	0.7573433	0.68970877	0.61617714	0.5453763	0	0	0	0	0	0	0	0	0	0	
3	0.5265266	0.9757991	0.9708121	0.89795524	0.8420434	0.78459436	0.72631633	0.666409	0.6034848	0.5424058	0	0	0	0	0	0	0	0	0	0	0	0	0	0	
3	0.60881823	1.110512	1.1942453	1.1667429	1.0715095	0.9404493	0.8685991	0.8249796	0.788717	0.75079525	0.7259379	0.6436734	0.6520064	0.6031656	0.5526492	0	0	0	0	0	0	0	0	0	
3	0.558712	1.068401	1.088266	0.988858	0.8899684	0.9134489	0.8182943	0.773738	0.5950324	0.5311898	0	0.6932236	0	0	0	0	0	0	0	0	0	0	0	0	
3	0.5877236	1.0401536	1.2551118	1.3003818	1.28483	1.253587	1.228558	1.203872	1.1736196	1.1360402	1.0869118	1.02466	0.9617573	0.8819587	0.7888269	0.7056606	0.6130983	0.5224737	0	0	0	0	0	0	
3	0	0.9838595	1.04073	1.0217413	0.943453	0.7824184	0.68680334	1.0525824	1.0270599	0.9676989	0.5711458	0.51308185	0	0	0	0	0	0	0	0	0	0	0	0	
3	0.55145925	0.961432	1.0292001	1.0817931	1.1220877	1.091276	1.0548543	1.1105461	1.1322298	1.1261202	1.0902331	1.0294417	0.95506364	0.8679831	0.77870005	0.7005594	0.6237032	0.55062675	0	0	0	0	0	0	
3	0.5080561	0.96373534	1.1329069	1.2171801	1.2134012	1.2129254	1.2042079	1.1753322	1.1289843	1.0693392	0.9961651	0.9159761	0.82682246	0.7363852	0.6433409	0.5559619	0	0	0	0	0	0	0	0	
3	0.58817667	1.0757813	1.0126001	1.0421189	1.0785724	1.0551964	1.005975	0.93594265	0.8535475	0.84623873	0.8223008	0.78397137	0.7302105	0.67101353	0.5972721	0.5270526	0	0	0	0	0	0	0	0	
3	0	0.7601355	0.7466019	0.7475736	0.825535	0.8959952	0.90539086	0.875453	0.82660383	0.77632934	0.7222787	0.6661377	0.61643565	0.57491475	0.5282479	0	0	0	0	0	0	0	0	0	
3	0	1.0139587	1.0393596	0.98853886	0.6785405	0.7191238	0.87607926	0.8035067	0.72895944	0.6617918	0.58770204	0.514415	0.5163504	0	0	0	0	0	0	0	0	0	0	0	
3	0.5056475	0.624902	0.9157085	1.039651	1.0798472	1.0541977	0.98141	1.050211	1.101566	1.1175699	1.097381	1.0457006	0.96334153	0.8729622	0.76902324	0.6768968	0.5803874	0	0	0	0	0	0	0	
3	0	0.7027528	0.67683715	0.6616161	0.666915	0.6760637	0.67171866	0.66321397	0.63184625	0.5893705	0.5369892	0	0	0	0	0	0	0	0	0	0	0	0	0	
3	0.5255655	1.0302908	1.0712721	1.1213324	1.1048573	1.0703205	1.0263429	0.96631813	0.89246565	0.81642723	0.7359861	0.65520084	0.5819005	0.51081485	0	0	0	0	0	0	0	0	0	0	
3	0	0.7638881	0.75433064	0.69393575	0.7090585	0.7136589	0.6895961	0.6448405	0.58965194	0.5358103	0	0	0	0	0	0	0	0	0	0	0	0	0	0	
3	0.58230424	1.0967684	1.1160938	1.0664705	1.0176144	0.9589694	0.97631276	1.0010827	0.9889505	0.9497809	0.89077014	0.81983423	0.74420595	0.67646414	0.6101354	0.5446121	0	0	0	0	0	0	0	0	
3	0	0.5219315	0.67566043	0.6995217	0.68316495	0.665359	0.66136056	0.66040504	0.63101166	0.60271925	0.5693987	0.5257888	0	0	0	0	0	0	0	0	0	0	0	0	
3	0.54230237	1.0198728	1.0038878	0.98222446	0.97121024	0.93191445	0.88761896	0.8547151	0.8225267	0.83395106	0.8154046	0.76267266	0.6924862	0.6100717	0.5278478	0	0	0	0	0	0	0	0	0	
3	0.52155876	0.9700907	1.0134507	0.8866296	0.77521	0.6760087	0.59457326	0.5954006	0.56583077	0.53125465	0	0	0	0	0	0	0	0	0	0	0	0	0	0	
3	0.5150614	1.008327	0.9806316	0.98571604	0.93390846	0.8433251	0.8457274	0.8261577	0.80400854	0.7721492	0.70946646	0.63139415	0.5566602	0	0	0	0	0	0	0	0	0	0	0	
3	0	0.7166635	0.65646964	0.5949785	0.57879746	0.5750228	0.56469864	0.54029846	0	0	0	0	0	0	0	0	0	0	0	0	0	0	0	0	
3	0.5529818	0.99797845	1.1770395	1.1730464	1.0666045	1.017167	1.006276	0.99080265	0.98634344	0.97154367	0.94665617	0.91207016	0.86214983	0.8123535	0.74919534	0.6843723	0.6153653	0.5393323	0	0	0	0	0	0	
3	0	0.95740956	1.066584	1.2010068	1.2097046	1.189336	1.1536337	1.1048086	1.0602597	1.0104613	0.93183845	0.8404442	0.752043	0.66396743	0.5828288	0.5109484	0	0	0	0	0	0	0	0	
3	0.6343086	1.0622312	1.263935	1.3009049	1.260588	1.219703	1.2116889	1.1967936	1.1780454	1.1698588	1.1363758	1.0853709	1.0286316	0.9666387	0.901057	0.8294504	0.7598868	0.67494744	0.5917106	0	0	0	0	0	
3	0.63781655	1.1421838	1.2731099	1.258048	1.239102	1.205518	1.1699004	1.1288399	1.080911	1.041564	0.97838646	0.89131093	0.8028854	0.70535296	0.6171556	0.5388036	0	0	0	0	0	0	0	0	
3	0.6487979	1.1921282	1.2537298	1.1792959	1.089106	1.0442382	0.9897183	0.9254099	0.85495883	0.7865275	0.7141118	0.6526716	0.6054622	0.555694	0.5074786	0	0	0	0	0	0	0	0	0	
3	0	0.7240592	0.73067695	0.738795	0.6570949	0.55179363	0.5430871	0.56282544	0.559853	0.5358408	0	0	0	0	0	0	0	0	0	0	0	0	0	0	
3	0.5275514	1.0258082	1.1239532	1.1002076	1.0393877	0.9373518	0.848687	0.8125669	0.7629252	0.7099974	0.6505089	0.58866394	0.5287951	0	0	0	0	0	0	0	0	0	0	0	
3	0	0.91506666	1.0656714	0.97179055	0.86841434	0.77825934	0.7064009	0.6615166	0.62404984	0.57829106	0.5254841	0	0	0	0	0	0	0	0	0	0	0	0	0	
3	0.64206743	1.1811398	1.283268	1.26323	1.2014439	1.1367099	1.0729632	1.0028534	0.9347637	0.9365351	0.92438865	0.8922696	0.83466065	0.7595581	0.66418487	0.5886877	0.52884173	0	0	0	0	0	0	0	
3	0	0.5542945	0.56701744	0	0.7187334	0.7119747	0.6616842	0.6846448	0.6727266	0.6336424	0.5770416	0.5139441	0	0	0	0	0	0	0	0	0	0	0	0	
3	0.5482345	1.1033069	1.0352848	0.95802695	0.8787051	0.78084975	0.73443025	0.6845396	0.6309484	0.5956209	0.5499359	0	0	0	0	0	0	0	0	0	0	0	0	0	
3	0	1.0344054	1.0120839	0.9854154	0.99203223	1.0028749	0.98247916	0.9347917	0.8768989	0.8177968	0.7592708	0.729014	0.70703876	0.66128117	0.5987001	0.53792304	0	0	0	0	0	0	0	0	
3	0.5352861	0.8855613	0.89181083	0.9436226	0.9150522	0.8611109	0.8480214	0.8660286	0.84233326	0.7844509	0.698155	0.6039161	0	0	0	0	0	0	0	0	0	0	0	0	
3	0.5834783	1.065693	1.220998	1.1254383	1.0571454	0.91550404	0.7919872	0.72314554	0.6954566	0.65649897	0.60671574	0.55205816	0	0	0	0	0	0	0	0	0	0	0	0	
3	0.7527642	1.212836	1.2357043	1.1318383	0.69758064	0.62204206	0.57387334	0.55065644	0.5192198	0.51981723	0	0	0	0	0	0	0	0	0	0	0	0	0	0	
3	0	0.76074266	0.8623731	0.7346702	0.69213516	0.65540576	0.62353116	0.58839965	0.5428461	0	0	0	0	0	0	0	0	0	0	0	0	0	0	0	
3	0	0.7331684	0.74557865	0.6945738	0.6179869	0.53539354	0	0	0	0	0	0	0	0	0	0	0	0	0	0	0	0	0	0	
3	0.57959324	1.1223209	1.253696	1.2145464	1.1607678	1.1835046	1.148735	1.0894805	1.0189629	0.9630437	0.9445013	0.89475137	0.81805843	0.7355515	0.65630627	0.5909541	0.5216791	0	0	0	0	0	0	0	
3	0.5935638	1.1297059	1.2870167	1.2628773	1.238596	1.2243989	1.1969703	1.1510721	1.0919895	1.0206422	0.93552285	0.8518647	0.79084367	0.74272764	0.69341457	0.6402203	0.57822716	0.51747644	0	0	0	0	0	0	
3	0.58151144	0.871238	1.2147566	1.1372256	1.0305418	0.93812186	0.86105067	0.76600003	0.8398146	0.83725965	0.8130615	0.7678876	0.70415866	0.62864166	0.55247825	0	0	0	0	0	0	0	0	0	
3	0	0.7996258	0.895703	0.92282015	0.8827607	0.53818977	0	0.62924445	0.57593507	0.5210726	0	0	0	0	0	0	0	0	0	0	0	0	0	0	
3	0.6354936	1.1605767	1.2339607	1.2579048	1.2701719	1.2641342	1.2537915	1.2363528	1.20777	1.176571	1.1400985	1.0939171	1.0292734	0.9619841	0.8731587	0.7908904	0.6974913	0.605869	0.51104176	0	0	0	0	0	
3	0.59753674	1.1641059	1.1927087	1.1598251	1.1411146	1.1286061	1.120935	1.1078902	1.0845436	1.0473838	0.9900075	0.9106632	0.8677395	0.8254605	0.78508383	0.7250985	0.67371583	0.6014152	0.53069234	0	0	0	0	0	
3	0.6821712	1.1003218	1.0626206	1.1046646	1.1172087	1.1013783	1.0494955	0.8129392	0.7673331	0.7016899	0.6386198	0.57052493	0.50585407	0	0	0	0	0	0	0	0	0	0	0	
3	0.55441034	0.95379025	1.0986736	1.0200284	0.9994947	1.0437751	1.0702385	1.0703807	1.0423769	0.9978611	0.9383847	0.8585423	0.77440166	0.7077976	0.6465387	0.5761898	0.5119566	0	0	0	0	0	0	0	
3	0.6733119	1.2231287	1.2648681	1.2763867	1.22627	1.2094648	1.1825309	1.1533312	1.1193033	1.088731	1.0558577	1.0151836	0.959542	0.89855397	0.8187754	0.7281362	0.6388819	0.5472457	0	0	0	0	0	0	
3	0.53544605	1.0500828	1.2795668	1.2832417	1.1960303	1.1739383	1.1278355	1.0662425	0.99036413	0.92831767	0.8783816	0.80605817	0.71527886	0.62124944	0.5488185	0	0	0	0	0	0	0	0	0	
3	0	1.0518817	1.1300372	1.0669317	1.0000993	1.1899538	1.1461128	1.0823503	1.0086589	0.9434283	0.8806872	0.8176055	0.7581221	0.6946006	0.62727743	0.56016713	0	0	0	0	0	0	0	0	
3	0.5034562	1.0643016	1.0494632	0.9970657	0.8561032	0.8101055	0.77962804	0.743645	0.7018498	0.65702987	0.6143426	0.5719924	0.5149359	0	0	0	0	0	0	0	0	0	0	0	
3	0.5905915	1.0989218	1.2082117	1.138335	1.065679	1.0138309	0.93355274	0.8420194	0.80279285	0.7694616	0.72838044	0.68103564	0.6322761	0.58016604	0.5278296	0	0	0	0	0	0	0	0	0	
3	0.5315596	1.0656471	1.0706624	1.0947597	1.1300633	1.163048	1.1777468	1.1618695	1.1127257	1.0618604	1.0164301	0.95748335	0.88947904	0.8079595	0.7301238	0.64692956	0.56742597	0	0	0	0	0	0	0	
3	0.6518967	1.1267143	1.143326	1.1424137	1.1702201	1.1745313	1.1661854	1.1342199	1.088119	1.0439086	0.99653816	0.93439376	0.8717724	0.78610957	0.718154	0.66465855	0.5962029	0.5347792	0	0	0	0	0	0	
3	0.63425386	1.2042328	1.3192322	1.3169894	1.2807497	1.2601978	1.2484542	1.2356104	1.2289985	1.2367636	1.2369934	1.2416164	1.2237791	1.1983105	1.1434606	1.0948696	1.0405291	0.95369333	0.84365475	0.7428541	0.61986345	0	0	0	
3	0.53844327	0.9304027	1.1072209	1.0887017	1.1337441	1.2518064	1.2923936	1.2891599	1.2665541	1.2421616	1.212789	1.1808385	1.1499578	1.0971655	1.0454899	0.9770125	0.8770565	0.79158	0.6730987	0.5540195	0	0	0	0	
3	0	1.0077746	1.1177981	1.182348	1.2164853	1.2369342	1.2023315	1.1829758	1.1408031	1.0773108	0.99496907	0.9067491	0.8279695	0.7520971	0.6788173	0.6074368	0.532559	0	0	0	0	0	0	0	
3	0.58878386	1.0626178	1.3180723	1.3041623	1.2691467	1.2455033	1.2272551	1.2744787	1.2918904	1.2842257	1.2664301	1.247254	1.2192268	1.2087616	1.1639253	1.1453048	1.0952609	1.0076709	0.917443	0.8217829	0.6978084	0.55497354	0	0	
3	0.6834925	1.2247475	1.3203082	1.2887805	1.291545	1.27388	1.2560922	1.2138151	1.2093855	1.2043769	1.1846545	1.1444596	1.1016641	1.0293564	0.95794606	0.87422734	0.7710994	0.67173445	0.56385064	0	0	0	0	0	
3	0.6330384	1.0096854	1.1368039	1.1748382	1.1006914	0.99799716	0.9913394	0.9775532	0.9115189	0.8258583	0.7260139	0.62624043	0.5519894	0	0	0	0	0	0	0	0	0	0	0	
3	0.61813396	1.0996307	1.2516164	1.2770785	1.2926005	1.2803822	1.2782654	1.283028	1.2730632	1.2699993	1.2571306	1.2404462	1.2249162	1.1878412	1.171433	1.1245776	1.0593523	1.0045379	0.9023109	0.7831757	0.68275744	0.55084556	0	0	
3	0	0.9167238	1.0785058	1.1318171	1.1201086	1.2190286	1.2489921	1.2393045	1.208094	1.1700833	1.120776	1.063704	1.00408	0.9104422	0.8364744	0.76266617	0.68139595	0.6003272	0.52002966	0	0	0	0	0	
3	0	0.72201633	0.80872536	0.8043557	0.740795	0.7674483	0.7974961	0.79100496	0.75591123	0.7054765	0.6415375	0.57445896	0.5129617	0	0	0	0	0	0	0	0	0	0	0	
3	0	0.5680199	0.6632889	0.63644093	0.6373254	0.62618273	0.6001001	0.5621558	0.51460445	0	0	0	0	0	0	0	0	0	0	0	0	0	0	0	
3	0.676033	1.1934085	1.2868917	1.2934926	1.3288362	1.3178778	1.2877097	1.2660627	1.2513453	1.2381412	1.2217165	1.2005496	1.1666118	1.1302685	1.0671043	1.013971	0.9243554	0.84623677	0.7347305	0.6433068	0.52986354	0	0	0	
3	0.5911891	1.0649574	1.1726631	1.1307346	1.1239353	1.1117047	1.0844048	1.0993333	1.0920775	1.1301265	1.1297302	1.0834599	1.0080417	0.92080593	0.817997	0.7268347	0.6257378	0.53458077	0	0	0	0	0	0	
3	0	0.9344098	1.0634766	1.0036242	0.9215088	0.8550193	0.8620842	0.86681676	0.8351931	0.7808923	0.71395135	0.64489913	0.58063304	0.5166126	0	0	0	0	0	0	0	0	0	0	
3	0	0.7991075	0.8479016	0.7413504	0.7097937	0.71512765	0.70686615	0.6812032	0.6430935	0.60232246	0.55488724	0	0	0	0	0	0	0	0	0	0	0	0	0	
3	0.7489773	1.2311598	1.3291492	1.3036664	1.2731053	1.28687	1.2791721	1.2413459	1.2091581	1.1817526	1.1672903	1.1751077	1.1582298	1.1091039	1.0373796	0.93978995	0.8522142	0.7506574	0.62606585	0.50807106	0	0	0	0	
3	0.64503884	1.12468	1.1465231	1.1790285	1.1530517	1.1390839	1.1172901	1.080056	1.0265777	0.9690783	0.91155255	0.8530661	0.7929544	0.73085546	0.6715548	0.61175555	0.544759	0	0	0	0	0	0	0	
3	0.55051255	1.0664976	1.1195027	1.0241487	1.0324894	1.0252492	0.994167	0.94348234	0.87568784	0.8043458	0.7269793	0.64937925	0.5779526	0.5067764	0	0	0	0	0	0	0	0	0	0	
3	0	0.68031895	0.83449996	0.79008013	0.7394818	0.66400623	0.5774279	0	0	0	0	0	0	0	0	0	0	0	0	0	0	0	0	0	
3	0	0.5364134	0	0	0	0	0	0	0	0	0	0	0	0	0	0	0	0	0	0	0	0	0	0	
3	0.51671994	1.0655353	1.2437053	1.298741	1.2922662	1.2651336	1.2412759	1.2250078	1.199447	1.167951	1.1270534	1.0707191	1.0116593	0.93990463	0.8502794	0.7540448	0.6636276	0.5795046	0.53987	0	0	0	0	0	
3	0.7359109	1.2097287	1.3275722	1.3315969	1.2985178	1.2779276	1.272975	1.2844342	1.3004358	1.2838591	1.2523394	1.2449613	1.2289002	1.1838665	1.1257018	1.0460124	0.99131185	0.9119643	0.8140504	0.7002888	0.5688319	0	0	0	
3	0.5706223	1.0197382	1.1642125	1.205864	1.1759789	1.1124332	1.0550033	1.0457941	1.0194684	0.97655386	0.9153598	0.84248614	0.7680421	0.6886222	0.61020744	0.5368428	0	0	0	0	0	0	0	0	
3	0	0.68965364	0.89818007	0.84138125	0.77082527	0.7287653	0.66895527	0.63405025	0.57861745	0.51985574	0	0	0	0	0	0	0	0	0	0	0	0	0	0	
3	0	0.6875654	0.64292604	0.5400281	0.5276751	0.51817036	0.5036525	0	0	0	0	0	0	0	0	0	0	0	0	0	0	0	0	0	
3	0.5881543	1.1251799	1.329221	1.3108631	1.3088284	1.2885839	1.2861011	1.2803982	1.2816918	1.2755738	1.2634454	1.2523953	1.2474725	1.2237204	1.2121135	1.1650364	1.141775	1.0918622	0.9867299	0.9199164	0.8248847	0.6799011	0.5719297	0	
3	0.66598535	1.1973121	1.2263649	1.3158184	1.2889311	1.2693361	1.2232405	1.1783915	1.1326059	1.0833523	1.0190854	0.94000876	0.85410297	0.7590879	0.65654635	0.5792525	0.5178317	0	0	0	0	0	0	0	
3	0.5129931	0.83169675	0.9173405	0.99450296	0.94107366	0.89077085	0.83738387	0.7719729	0.6985609	0.6253423	0.5585436	0.5466848	0	0	0	0	0	0	0	0	0	0	0	0	
3	0	0.58101475	0.6291395	0.5588584	0.50426245	0	0	0	0	0	0	0	0	0	0	0	0	0	0	0	0	0	0	0	
3	0.6247596	1.1060193	1.2969583	1.33596	1.3046132	1.2975248	1.2685639	1.2580446	1.2483404	1.2331684	1.2228317	1.2083985	1.1719856	1.1116229	1.0453554	0.96891904	0.8941433	0.79837334	0.7037804	0.60629696	0.51182103	0	0	0	
3	0.65605605	1.1702412	1.2672315	1.1396744	1.0326874	1.1866257	1.2119294	1.2074593	1.1769772	1.1274548	1.0624945	0.988792	0.9099641	0.82385284	0.7260979	0.6388863	0.546238	0	0	0	0	0	0	0	
3	0	0.7490149	0.72279704	0.70633775	0.7302626	0.72227955	0.6918333	0.65118176	0.6014385	0.5498824	0	0	0	0	0	0	0	0	0	0	0	0	0	0	
3	0	0	0.55117404	0.55448216	0	0	0	0	0	0	0	0	0	0	0	0	0	0	0	0	0	0	0	0	
3	0.64877015	1.1226405	1.2275964	1.2977219	1.2933887	1.2923135	1.2717252	1.2764518	1.28337	1.3092351	1.305558	1.2773008	1.2577866	1.2300336	1.2228502	1.2487757	1.236169	1.2364075	1.2460767	1.1854674	1.062176	0.9023135	0.85119605	0.6920611	
3	0.67095155	1.165066	1.2153666	1.289628	1.2629793	1.2199932	1.1789002	1.1361856	1.2086929	1.16184	1.0872927	1.0453442	1.0205554	0.96980315	0.8921956	0.8088836	0.70550525	0.605627	0.5074277	0	0	0	0	0	
3	0.54981256	0.74126256	0.7215239	0.729765	0.73867595	0.73110455	0.70100147	0.65440106	0.6164094	0.5938845	0.5567417	0.5115373	0	0	0	0	0	0	0	0	0	0	0	0	
3	0	0	0	0	0.5003198	0	0	0	0	0	0	0	0	0	0	0	0	0	0	0	0	0	0	0	
3	0	0.8030825	1.1358439	1.1993982	1.1853689	1.2326041	1.2350091	1.2555343	1.2636356	1.2557245	1.2345263	1.2001371	1.1580184	1.1134815	1.0576264	0.9754889	0.90125644	0.80547017	0.6790667	0.5603846	0.5154954	0	0	0	
3	0	0.8133876	1.0850552	1.2175407	1.2286174	1.1887712	1.0715177	1.0354317	0.9750917	0.895697	1.143442	1.0991093	1.0268402	0.9483301	0.523894	0	0	0	0	0	0	0	0	0	
3	0	0.5716635	0.6399232	0.69328034	0.7091216	0.7034375	0.71133125	0.69504136	0.657201	0.6183978	0.5791102	0.5300394	0	0	0	0	0	0	0	0	0	0	0	0	
3	0	0	0.5746413	0.6202373	0.63667774	0.6285248	0.6013249	0.5645709	0.518715	0	0	0	0	0	0	0	0	0	0	0	0	0	0	0	
3	0.5115854	1.0279082	1.1536511	1.1843122	1.1698146	1.1790172	1.1758369	1.1629066	1.1795384	1.2147467	1.2267551	1.2124451	1.1715347	1.1186957	1.0417135	0.98275477	0.89618665	0.7900367	0.68729025	0.56734526	0	0	0	0	
3	0	0.84837794	1.0026832	0.9985647	0.9854584	1.0646317	1.062981	1.0280316	0.9724849	0.95383584	0.93703055	0.88718796	0.81238645	0.7250042	0.638886	0.5579364	0	0	0	0	0	0	0	0	
3	0	0.76460063	0.7427264	0.7552827	0.7195383	0.63781285	0.64282006	0.6407149	0.61881953	0.58285123	0.5350829	0	0	0	0	0	0	0	0	0	0	0	0	0	
3	0	0.64280033	0.69558907	0.5901426	0.5078571	0	0	0	0	0	0	0	0	0	0	0	0	0	0	0	0	0	0	0	
3	0.5213711	1.0551624	1.1693773	1.1568148	1.1145439	1.1258423	1.2051123	1.2496672	1.2623988	1.260014	1.2494673	1.2318137	1.2065334	1.1868894	1.143028	1.1020951	1.0485656	0.9581167	0.8784718	0.7755964	0.64249825	0.5462336	0	0	
3	0.59831303	1.1161213	1.0853438	1.0424144	1.1835625	1.1647437	1.0346631	1.0475055	1.1412877	1.1695572	1.1659453	1.1225914	1.0530181	0.95951927	0.8642213	0.7618201	0.6634835	0.5691755	0	0	0	0	0	0	
3	0.59080654	1.0019166	1.0942371	1.0047535	0.9344838	0.8442023	0.862772	0.86684597	0.85060114	0.81524533	0.75970644	0.68468535	0.6093252	0.5307084	0	0	0	0	0	0	0	0	0	0	
3	0	0.8652065	0.8175873	0.6619965	0.59255683	0.51456803	0	0	0	0	0	0	0	0	0	0	0	0	0	0	0	0	0	0	
3	0	0.61835736	0.6359256	0.5632917	0	0	0	0	0	0	0	0	0	0	0	0	0	0	0	0	0	0	0	0	
3	0.62104255	1.1096804	1.2593402	1.2323693	1.2432077	1.2622777	1.2568007	1.2305161	1.191736	1.1510425	1.103084	1.0497798	0.9761671	0.9015281	0.85114485	0.78727305	0.7250894	0.6444629	0.54562765	0	0	0	0	0	
3	0.5255777	0.8180395	1.1545845	1.2513086	1.2233061	1.1728486	1.1268659	1.1365277	1.0949814	1.0271428	0.9759004	0.9001704	0.81394595	0.75831014	0.6957215	0.6186088	0.54611576	0	0	0	0	0	0	0	
3	0	0.60450727	0.74619955	0.7211897	0.7543087	0.83841485	0.8802345	0.8965352	0.8795221	0.83462137	0.7654014	0.681897	0.6007482	0.52205586	0	0	0	0	0	0	0	0	0	0	
3	0.6955719	1.1841401	1.3342824	1.3163639	1.3127562	1.2877821	1.276344	1.2743592	1.2781845	1.2669265	1.2611378	1.2478578	1.2442816	1.2330074	1.2220143	1.1881564	1.1348622	1.0775006	0.96581954	0.90043867	0.79621625	0.64676803	0.54455405	0	
3	0.5912878	1.0968604	1.2209295	1.2567673	1.2917707	1.2676909	1.2614264	1.2335016	1.2464526	1.2427342	1.2336644	1.1867969	1.1344308	1.0530373	0.9809292	0.898336	0.8010804	0.7033507	0.60196185	0.5052487	0	0	0	0	
3	0.5347144	0.99612755	0.9913863	0.9932125	1.0989888	1.178088	1.2009919	1.1950227	1.1693578	1.1249743	1.0613527	0.98358756	0.90607053	0.82595813	0.7460546	0.66793996	0.5854249	0.5064468	0	0	0	0	0	0	
3	0	0.78832066	0.7944021	0.7278923	0.7241788	0.7338769	0.7013305	0.6492083	0.58822495	0.52889425	0	0	0	0	0	0	0	0	0	0	0	0	0	0	
3	0	0	0.64179736	0.5993229	0.5204498	0	0	0	0	0	0	0	0	0	0	0	0	0	0	0	0	0	0	0	
3	0.7141211	1.1352193	1.3372369	1.3038433	1.3004581	1.3053144	1.3154242	1.3066303	1.288249	1.2772539	1.2710941	1.2609507	1.2792298	1.2682347	1.2447419	1.2052453	1.1972907	1.1494795	1.0431972	0.9962677	0.9082385	0.7655325	0.6060297	0	
3	0.5814706	1.0726377	1.2149413	1.1930504	1.1273944	1.0580431	0.9836378	0.929965	0.95185643	0.9667847	0.9601153	0.92506194	0.858139	0.78148645	0.68951225	0.6017313	0.51540864	0	0	0	0	0	0	0	
3	0	0.8005094	0.82465833	0.7195129	0.76936626	0.7861034	0.77118844	0.74414474	0.7137836	0.6706291	0.61209816	0.546481	0	0	0	0	0	0	0	0	0	0	0	0	
3	0	0.6509662	0.65913934	0.6018118	0.53374374	0	0	0	0	0	0	0	0	0	0	0	0	0	0	0	0	0	0	0	
3	0.64677125	1.1535531	1.3138319	1.2616125	1.2234441	1.2098328	1.1987917	1.1851348	1.1850431	1.2005457	1.2068514	1.2005337	1.1786813	1.1544503	1.0976841	1.0387709	0.9655893	0.8645436	0.7557295	0.6435312	0.5215377	0	0	0	
3	0.61772877	1.0706387	1.1618093	1.2011766	1.1756712	1.1306101	1.0674826	0.992763	0.9071252	0.8255079	0.74563897	0.6756105	0.60652924	0.54680306	0	0	0	0	0	0	0	0	0	0	
3	0.6388047	1.1762105	1.2150893	1.3129789	1.2785265	1.2526679	1.2346392	1.2140929	1.1830645	1.1459832	1.0975677	1.0402867	0.9674682	0.88952345	0.8057432	0.7225019	0.63682187	0.5501295	0	0	0	0	0	0	
3	0.6330795	1.126957	1.2925415	1.2546208	1.181872	1.1106994	1.0428778	0.97776836	0.9103004	0.85069656	0.7982312	0.7509173	0.7177882	0.68403757	0.64292926	0.6105881	0.55812216	0.502292	0	0	0	0	0	0	
3	0.5507438	1.1207957	1.3065212	1.3194557	1.293461	1.2736086	1.2640605	1.2553022	1.2387754	1.2214819	1.1958976	1.1691673	1.1310564	1.0806721	1.0096517	0.9425088	0.8445222	0.7375877	0.62100536	0.51133245	0	0	0	0	
3	0.5956298	1.0925293	1.2620027	1.2480538	1.2600452	1.2349348	1.2210342	1.2607777	1.2450761	1.2008569	1.1406808	1.0729557	1.0083902	0.9313762	0.8429364	0.75453985	0.65040207	0.5543162	0	0	0	0	0	0	
3	0	0.6713207	0.76361984	0.82412094	0.82605547	0.788262	0.7964743	0.7633038	0.7066506	0.64264786	0.57405347	0.5129546	0	0	0	0	0	0	0	0	0	0	0	0	
3	0	0.5433546	0.59391534	0.6179449	0.6140892	0.5947061	0.56152135	0.5180462	0	0	0	0	0	0	0	0	0	0	0	0	0	0	0	0	
3	0.66504616	1.1821436	1.329249	1.3162972	1.3040653	1.2885262	1.2851435	1.2827438	1.2793093	1.2769386	1.2715338	1.2599498	1.259718	1.244991	1.2342901	1.1982943	1.1922824	1.1474047	1.0456957	0.9751127	0.8891448	0.7506682	0.5801884	0	
3	0.66948223	1.150947	1.2931468	1.0492427	1.1734512	1.2683835	1.2779987	1.2421476	1.207621	1.1725537	1.1220974	1.053555	0.9977471	0.93648314	0.84920955	0.7570447	0.6652643	0.5730863	0	0	0	0	0	0	
3	0.67093575	1.1327631	1.2534066	1.2706431	1.2596142	1.2240975	1.201728	1.1807463	1.1562927	1.12262	1.0732384	1.0088364	0.9282934	0.83066064	0.74214774	0.69996405	0.65431917	0.60472393	0.5406926	0	0	0	0	0	
3	0.62406385	1.1862003	1.2692779	1.2244002	1.1729826	1.1180384	1.0563486	0.9857803	0.9265397	0.8793341	0.81835103	0.7495115	0.7379547	0.7342517	0.7038122	0.68484634	0.64046156	0.58184785	0.5318097	0	0	0	0	0	
3	0	1.0091287	1.0085568	0.91640806	0.792988	0.71513915	0.6791387	0.63567543	0.6153611	0.5881648	0.54513365	0	0	0	0	0	0	0	0	0	0	0	0	0	
3	0.67640746	1.1938249	1.3249882	1.2934967	1.2545648	1.2644668	1.2485197	1.2162062	1.2220399	1.2153796	1.1892488	1.1509643	1.1022371	1.035949	0.9496347	0.8656743	0.7710616	0.70589167	0.63173276	0.55442566	0	0	0	0	
3	0.55734974	0.94308686	1.0352948	1.114702	1.075874	1.0239732	1.0542004	1.0642822	1.056284	1.0308298	0.98135805	0.90997326	0.8274817	0.73507786	0.6388107	0.5549891	0	0	0	0	0	0	0	0	
3	0	0.64486474	0.55680805	0.5067356	0	0	0	0	0	0	0	0	0	0	0	0	0	0	0	0	0	0	0	0	
3	0.6797695	1.1478711	1.2777314	1.3020728	1.2518648	1.23645	1.2152017	1.1776878	1.1523402	1.2070748	1.2268876	1.2189579	1.1884137	1.1263372	1.0615532	1.0203853	1.061316	1.0978473	1.0797646	1.109909	1.0217316	0.83822423	0.7052437	0.5528329	
3	0.57626235	1.0472195	1.2333163	1.1804157	1.085732	1.1117693	1.1104804	1.0858957	1.0445254	0.9869988	0.9017836	0.8365488	0.8128697	0.7725974	0.71855843	0.6679408	0.6023592	0.55217934	0	0	0	0	0	0	
3	0.6287038	1.0604486	1.2254311	1.1341205	1.0358595	0.94249326	0.87141156	0.7916488	0.7137825	0.6720316	0.6341112	0.5916494	0.546542	0	0	0	0	0	0	0	0	0	0	0	
3	0.5646557	1.0666362	1.2635553	1.2231034	1.2238251	1.2285796	1.22364	1.1981639	1.1545582	1.0988718	1.0294302	0.95590395	0.89191866	0.83020854	0.7710475	0.7068798	0.6399081	0.56738883	0	0	0	0	0	0	
3	0.5514476	1.085274	1.307398	1.2812629	1.2253605	1.178631	1.203793	1.2271262	1.2366561	1.2339679	1.2174755	1.1925786	1.1640679	1.1117674	1.063571	0.9948561	0.9094479	0.8257948	0.7086149	0.60927725	0	0	0	0	
3	0.650282	1.1287969	1.3128899	1.2831529	1.2560418	1.2127529	1.1969036	1.1571443	1.0829114	1.0204111	0.9481102	0.7070509	0.6281555	0.55200845	0.64462954	0.5788828	0.51401556	0	0	0	0	0	0	0	
3	0.54228604	0.83617204	0.6587593	0.885993	0.91070336	0.8794363	0.8194236	0.74847645	0.6725137	0.600845	0.5302482	0	0	0	0	0	0	0	0	0	0	0	0	0	
3	0	0.5790618	0.55336434	0	0	0	0	0	0	0	0	0	0	0	0	0	0	0	0	0	0	0	0	0	
3	0.67921644	1.1920488	1.33814	1.3127614	1.3143574	1.3258659	1.2951136	1.2728274	1.2506882	1.2334324	1.2127578	1.1810957	1.154601	1.105013	1.0587542	0.9890903	0.89209205	0.79503316	0.6849425	0.5708606	0	0	0	0	
3	0.65268517	1.1698319	1.2690227	1.2716967	1.2568583	1.2810799	1.2609978	1.2065936	1.2027743	1.203956	1.1813239	1.1304226	1.0784934	0.9973367	0.92101204	0.8316044	0.73125833	0.63291997	0.53223526	0	0	0	0	0	
3	0.6651796	1.1416366	1.2520562	1.3176603	1.3009105	1.27661	1.2619905	1.2499433	1.2302314	1.2094615	1.1803759	1.1487172	1.1034431	1.0483512	0.96325105	0.8888558	0.7871124	0.67647886	0.5767303	0	0	0	0	0	
3	0.6734103	1.1600754	1.1506408	1.0911027	1.0757295	1.0292954	0.96387684	0.89655817	0.8369078	0.7907698	0.75060916	0.7097529	0.66348535	0.6065706	0.5518658	0	0	0	0	0	0	0	0	0	
3	0.6386509	0.96852523	1.2074515	0.8153914	0.70030206	0.5926599	0.55864304	0.5381072	0.5161733	0	0	0	0	0	0	0	0	0	0	0	0	0	0	0	
3	0.6138351	1.1450475	1.2974497	1.2968358	1.2691796	1.2445385	1.2217646	1.1940764	1.1562753	1.1111418	1.052235	0.9747246	0.89552623	0.7972263	0.7039402	0.6471261	0.57594967	0.50406396	0	0	0	0	0	0	
3	0	0.7560236	0.81814426	0.7953837	0.7255223	0.91416353	0.9075378	0.8568947	0.7869637	0.7154096	0.64081085	0.5690928	0.5050182	0	0	0	0	0	0	0	0	0	0	0	
3	0	0.5292435	0.5027845	0	0	0	0	0	0	0	0	0	0	0	0	0	0	0	0	0	0	0	0	0	
3	0.5606002	1.1432449	1.2991022	1.295267	1.2420166	1.2192206	1.2049929	1.2193396	1.2076437	1.2399875	1.2269088	1.1774155	1.1192309	1.1247715	1.0965916	1.025666	0.93628055	0.8155978	0.700166	0.57999176	0	0	0	0	
3	0.6547846	1.1617422	1.2877984	1.2925745	1.314146	1.2915589	1.2648677	1.2431891	1.2402867	1.262455	1.2551628	1.2200853	1.167499	0.89361876	0.8048804	0.71606594	0.61611223	0.5215923	0	0	0	0	0	0	
3	0.59032077	0.74357265	1.0351799	1.0389757	0.9898708	0.95012414	0.92337894	0.89036584	0.8362067	0.77034235	0.69240165	0.6110015	0.53698725	0	0	0	0	0	0	0	0	0	0	0	
3	0.64938647	1.1385673	1.2737337	1.2276691	1.1602852	1.092648	1.0239731	0.94946533	0.8682465	0.84107435	0.8357208	0.8232238	0.7912856	0.7523964	0.6933501	0.63378215	0.57390106	0.51898575	0	0	0	0	0	0	
3	0.583187	1.0026822	1.2178057	1.144731	1.20026	1.2241333	1.2254335	1.2032777	1.1623981	1.1159658	1.0614691	0.99201304	0.9220375	0.8302894	0.7388968	0.64087844	0.54955375	0	0	0	0	0	0	0	
3	0.67690176	1.1880057	1.27042	1.2369909	1.1581721	1.1185502	1.1395034	1.1632115	1.174601	1.1739367	1.15234	1.1076361	1.0567232	0.97757006	0.89772314	0.8245287	0.7557307	0.6770879	0.5923178	0.50772667	0	0	0	0	
3	0.59444076	0.8252151	1.0158939	0.9425674	0.91094804	0.8947252	0.8882225	0.849406	0.7791644	0.6961576	0.6080072	0.5399592	0	0	0	0	0	0	0	0	0	0	0	0	
3	0	0.58169895	0.50050324	0	0	0	0	0	0	0	0	0	0	0	0	0	0	0	0	0	0	0	0	0	
3	0.67235357	1.1214304	1.289003	1.2683632	1.2365296	1.2504523	1.2703779	1.2806736	1.2789173	1.273666	1.2653437	1.2527184	1.2532812	1.2404656	1.2275087	1.1924506	1.1811873	1.1317999	1.02752	0.9570442	0.8703269	0.73724586	0.5542557	0	
3	0.5690083	1.1186659	1.2041372	1.1764538	1.1285772	1.0766854	0.9301682	0.8760996	0.9108215	0.7285169	0.6465817	0.6137792	0.57173276	0.693051	0.6169459	0.53805625	0	0	0	0	0	0	0	0	
3	0.66070646	1.0386214	1.159132	1.0759212	0.983258	0.89201695	0.808873	0.729325	0.646781	0.5685597	0	0	0	0	0	0	0	0	0	0	0	0	0	0	
3	0.56099474	1.0522821	1.2150809	1.1216722	1.1042398	1.0708871	1.0136341	0.930872	0.8341552	0.78091913	0.71352476	0.63739187	0.57317	0.5305881	0	0	0	0	0	0	0	0	0	0	
3	0.56857824	1.0016017	1.1656038	1.0315142	0.98152745	0.94207734	0.9012788	0.8679032	0.8305097	0.78392255	0.72466975	0.6609951	0.6088189	0.5535547	0	0	0	0	0	0	0	0	0	0	
3	0	1.0365689	0.741267	1.0349352	0.9466755	0.85180193	0.7653768	0.68196994	0.5990975	0.5370282	0	0	0	0	0	0	0	0	0	0	0	0	0	0	
3	0	0.5306755	0.54867387	0	0	0	0	0	0	0	0	0	0	0	0	0	0	0	0	0	0	0	0	0	
3	0.66191465	1.1439432	1.2838107	1.2424178	1.236399	1.245159	1.2656422	1.2820184	1.2898195	1.2858548	1.277285	1.2673202	1.2481794	1.2464172	1.2169865	1.2125915	1.1699286	1.1107558	1.0745783	0.98497224	0.8420814	0.7806479	0.66413695	0	
3	0.5304904	1.0502545	1.1501007	1.1319952	1.1085548	1.0700319	1.0149639	0.9624852	0.8948224	0.81916547	0.7327117	0.64482844	0.5616811	0.50882906	0	0	0	0	0	0	0	0	0	0	
3	0.52905196	1.0539104	1.1568483	1.1485585	1.1175501	1.1156156	1.0717169	1.0044116	0.9264593	0.850477	0.77361125	0.6990709	0.6306466	0.5592133	0	0	0	0	0	0	0	0	0	0	
3	0.59504753	1.0973057	1.29174	1.3104038	1.2815921	1.2572533	1.2401417	1.2203678	1.1918435	1.1574721	1.1132796	1.053415	0.9875275	0.89400566	0.80158883	0.6993503	0.6452878	0.6035455	0.56812876	0.50287485	0	0	0	0	
3	0.57638276	1.121632	1.1705257	1.0905749	1.0183628	0.9543495	0.91828537	0.87487376	0.84364134	0.8075267	0.7492906	0.67444754	0.5984083	0.5264161	0	0	0	0	0	0	0	0	0	0	
3	0.58643544	1.1108365	1.2328103	1.2092077	1.1555896	1.1232345	1.0934824	1.0542016	0.9957575	0.9230758	0.833215	0.7384836	0.6513907	0.56704086	0	0	0	0	0	0	0	0	0	0	
3	0.66531056	1.1779531	1.3144457	1.3053733	1.266592	1.2613442	1.2907257	1.2844373	1.2750801	1.2696048	1.258907	1.2431561	1.2196501	1.205386	1.1638156	1.1336889	1.0825837	0.9911062	0.919597	0.81238025	0.69196314	0.59316105	0	0	
3	0.6876906	1.1788125	1.2897694	1.2500974	1.2327688	1.2225319	1.224068	1.2291679	1.2303512	1.2273678	1.214785	1.1878569	1.1632836	1.1153353	1.0672988	0.9898482	0.9113415	0.82034475	0.6975985	0.58971536	0	0	0	0	
3	0.6347131	1.0807911	1.1023095	1.0680087	0.8813755	0.90407133	1.0379742	1.0348784	0.9941038	0.9537804	0.88549787	0.8090306	0.7262113	0.6684368	0.6056068	0.5464321	0	0	0	0	0	0	0	0	
3	0.6115838	1.0602484	1.2470707	1.1670892	1.0880564	1.0436151	1.0265981	0.99215806	0.9536933	0.91035056	0.84840375	0.7694048	0.71694314	0.68685883	0.6529614	0.60415024	0.55345815	0	0	0	0	0	0	0	
3	0.71989095	1.2302684	1.2990922	1.2363454	1.1650027	1.0897003	1.0012181	0.9582383	0.942755	0.9125918	0.86434895	0.79520935	0.7211455	0.63966167	0.55980104	0	0	0	0	0	0	0	0	0	
3	0.5206924	0.8147416	0.7503168	0.6995484	0.76145124	0.74730104	0.7053927	0.6431152	0.57140154	0.5034241	0	0	0	0	0	0	0	0	0	0	0	0	0	0	
3	0	0.74192804	0.625355	0	0	0	0	0	0	0	0	0	0	0	0	0	0	0	0	0	0	0	0	0	
