1	0	0.94384915	1.0591952	0.97812825	0.86422193	0.76614463	0.7157875	0.6866794	0.66122377	0.6342699	0.58679175	0.52784115	0	0	0	0	0	0	0	0	0	0	0	0	
1	0.52878445	1.1373427	1.257654	1.3016138	1.2782836	1.2348197	1.2287186	1.2272134	1.2120816	1.1856394	1.1423125	1.1049625	1.1439652	1.1655284	1.1985652	1.1918458	1.1960208	1.1357284	1.0422089	0.96725476	0.8576551	0.7079582	0.575763	0	
1	0	1.0200814	1.2176188	1.2227532	1.1497011	1.0808519	1.0283834	1.0987666	1.138503	1.133181	1.0859642	1.0066185	0.9141392	0.81955075	0.72565657	0.6421233	0.5664555	0	0	0	0	0	0	0	
1	0.50259465	1.1159933	1.2004007	1.1919974	1.1341871	1.1070578	1.0948337	1.050322	1.0548368	1.0805953	1.0942854	1.0865067	1.0696998	1.0207909	0.9562566	0.88401884	0.7957427	0.7079545	0.6035781	0.50125533	0	0	0	0	
1	0	1.0119543	1.1589715	1.102992	1.0799234	1.0767628	1.0792885	1.0704749	1.0337679	0.9691104	0.88147503	0.7803987	0.68983155	0.600658	0.51893914	0	0	0	0	0	0	0	0	0	
1	0	0.9782118	1.115181	1.2010729	1.1690271	1.0812799	0.9962354	0.915462	0.8306101	0.75695914	0.6845057	0.6239523	0.58414835	0.53905714	0	0	0	0	0	0	0	0	0	0	
1	0	0.9410339	1.0835228	0.96021134	0.94291306	0.9306364	0.8873176	0.8273912	0.75727856	0.6822836	0.599284	0.5159579	0	0	0	0	0	0	0	0	0	0	0	0	
1	0	0.9707457	1.0115509	0.98078346	0.95705056	0.986912	1.0277485	1.0669161	1.090013	1.0879179	1.0541209	0.98981607	0.90824884	0.8059506	0.7283639	0.6698834	0.60929126	0.5421344	0	0	0	0	0	0	
1	0	0	0.50681555	0.5036316	0.9823511	0.65083957	0.64302534	0.58091444	0.5004628	0.9200548	0	0	0	0	0.54026544	0	0	0	0	0	0	0	0	0	
1	0	0.9256959	1.0692068	0.96019864	0.9087364	0.9994739	1.0095584	1.0063518	0.97504073	0.72767985	0.84219927	0.7523714	0.6688569	0.59892356	0	0	0	0	0	0	0	0	0	0	
1	0	0	0	0	0	0	0	0	0	0.64032453	0	0	0	0	0	0	0	0	0	0	0	0	0	0	
1	0	0.77488416	0.9224743	0.90947646	0.8589543	0.81082517	0.7691712	0.7335346	0.7003057	0.6650834	0.6166243	0.5556464	0.5036339	0	0	0	0	0	0	0	0	0	0	0	
1	0	0.7351881	0.80649775	0.8353031	0.82152206	0.7580859	0.68802804	0.6225663	0.5624581	0.5139785	0	0	0	0	0	0	0	0	0	0	0	0	0	0	
1	0	0.6634436	0.8016859	0.7808737	0.7792562	0.7901209	0.7737725	0.7492699	0.70492154	0.6481937	0.58208936	0.51514965	0	0	0	0	0	0	0	0	0	0	0	0	
1	0	0.6583607	0.7764739	0.7877801	0.7273627	0.6500127	0.58454496	0.52835864	0	0	0	0	0	0	0	0	0	0	0	0	0	0	0	0	
1	0	0	0.51488864	0.52191556	0	0	0	0	0	0	0	0	0	0	0	0	0	0	0	0	0	0	0	0	
1	0	0.53186303	0.56421924	0.5671298	0.53004724	0.5622379	0.5779681	0.5862642	0.57859993	0.55559117	0.51871604	0	0	0	0	0	0	0	0	0	0	0	0	0	
1	0.5672819	1.1585263	1.306457	1.2858177	1.2480501	1.2564092	1.2381392	1.2055794	1.1966141	1.1671728	1.1140195	1.0490124	0.97651887	0.8962567	0.80107236	0.71092016	0.60920084	0.51710194	0	0	0	0	0	0	
1	0	0.9650149	0	1.277442	1.031551	1.224562	1.1974566	1.0634971	1.0123191	0.9572659	0.89258856	0	0	0	0	0.5251036	0	0	0	0	0	0	0	0	
1	0	0	0.7206641	0.8877056	0.8943406	0.8359831	0.789408	0.77210605	0.77159894	1.1676503	0.7745073	0.7636428	0.7374317	0.6877202	0.6274455	0.5580833	0.62833947	0	0	0	0	0	0	0	
1	0.5256609	1.0538425	1.2516445	1.3112572	1.2715474	1.2258748	1.1912509	1.2051347	1.2009034	0.8156879	1.1105056	1.031735	0.9581874	0.8628892	0.7683621	0.6959487	0	0.5631903	0	0	0	0	0	0	
1	0.5400474	1.1210991	1.2863275	1.242218	1.1787502	1.1170055	1.0468193	0.96491617	0.86809576	0.80162877	0.7229636	0.6561788	0.62898165	0.5875426	0.5446264	0	0	0	0	0	0	0	0	0	
1	0	0	0	0	0	0	0	0.518141	0	0	0	0	0	0	0	0	0	0	0	0	0	0	0	0	
1	0	0.74697125	0.8316089	0.7792665	0.7242564	0.7093114	0.6823601	0.64182884	0.59811115	0.54993826	0	0	0	0	0	0	0	0	0	0	0	0	0	0	
1	0	1.0036476	1.1587902	1.0483268	0.95278263	0.8964477	0.85796124	0.87217766	0.8994927	0.9174614	0.9279831	0.91720134	0.89420354	0.8468967	0.78639644	0.7316643	0.6744507	0.6112121	0.53222895	0	0	0	0	0	
1	0	0.977183	1.0577818	1.0251286	0.9483025	0.83026075	0.7751684	0.7086698	0.66676885	0.6155498	0.5575719	0.5012059	0	0	0	0	0	0	0	0	0	0	0	0	
1	0	1.046626	1.241488	1.2219182	1.1574372	1.0981318	1.0435523	1.020442	1.0195558	0.97552437	0.881866	0.7945188	0.72346467	0.6525531	0.58873487	0.52906245	0	0	0	0	0	0	0	0	
1	0	0	0.55244803	0.5400602	0.5423572	0.5518184	0.5476058	0.5263542	0	0	0	0	0	0	0	0	0	0	0	0	0	0	0	0	
1	0	1.0736907	1.2403233	1.2170928	1.1259869	1.0498484	0.9838132	0.92582333	0.9696178	1.0090301	1.0446644	1.0635138	1.0616865	1.0498672	1.0056081	0.95477444	0.87651545	0.79299754	0.6866562	0.57927454	0	0	0	0	
1	0	1.0269501	1.155105	1.0688118	0.97114223	0.92667615	0.8923365	0.8452714	0.784702	0.7278747	0.6612879	0.60271573	0.5551819	0.50740886	0	0	0	0	0	0	0	0	0	0	
1	0	1.0066785	1.1614031	1.1008987	0.9936411	0.9773283	0.9652227	0.93916214	0.8758781	0.7943527	0.72826177	0.7220183	0.7070324	0.6782674	0.6464856	0.60712016	0.5587698	0.5107052	0	0	0	0	0	0	
1	0	1.032686	1.1913382	1.0961322	1.0276333	1.0059196	0.98295087	0.94043815	0.86340004	0.7965416	0.7389454	0.68938434	0.6371411	0.5775982	0.516089	0	0	0	0	0	0	0	0	0	
1	0	0	0.8918512	0.50249743	0.5152155	0.7841513	0.51946586	0.5061972	0	0.8570378	0	0	0	0	0	0	0	0	0	0	0	0	0	0	
1	0.5030067	1.0305451	1.2254413	1.252612	1.1759837	1.0778955	1.0260568	1.0033747	0.9531226	0.8986651	0.8225276	0.735998	0.655693	0.5736435	0	0	0	0	0	0	0	0	0	0	
1	0	0.9633389	1.0787501	0.9983904	0.9860671	0.9799367	0.9694434	0.9534272	0.9146658	0.855434	0.7734857	0.679985	0.5909008	0.5163388	0	0	0	0	0	0	0	0	0	0	
1	0.58610135	1.1645651	1.321606	1.262887	1.240712	1.2616669	1.244092	1.2067355	1.1660988	1.1241895	1.0724977	1.0170029	0.9426874	0.862126	0.7740501	0.7175653	0.65112764	0.59010935	0.508821	0	0	0	0	0	
1	0.5022877	1.0648481	1.2382061	1.2934738	1.2467253	1.1894461	1.1363716	1.0785483	1.0034527	0.94205	0.8985856	0.8410032	0.7851216	0.7171551	0.6543653	0.5935119	0.52206427	0	0	0	0	0	0	0	
1	0	0.94207287	0.94828796	0.9284143	0.9616097	0.96181715	0.94213486	0.9105831	0.86269045	0.80544573	0.741649	0.67796016	0.6161811	0.553232	0	0	0	0	0	0	0	0	0	0	
1	0.5133435	1.0261781	1.2512425	1.2375126	1.1889338	1.1234337	1.0497358	1.0523545	1.0295435	0.9727	0.9256834	0.8557753	0.7745078	0.6904948	0.6065275	0.5334416	0	0	0	0	0	0	0	0	
1	0	0.83692265	0.99542946	0.88720477	0.7608361	0.755755	0.74226195	0.699288	0.6420013	0.5821499	0.5190813	0	0	0	0	0	0	0	0	0	0	0	0	0	
1	0	1.0145043	1.1802784	1.0834476	0.9747379	0.8041625	0.84066397	0.76851153	0.7672817	0.75979304	0.73667103	0.69698644	0.6460281	0.5794856	0.52179396	0	0	0	0	0	0	0	0	0	
1	0	0	0	0	0	0.9089229	0.8606815	0.8191285	0.76390463	0.73466825	0.62602556	0.5510139	0	0	0	0	0	0	0	0	0	0	0	0	
1	0	1.050105	1.1903982	1.1847713	1.1172652	1.0329777	0.94148755	0.8566805	0.78423053	0	0.67980564	0.614196	0.5598059	0.50075865	0	0	0	0	0	0	0	0	0	0	
1	0	1.1015323	1.2620527	1.269988	1.2388234	1.2124686	1.2051272	1.2060293	1.1999084	1.1825296	1.1519992	1.1062132	1.0397611	0.97375846	0.8889638	0.789593	0.6942029	0.5913326	0	0	0	0	0	0	
1	0	0.9807279	1.110047	1.1250364	1.0664209	1.027924	1.0087492	0.98661196	0.9481255	0.88797456	0.8026244	0.70948565	0.6230794	0.54182875	0	0	0	0	0	0	0	0	0	0	
1	0	0.79096156	0.5239899	0.55838305	0.50797874	0	0	0	0	0	0	0	0	0	0	0	0	0	0	0	0	0	0	0	
1	0.5348696	1.0539982	1.2663393	1.263361	1.2248372	1.1808991	1.1360785	1.115563	1.120749	1.0909072	1.026454	0.93536574	0.84187716	0.7415087	0.64848197	0.5703578	0	0	0	0	0	0	0	0	
1	0	1.0621917	1.2181438	1.2996356	1.2589993	1.2305062	1.2115586	1.1895416	1.1542293	1.1116223	1.0571091	0.9857474	0.9110897	0.81624216	0.72050416	0.62726045	0.53164345	0	0	0	0	0	0	0	
1	0.50978726	1.0322492	1.2428102	1.2748648	1.2265339	1.1623086	1.0988233	1.0928679	1.083279	1.0392295	0.977837	0.89965254	0.80744696	0.71171147	0.6154097	0.5292673	0	0	0	0	0	0	0	0	
1	0	1.0695342	1.2571305	1.2435048	1.1740655	1.0963575	1.0178204	0.92666626	0.8545367	0.81108105	0.753494	0.6858121	0.61657137	0.5438002	0	0	0	0	0	0	0	0	0	0	
1	0.529677	1.0673989	1.2604462	1.2934202	1.243734	1.2075026	1.160377	1.1028433	1.0856923	1.0596911	0.9982281	0.905333	0.8000984	0.7207869	0.64595014	0.5694496	0	0	0	0	0	0	0	0	
1	0	0	0	0	0	0	0	0.7620844	0.7112425	0	0.5819996	0.51599014	0	0	0	0	0	0	0	0	0	0	0	0	
1	0.50893474	1.119805	1.2768266	1.2741315	1.2236882	1.1985561	1.2068981	1.184902	1.135902	1.1088452	1.071342	1.0191069	0.94760364	0.871986	0.78898764	0.7023697	0.62226576	0.5674993	0	0	0	0	0	0	
1	0	0.890684	1.0083941	0.95053285	1.2324725	0.946156	0.8713475	0.78592277	0.76229405	1.0874166	0.77528095	0.7535364	0.7209182	0.7083132	0.673774	0.61232203	0.54785734	0	0	0	0	0	0	0	
1	0	0.9480481	1.2310057	1.2546316	1.0362849	1.2178946	1.2079643	1.1837809	1.1415604	0.68182904	1.0180951	0.9395709	0.8620235	0.7755882	0.68763	0	0	0	0	0	0	0	0	0	
1	0.5031682	1.0848032	1.2577952	1.261824	1.2144006	1.1399475	1.063224	0.9889509	0.9336235	0.8725245	0.82682335	0.7729993	0.7171451	0.65731144	0.59215325	0.5361175	0	0	0	0	0	0	0	0	
1	0	1.022626	1.1870525	1.1728383	1.1180675	1.0903863	1.0847665	1.0782621	1.0601063	1.0219085	0.95835376	0.87074506	0.7809912	0.68955255	0.6028307	0.5296254	0	0	0	0	0	0	0	0	
1	0	1.0441585	1.2013316	1.1962898	1.1450572	1.0476073	1.0021356	0.94151205	0.8511139	0.912984	0.66924685	0.6412019	0.61467135	0.5887875	0.5527339	0.5227093	0	0	0	0	0	0	0	0	
1	0	1.093129	1.2727861	1.2889061	1.2371386	1.1920378	1.1641374	1.1368194	1.1084927	1.0786825	1.0406613	1.0016813	0.9466858	0.87900263	0.8015008	0.7194561	0.63229775	0.54876375	0	0	0	0	0	0	
1	0.5103339	1.131646	1.2484249	1.2916028	1.2726669	1.259962	1.2572497	1.2368385	1.1912231	1.144131	1.0965742	1.0457224	0.9921339	0.92253554	0.839958	0.75564235	0.6706887	0.5904442	0.5068394	0	0	0	0	0	
1	0	0	0.5045374	0	0	0	0	0	0	0	0	0	0	0	0	0	0	0	0	0	0	0	0	0	
1	0	1.1128	1.2245802	1.175989	1.074957	1.0216175	1.0332508	1.0294058	1.011796	0.9759753	0.9131262	0.84883755	0.7873568	0.72436106	0.6615572	0.598294	0.5374263	0	0	0	0	0	0	0	
1	0.5571681	1.1230403	1.2274354	1.2520059	1.213898	1.184533	1.1788902	1.1798201	1.171608	1.15125	1.1096768	1.0528661	0.9845968	0.90796506	0.81793094	0.7231983	0.6364556	0.5524237	0	0	0	0	0	0	
1	0	1.0025548	1.1197528	1.2411569	1.2111876	1.186986	1.1784366	1.1703808	1.1545088	1.1226906	1.0684508	0.99362236	0.9084541	0.8107699	0.7178319	0.6391321	0.5595959	0	0	0	0	0	0	0	
1	0	1.0401515	1.2491915	1.2361389	1.1868409	1.1180054	1.038932	0.96332663	0.8719116	1.0441768	0.70102024	0.6464555	0.5918693	0.53725916	0.50242126	0	0.5652661	0	0	0	0	0	0	0	
1	0	1.0350122	1.1622344	1.1174634	1.095586	1.1707217	1.1942519	1.1687288	1.1120838	1.0496335	1.0297991	0.99484867	0.93399733	0.86441207	0.77164364	0.6869176	0.5962347	0.51306325	0	0	0	0	0	0	
1	0	1.115186	1.2358226	1.2385606	1.280344	1.2586945	1.234936	1.2079041	1.1706704	1.1278142	1.0728501	0.999328	0.9221785	0.83924013	0.77141154	0.7079767	0.6416303	0.5767941	0	0	0	0	0	0	
1	0	0	0	0	0	0.7505361	0.69557047	0.62808514	0.5555382	0	0	0	0	0	0	0	0	0	0	0	0	0	0	0	
1	0	0.83667964	0.9226067	0.8288131	0.8063204	0.7813921	0.8224122	0.84747845	0.8630924	0.95950836	0.84343266	0.8000801	0.75218153	0.6879695	0.6231212	0.55491257	0.509494	0	0	0	0	0	0	0	
1	0	0.8805627	1.1435018	1.1365849	1.1023885	1.0818012	1.0698717	1.0525645	1.0144231	0.7052681	0.8825374	0.5840161	0.51807034	0	0	0	0	0	0	0	0	0	0	0	
1	0.5004805	1.0757434	1.2340007	1.2940695	1.2535186	1.212147	1.1749142	1.1317174	1.0758625	1.0115479	0.93056107	0.8645332	0.804906	0.7287473	0.6377198	0.54759485	0.5788762	0	0	0	0	0	0	0	
1	0.51124775	1.0955331	1.2476959	1.271447	1.2307149	1.1971525	1.1709149	1.1374954	1.1386296	1.1403247	1.132095	1.1043854	1.0699598	1.0012555	0.9301026	0.83898187	0.73573333	0.6443206	0.5429405	0	0	0	0	0	
1	0.5348871	1.0565634	1.2548554	1.2670015	1.2314488	1.1661237	1.1046069	1.0727627	1.0587426	1.0259498	0.97112614	0.8908145	0.81031364	0.71553737	0.6288898	0.5497755	0	0	0	0	0	0	0	0	
1	0	1.1018718	1.258333	1.2715236	1.224241	1.1864368	1.1666907	1.1509186	1.1318481	1.1046729	1.0602282	0.9992249	0.9210821	0.8271183	0.727015	0.6338552	0.5473014	0	0	0	0	0	0	0	
1	0	1.0615304	1.2731328	1.2497509	1.2146435	1.1573576	1.1324672	1.1357131	1.1150105	1.0664778	0.99610865	0.92391914	0.866068	0.80456746	0.73498964	0.66393906	0.5810985	0.5179335	0	0	0	0	0	0	
1	0	0	0.55650795	0.5291645	0	0	0	0	0	0	0	0	0	0	0	0	0	0	0	0	0	0	0	0	
1	0	0	0	0	0.75079155	0	0	0	0	0.83165056	0	0	0	0	0	0	0	0	0	0	0	0	0	0	
1	0	0.9917928	1.2376497	1.2288666	1.1668662	1.0961344	1.0227042	0.9382571	0.85766864	0.60400695	0.79196084	0.7352054	0.68297607	0.633217	0.58309764	0.53193337	0.6005792	0	0	0	0	0	0	0	
1	0.5194608	1.0795693	1.2566441	1.2925069	1.277621	1.2406412	1.2151315	1.186667	1.1523279	1.1101636	1.0549513	0.99590224	0.92367667	0.85085195	0.7650928	0.68245244	0	0.5180196	0	0	0	0	0	0	
1	0.5176621	1.1330779	1.2754877	1.2541205	1.243959	1.2028441	1.1627005	1.1127895	1.0925143	1.0460368	0.9733454	0.91341877	0.8598668	0.79682744	0.71953976	0.63646936	0.55260676	0	0	0	0	0	0	0	
1	0	1.0119882	1.2351754	1.2411264	1.1944796	1.121318	1.0404004	0.9545385	0.90450656	0.8535512	0.78302866	0.7049694	0.630693	0.55517167	0	0	0	0	0	0	0	0	0	0	
1	0.5362566	1.1547804	1.2543079	1.285391	1.241449	1.2353406	1.233306	1.2006344	1.1461021	1.0837152	1.0182307	0.94281894	0.8614034	0.7734309	0.6805139	0.6111022	0.5726066	0.5257221	0	0	0	0	0	0	
1	0	1.0864326	1.1613187	1.1814041	1.134621	1.068872	1.0787988	1.0734817	1.0280282	0.9596902	0.87542677	0.7860467	0.7033795	0.62035865	0.5521142	0.51508003	0	0	0	0	0	0	0	0	
1	0	0	0.61070067	0.6456405	0	0	0	0	0	0	0	0	0	0	0	0	0	0	0	0	0	0	0	0	
1	0	1.0414135	1.0673943	1.0368986	0.955703	0.9092768	0.88415426	0.85437584	0.8378752	0.80598706	0.7587301	0.6951837	0.6306733	0.5744031	0.52499264	0	0	0	0	0	0	0	0	0	
1	0	0.8458347	1.1308622	0.7650008	0.6607307	0.6371568	0.838328	0.8136795	0.752188	0.67643195	0.59716845	0.537793	0	0	0	0	0	0	0	0	0	0	0	0	
1	0.5236415	1.0781645	1.2710893	1.2308472	1.1914005	1.1628143	1.1183926	1.1022128	1.0817965	1.1610163	0.9956028	0.9209531	0.8293669	0.7260101	0.64529306	0.5748829	0.6587813	0	0	0	0	0	0	0	
1	0	1.016898	1.163706	1.1718385	1.134038	1.1356387	1.1208589	1.1409742	1.1604608	0.93509936	1.140454	1.0965503	1.0246929	0.945507	0.8457264	0.7569183	0	0.56867236	0	0	0	0	0	0	
1	0.5736343	1.1621292	1.2924367	1.3163266	1.2714646	1.25471	1.2391449	1.21281	1.1822646	1.1530879	1.1203142	1.0776187	1.0222168	0.95391387	0.8829189	0.8727252	0.8270193	0.7836776	0.70056534	0.60451186	0.5232745	0	0	0	
1	0	0	1.1975495	1.2382445	0	1.2124991	0	1.1641964	1.1111451	0	0.9814133	0.90277725	0.8212675	0.7334303	0	0.5631752	0	0	0	0	0	0	0	0	
1	0	0	0	0	0	0	0	0	0	0.9481024	0	0	0	0	0	0	0	0	0	0	0	0	0	0	
1	0	1.0918664	1.1909527	1.2424839	1.2557338	1.1991634	1.1840042	1.1590774	1.1131022	1.0620748	1.0020543	0.93330157	0.86252415	0.78896105	0.7086424	0.6321535	0.54970056	0	0	0	0	0	0	0	
1	0	1.0745885	1.186274	1.1541892	1.0881132	1.0730517	1.0891399	1.0737023	1.0193248	0.94890046	0.86413974	0.7798157	0.7012307	0.6212866	0.54566854	0	0	0	0	0	0	0	0	0	
1	0	0	0.9557928	0.8768632	0.753141	0.73761	0	0.6592737	0.6100488	0	0	0	0	0	0	0	0	0	0	0	0	0	0	0	
1	0	0	0	0	0	0	0	0	0	0.7767427	0	0	0	0	0	0	0	0	0	0	0	0	0	0	
1	0	1.0333244	1.2042402	1.1724393	1.1076704	1.051022	1.0023558	0.97222817	0.9473506	0.9078682	0.8570478	0.80111384	0.74441373	0.6798807	0.61867625	0.55601543	0	0	0	0	0	0	0	0	
1	0.56029445	1.1556242	1.2932359	1.2421646	1.1895599	1.122968	1.066536	1.0063477	0.9384087	0.876941	0.8126729	0.7454512	0.6792474	0.61105704	0.54511136	0	0	0	0	0	0	0	0	0	
1	0.5575658	1.1414281	1.2612959	1.2883698	1.2789284	1.2424047	1.2149739	1.1903968	1.1573455	1.1417116	1.106795	1.1363411	1.1606925	1.169917	1.1426212	1.1307063	1.0632674	1.0173135	0.9258756	0.8082607	0.73040795	0.61483425	0	0	
1	0	0.9792416	1.1811469	1.1633089	1.121103	1.0501335	0.9803692	0.91961837	0.8635542	0.81296027	0.51335686	0	0	0	0	0	0	0	0	0	0	0	0	0	
1	0.521618	1.1338468	1.2913232	1.3199397	1.2835988	1.2562208	1.2404163	1.2195607	1.1926343	1.1578022	1.1087856	1.0505414	0.98901534	0.91809404	0.84223014	0.769827	0.69357413	0.6079366	0.52808565	0	0	0	0	0	
1	0.51974714	1.1229063	1.2914156	1.3160613	1.2783123	1.2511177	1.2328463	1.2115557	1.1786982	1.1416799	1.096088	1.0373762	0.9666996	0.8798483	0.7889891	0.71298486	0.6225233	0.5398328	0	0	0	0	0	0	
1	0	1.0572457	1.221831	1.2248311	1.1645812	1.116913	1.077141	1.0291861	0.9674637	0.8974437	0.82181436	0.73799735	0.6664975	0.5933433	0.52469623	0	0	0	0	0	0	0	0	0	
1	0.5803219	1.1453313	1.3166007	1.3164669	1.2824852	1.2572812	1.2349186	1.2127029	1.180555	1.1376903	1.083013	1.0136877	0.97598445	0.9158932	0.8328816	0.7428163	0.659861	0.569115	0	0	0	0	0	0	
1	0.5021752	1.1065339	1.2870648	1.2931919	1.2359538	1.2167188	1.1925777	1.1429571	1.0711905	0.99525905	0.92983407	0.8588276	0.7823941	0.701023	0.613973	0.53481084	0	0	0	0	0	0	0	0	
1	0	0	1.1358056	1.0797126	0.95846784	0.53277427	0.77464974	0.7387206	0.69177896	0.63588226	0.57393444	0.5092629	0	0	0	0	0	0	0	0	0	0	0	0	
1	0.5710933	1.1241049	1.3023498	1.2632786	1.2613661	1.2242311	1.1873058	1.1778237	1.1540812	1.114878	1.0618951	1.0002743	0.9257356	0.8533811	0.7766967	0.70336694	0.630381	0.55163246	0	0	0	0	0	0	
1	0	0.95698285	1.2014734	1.2447487	0	1.1874548	1.1360874	1.0822799	1.0203758	0	0.8772841	0.8008517	0.7203751	0.64421076	0	0	0	0	0	0	0	0	0	0	
1	0.53103155	1.1211494	1.2992231	1.2957478	1.244749	1.1994003	1.1569445	1.1132867	1.1144415	1.1179646	1.1193681	1.1154165	1.0999415	1.0695194	1.0292621	0.97214115	0.886554	0.8029807	0.6821818	0.5689901	0	0	0	0	
1	0.528456	1.1258352	1.2545497	1.2266607	1.191041	1.184435	1.1658326	1.1509863	1.1469008	1.1456878	1.1422379	1.1318387	1.1054353	1.073824	1.0092317	0.95028543	0.8555648	0.74902856	0.63797605	0.520564	0	0	0	0	
1	0	0	0	0	0.8257919	0	0.7884003	0.703642	0	0.70345396	0	0	0	0	0	0	0	0	0	0	0	0	0	0	
1	0	1.0286504	1.1746305	1.1466894	1.125808	1.1009134	1.0551046	0.9896433	0.90869236	0.8301231	0.7597807	0.6896139	0.6287552	0.56993383	0.5102479	0	0	0	0	0	0	0	0	0	
1	0	0.9679848	1.0628941	0.9405278	0.8365466	0.8055227	0.7793082	0.7470449	0.7015752	0.6454397	0.5960339	0.5489547	0	0	0	0	0	0	0	0	0	0	0	0	
1	0.6131674	1.1286985	1.2818315	1.3326231	1.3152176	1.2761453	1.2536988	1.2382884	1.2220336	1.1989013	1.1666018	1.1219765	1.0803099	1.0114536	0.9399074	0.8695788	0.7888759	0.69352776	0.5794962	0	0	0	0	0	
1	0.5517287	1.0597055	1.2437966	1.1941966	1.1300043	1.0876622	1.046113	0.9899738	0.9102494	0.83256745	0.750944	0.67783874	0.64510256	0.60034895	0.55625534	0.50675565	0	0	0	0	0	0	0	0	
1	0.5809668	1.0695347	1.285762	1.3266461	1.2988449	1.2679795	1.2529913	1.250263	1.2712058	1.2661362	1.2386266	1.1959171	1.1643885	1.1117809	1.0681058	0.994475	0.916127	0.82468975	0.7090867	0.597332	0.50487685	0	0	0	
1	0.511907	1.104743	1.2278405	1.1441243	1.1586475	1.1346499	1.0765158	1.0534704	1.066709	1.0353731	0.9617763	0.868104	0.77844787	0.72399896	0.6605004	0.60099536	0.5356373	0	0	0	0	0	0	0	
1	0	0	0.57114106	0	0	0	0.5021445	0	0	0	0	0	0	0	0	0	0	0	0	0	0	0	0	0	
1	0	0	0	0	0	0	0	0	0	1.072853	0	0	0	0	0	0	0.5938052	0	0	0	0	0	0	0	
1	0	1.0585035	1.2703872	1.2704695	1.2242826	1.2056991	1.1970148	1.1764423	1.1433555	1.0980264	1.0368329	0.9643515	0.89258164	0.810482	0.7277803	0.6531933	0	0.52927357	0	0	0	0	0	0	
1	0.5097062	1.123434	1.2370797	1.2721609	1.2567902	1.2036229	1.1897277	1.1840755	1.1595634	1.1206247	1.0679364	1.0088329	0.95976615	0.9019275	0.82716644	0.759485	0.6741673	0.5980438	0	0	0	0	0	0	
1	0	0.90144104	1.0272787	0.93472093	0.6345708	0.7617761	0.58565444	0.71957797	0.6909335	0	0.5862189	0.5437122	0	0	0	0	0	0	0	0	0	0	0	0	
1	0	1.0587695	1.2358285	1.2627816	1.232276	1.1796768	1.1992067	1.200505	1.170721	1.1175274	1.043577	0.9657063	0.9235483	0.8908034	0.84815395	0.78419507	0.7345599	0.6941833	0.6494464	0.6008424	0.5243581	0	0	0	
1	0	0.59181714	0.7360661	0	0.7574863	0.7541329	0	0.5253281	0.72028977	0.6899929	0.64356905	0.5864066	0.5301929	0	0	0	0	0	0	0	0	0	0	0	
1	0	1.0947698	1.2662323	1.2579669	1.2177656	1.1989579	1.1934105	1.1826017	1.1559712	1.1161586	1.0607998	0.98769325	0.9106674	0.824132	0.7349538	0.64949626	0.5606728	0	0	0	0	0	0	0	
1	0.5419641	1.1363094	1.2780071	1.2801739	1.2768643	1.2404699	1.1986836	1.1596286	1.1144346	1.0801136	1.1315073	1.1689175	1.1803701	1.1904566	1.1673683	1.1369152	1.0600958	1.0112575	0.91108537	0.8024395	0.71224755	0.5855611	0	0	
1	0	1.0320435	1.2311679	1.191704	1.1008953	1.0037518	0.7981604	0.75264096	0.7001924	0.6607762	0.61665875	0.5691211	0.5229564	0	0	0	0	0	0	0	0	0	0	0	
1	0.5524492	1.0693041	1.262979	1.3188131	1.292296	1.263343	1.2385558	1.2551693	1.2554934	1.2319624	1.197318	1.158063	1.1412671	1.1324265	1.1071725	1.056413	0.962765	0.8814813	0.7848835	0.67308456	0.5550337	0	0	0	
1	0	0.99297184	1.2180138	1.218551	1.1632807	1.0959867	1.0204582	0.9716192	0.92526907	0.8654208	0.7934601	0.71951497	0.65373033	0.59239703	0.5358657	0	0	0	0	0	0	0	0	0	
1	0	0.708202	0.8614958	0.7441318	0	0.7081332	0	0	0	0	0	0	0	0	0	0	0	0	0	0	0	0	0	0	
1	0	0	0	0	0	0	0	0	0	0	0	0	0	0	0	0	0.7174443	0	0	0	0	0	0	0	
1	0.58852255	1.156422	1.285001	1.2496957	1.227551	1.2352139	1.2575738	1.2446324	1.2100799	1.1640997	1.1551261	1.1559863	1.1355352	1.099227	1.0652854	1.0227097	0.9481416	0.9001383	0.81161743	0.72140795	0.6339977	0.61263955	0.52843624	0	
1	0.50174487	1.0825453	1.2444711	1.273667	1.2337527	1.2381637	1.2353688	1.2245802	1.1983162	1.2093364	1.2142969	1.1950635	1.1679195	1.1086897	1.0611572	0.990166	0.9102164	0.88090795	0.8338256	0.7163638	0.6339618	0.5324389	0	0	
1	0	0	0	0	0	0	0	0	0.67265785	0	0	0.6158208	0.58609873	0.5494945	0	0	0	0	0	0	0	0	0	0	
1	0.5606444	1.0693103	1.233504	1.2928509	1.2436715	1.2699289	1.2725029	1.2518437	1.2189583	1.1879724	1.1815596	1.1672069	1.1432049	1.1278058	1.0834076	1.0163444	0.94874173	0.8890912	0.8544629	0.8178298	0.78904366	0.6918924	0.5429554	0	
1	0.55617356	1.1091694	1.305897	1.3359869	1.3158923	1.30355	1.2994341	1.2827232	1.2641972	1.2498174	1.2343303	1.2313459	1.2386292	1.2047247	1.1663365	1.1132395	1.031636	0.97531056	0.96867573	0.9222777	0.83273464	0.6963927	0.56084573	0	
1	0	0	0	0	0	0.64617646	0.6967779	0.701601	0.6730943	0.61722267	0.5882818	0.5832827	0.5908797	0.58262384	0.50763166	0	0	0	0	0	0	0	0	0	
1	0.52019584	1.0808947	1.2410637	1.2917653	1.2628026	1.2043054	1.1509731	1.0914251	1.0284846	1.1929383	0.9606431	0.956054	0.95409316	0.93996644	0.93220747	0.8854604	0.8669408	0.76806164	0.66076225	0.5872273	0.51314497	0	0	0	
1	0	0	0.87676346	1.0395975	0.9959953	1.0444702	1.0606896	1.1346703	1.1712542	1.0232781	1.1813982	1.1495396	1.1169488	1.0665172	1.0302588	0.96528643	0	0.7783219	0	0.6166802	0.5556423	0	0	0	
1	0.5328503	1.1060789	1.2480146	1.2722143	1.2088099	1.1787649	1.1688507	1.1486751	1.1742605	1.181636	1.1573209	1.1584287	1.1650357	1.1652724	1.1220733	1.1167076	1.0606172	0.9560777	0.86763406	0.75715894	0.67054224	0.5479379	0	0	
1	0	0	0.87281865	1.0621419	1.1255567	1.1290914	1.0997827	1.0544637	0.98771447	0.9131373	0.95365655	0.98862606	0.9711836	0.92587405	0.84685934	0.7555264	0.64725125	0	0	0	0	0	0	0	
1	0.5666293	1.1066446	1.3139083	1.3364846	1.3232187	1.325748	1.3004062	1.2829247	1.2750804	1.2548392	1.2421721	1.2211273	1.2063683	1.1740192	1.1415815	1.0758644	1.021945	0.94310725	0.8842762	0.79672754	0.71830654	0.66382265	0.60241723	0	
1	0	0	0.81123275	0	0	0	0.7691556	0.7898331	0.7914062	0.81804633	0.8163405	0.7990754	0.77336425	0.7347955	0.6910529	0	0	0	0	0	0	0	0	0	
1	0.5553587	1.1030174	1.2842841	1.3338636	1.3173064	1.2953461	1.2871957	1.2803415	1.2731222	1.2517077	1.2237632	1.2026407	1.1764683	1.1385423	1.0954204	1.0499538	0.9729396	0.89118826	0.82063854	0.75377655	0.6644857	0.6193873	0.55246514	0	
1	0	0	0	0.5583727	0.6176105	0.65894115	0.67621106	0.6641305	0.6485646	0.62978673	0.60462344	0.5687697	0.5343349	0	0	0	0	0	0	0	0	0	0	0	
1	0.5089461	1.0342064	1.1933318	1.1418732	1.0598323	1.0064734	0.9843627	0.9778226	0.9752434	0.96955854	0.95798427	0.93684566	0.89667255	0.836812	0.77890575	0.7454408	0.694442	0.6516025	0.596252	0.53249794	0	0	0	0	
1	0.53195536	0.6360715	0.64202785	0.6398576	0.73599887	0.9584305	1.0828322	1.1470424	1.181248	1.2032778	1.1745987	1.1355886	1.0895879	1.0286819	0.95864296	0.8654865	0.7759757	0.6702217	0.55476654	0	0	0	0	0	
1	0	1.0851103	1.2970095	1.3238415	1.3028611	1.2923188	1.2826048	1.2570853	1.2290835	1.1696627	1.1365819	1.0875522	1.0578642	1.0581914	1.0221161	0.9779985	0.89756423	0.8731872	0.8273379	0.7582923	0.70532405	0.57627624	0	0	
1	0.506562	1.0868711	1.2331355	1.2560619	1.2261655	1.1747364	1.118166	1.0516057	0.9899435	0.95651203	0.9003269	0.860627	0.8143654	0.768154	0.8877249	0.6954222	0.79517984	0.60421395	0.5388964	0	0	0	0	0	
1	0	0	0.8820716	1.027277	0	0	0.5460323	0	1.0221143	1.0480924	1.039215	1.0366154	0.98520416	1.0015688	1.0383468	1.0478808	1.017199	0.97905076	0.89331084	0.74682945	0.6372159	0.5155344	0	0	
1	0	0.8238971	1.0300261	0.9955958	1.0021615	1.0226709	0.9846305	0.92994404	0.90184605	0.92561305	0.90523773	0.8755377	0.8436384	0.7919087	0.733724	0.66931677	0.60010785	0.55510813	0.5141215	0	0	0	0	0	
1	0	0	0	0	0	0.6323055	0	0.6440989	0.63020015	0	0.56699204	0.5187538	0	0	0	0	0	0	0	0	0	0	0	0	
1	0	0	0	0	0	0	0	0	0	0	0	0	0	0	0	0	0.6643853	0	0	0	0	0	0	0	
1	0.5416003	1.1276538	1.255655	1.3200722	1.2832557	1.2749488	1.2654495	1.2532856	1.2369586	1.2175573	1.1934966	1.1648948	1.1227272	1.0738584	1.015198	0.9487758	0.8725735	0.8007546	0.73763406	0.7228758	0.64877915	0.5282411	0	0	
1	0	0	0	0	0	0	0	0	0	0	0	0	0	0	0	0	0.699496	0	0	0	0	0	0	0	
1	0	1.0309595	1.2416888	1.2900819	1.26629	1.2016969	1.1708182	1.1529049	1.1552509	1.2023133	1.1810064	1.1676393	1.1485437	1.0908974	1.046203	0.9904186	0.93544716	0.88508487	0.8350888	0.78981394	0.7022999	0.5879302	0.5240939	0	
1	0.5858946	1.1691691	1.306245	1.3359711	1.3117447	1.2927314	1.2896571	1.2686749	1.2614735	1.2515934	1.236788	1.2328756	1.1970373	1.1698033	1.1677436	1.1966927	1.2167443	1.2521892	1.2223283	1.1025528	0.97043663	0.9067618	0.8011951	0.5784089	
1	0	0	0	0	0	0.712519	0.705351	0.6953422	0	0	0	0	0	0	0	0	0	0	0	0	0	0	0	0	
1	0.50505483	0.9593407	1.2241926	1.2999576	1.2736704	1.228587	1.1907849	1.1495565	1.1014736	1.0447758	0.97620785	0.9024417	0.8273964	0.7501947	0.68142843	0.6154307	0.7350973	0	0	0	0	0	0	0	
1	0	1.0730413	1.2482648	1.2892205	1.2738061	1.2394661	1.225773	1.2284236	1.2188721	1.1952091	1.1640307	1.1423458	1.1204147	1.0721107	1.0530208	1.0199697	0.96287405	0.89297354	0.85219514	0.7893977	0.6991841	0.5753395	0	0	
1	0	0.9881587	1.1054364	1.1220639	1.0337756	0.9783897	0.944365	0.9464907	0.92224646	0.87867975	0.82609546	0.7647394	0.74988383	0.7231408	0.6961822	0.64922684	0.6254295	0.6111982	0.5567524	0	0	0	0	0	
1	0	0	0.6304709	0	0	0.6737432	0	0.72941804	0.7373685	0.7199709	0.67250323	0.62069607	0.58157057	0	0	0	0	0	0	0	0	0	0	0	
1	0.5182947	1.0909375	1.2698427	1.3306118	1.3056598	1.2675008	1.2498498	1.2342695	1.2276753	1.2010953	1.153193	1.1644735	1.1757203	1.193374	1.1629461	1.1232148	1.037547	0.9250448	0.84259063	0.73413897	0.6446338	0.5650035	0	0	
1	0	0	1.0873383	0.65040034	0	1.2387996	0	0.5278184	0.5487876	0.55022997	0.5344398	0.5032358	0	0	0.6598938	0.8194248	0.78461045	0.74732894	0.6588306	0.5135402	0	0	0	0	
1	0	1.0202185	1.2754955	1.3021348	1.282702	1.2772069	1.2801076	1.2757899	1.2658705	1.2660494	1.2650757	1.2588042	1.242167	1.2141168	1.1868804	1.1536014	1.0830653	1.0356513	0.9587672	0.83661294	0.71922743	0.61674815	0	0	
1	0.53695416	1.0782645	1.1932585	1.1413269	1.1316805	1.153131	1.1071918	1.0718156	1.0762974	1.1312834	1.1739118	1.2007043	1.241069	1.2690355	1.225847	1.1922715	1.1231918	1.0291009	0.9785071	0.9024893	0.7944685	0.65950644	0	0	
1	0.53342175	1.1075821	1.2807343	1.330415	1.309406	1.2766113	1.2741631	1.2702985	1.2600815	1.2508906	1.2353505	1.2210208	1.2023149	1.1648122	1.1355095	1.086508	0.9997064	0.9290701	0.828076	0.7926232	0.7087667	0.6150737	0	0	
1	0.53771794	1.1145078	1.2395115	1.2917725	1.2382035	1.2599504	1.2528772	1.2192018	1.1807829	1.1524172	1.1240579	1.0780741	1.0226005	0.99032086	0.9644094	0.91547984	0.8913059	0.8880476	0.8180007	0.78159624	0.6866858	0.5684523	0	0	
1	0	0.78398615	0.80703074	0.8645626	0.8181644	1.0368892	1.1302285	1.1536226	1.135445	1.0877489	1.0289056	0.9790027	0.8958962	0.65636605	0.6390889	0.60332674	0.55426055	0.5146387	0	0	0	0	0	0	
1	0.5328722	1.0950935	1.2623674	1.3262835	1.3091962	1.2689824	1.2440654	1.2260928	1.2038704	1.1768371	1.1677432	1.1640853	1.1214073	1.0611905	1.068993	0.9032395	0.89722633	0.82287306	0.7974173	0.73137254	0.63050693	0.5435264	0	0	
1	0	0	0.93489444	0.5379084	0.8184046	0.8314346	0.82867223	0.8208087	0.79962975	0.7663944	0.7532554	1.1678411	1.1545459	1.1078806	0.6081132	0.9979654	0	0	0	0	0.63482594	0	0	0	
1	0.5481283	1.1219404	1.2857292	1.3285863	1.3078142	1.2771807	1.2662365	1.2362692	1.2135849	1.2007989	1.1990702	1.1859332	1.1501261	1.1149107	1.0435852	0.97687775	0.9463415	0.93379205	0.8817346	0.76867485	0.675448	0.57996327	0	0	
1	0	0	0	0	0	0	0.5380115	0.5566919	0.5409718	0.55811226	0.5685009	0.5450959	0.5144997	0	0	0	0	0	0	0	0	0	0	0	
1	0	0.9027464	1.2305951	1.2444369	1.1847247	1.1338308	1.1141281	1.059368	0.9774309	1.013032	0.8175825	0.75183195	0.6989855	0.6378167	0.7876852	0	0.6997702	0	0	0	0	0	0	0	
1	0	1.0563192	1.2345029	0	1.0023156	0.9137846	0.92146605	1.0760287	1.0477848	0.7833999	0.96343577	0.8930465	0.8831255	0.8899179	0.8557536	0.79298174	0.73229265	0.6753254	0.59884894	0.54383826	0	0	0	0	
1	0	0.9740868	1.0903643	1.0477562	0.9404647	0.9535793	0.9069608	0.8819293	0.85663396	0.8009258	0.784567	0.8411151	0.8560081	0.8452402	0.81986445	0.76945984	0.7147585	0.6851332	0.6519523	0.6322594	0.56691515	0	0	0	
1	0	1.0434291	1.2244172	1.2473878	1.2021177	1.1571231	1.1359922	1.085911	1.0310302	0.9905017	0.99161565	0.99969995	0.9921035	0.95853347	0.90663624	0.8849316	0.8527025	0.7875555	0.6984288	0.611416	0.52291024	0	0	0	
1	0	0.9367142	1.0546473	1.1008447	1.0579479	1.0416058	1.0482426	1.0547678	1.0473696	1.0208503	0.97507507	0.90921026	0.8305473	0.7514482	0.6866934	0.61255217	0.60558385	0.5901388	0.54403627	0.5226975	0	0	0	0	
1	0	1.0123612	1.1796333	1.1847618	1.1024429	1.0527438	1.0377833	0.9958911	0.9493728	0.9115844	0.8557506	0.78906757	0.72436064	0.65779376	0.6007092	0.56346333	0.51919425	0	0	0	0	0	0	0	
1	0	0	0	0	0.5678331	0.6532445	0.6976211	0.7035805	0.67834514	0.6282658	0.5914169	0.5661936	0.534712	0.50296485	0	0	0	0	0	0	0	0	0	0	
1	0	0.71292853	1.0070684	1.037184	1.029046	0.89617395	0.8153829	0.7225496	0.720001	0.71927434	0.69078416	0.65067655	0.6005087	0.55059797	0	0	0	0	0	0	0	0	0	0	
1	0	0.90878654	1.0921693	1.0662782	0.51080793	0.940984	0.905945	0.9028045	0.86472195	0.8287167	0.79748285	0.7733979	0.7639703	0.74212545	0.70304203	0.66952175	0.6177503	0.5544981	0	0	0	0	0	0	
1	0.51924986	1.0484781	1.2280315	1.271155	1.2638664	1.2721719	1.2689643	1.2614442	1.25002	1.2366695	1.2220296	1.2062502	1.2110355	1.2156681	1.1982768	1.1684263	1.0902464	1.0381607	0.9520066	0.8182266	0.7278266	0.6208707	0.50314254	0	
1	0	1.0443108	1.2195947	1.234661	1.189433	1.1606448	1.1204774	1.1157733	1.0840595	1.0243177	0.9501159	0.87098634	0.83150786	0.80031615	0.7785962	0.7364153	0.6757248	0.6397702	0.5876376	0.5172775	0	0	0	0	
1	0	0.94408613	1.0971116	1.2358718	1.2022547	1.1953139	1.1881452	1.1526189	1.1034596	1.0509182	0.9871108	0.9413725	0.96859086	0.98740286	0.97678334	0.969532	0.91956955	0.8615468	0.75952065	0.6567661	0.5381705	0.50297165	0	0	
1	0	0.63256896	0.79269445	0.7538087	0.79069597	0.75932604	0.77517176	0.7709159	0.7817074	0.8418541	0.8362479	0.7988893	0.7572177	0	0	0.6916866	0	0	0	0	0	0	0	0	
1	0	1.0623721	1.2486827	1.2716453	1.2308587	1.1931436	1.1783167	1.1632878	1.1357183	1.1001182	1.0476135	0.98178416	0.90424377	0.82417125	0.7912874	0.76201457	0.70740664	0.65169656	0.5880968	0.5097374	0	0	0	0	
1	0	0.84351563	0.9128342	0.9114443	0.93889797	1.0040663	1.0311036	1.027194	0.9996274	0.9559609	0.9333139	0.9400544	0.9209681	0.8826851	0.833944	0.78348833	0.7172976	0.6365715	0.545564	0	0	0	0	0	
1	0	1.06501	1.2508948	1.2837548	1.2296509	1.1745231	1.1311201	1.0802872	1.0315142	0.99395376	0.9785048	0.99892884	0.9894382	0.9522083	0.8772646	0.7868888	0.68512076	0.6035731	0.5261616	0.53517	0	0	0	0	
1	0.5356599	1.0305777	1.2339098	1.2899444	1.2952399	1.2697035	1.2492682	1.2311277	1.2100086	1.1811601	1.1812106	1.1928778	1.1828768	1.1629804	1.0983984	1.0486722	0.96187085	0.8814352	0.7822902	0.664981	0.5635831	0	0	0	
1	0	0	0	0	0	0.74449337	0	0.74876314	0.8122067	0	0.8256266	0.7888401	0.7451485	0.6753515	0	0	0	0	0	0	0	0	0	0	
1	0	0.9704559	1.0851116	1.0589985	0.9233565	0.80749124	0.8080259	0.7921644	0.7682192	0.82363206	0.71795434	0.6824895	0.6456209	0.6291544	0.6028207	0.5657278	0.6799617	0.5133095	0	0	0	0	0	0	
1	0	0.619652	0.6576941	0	0	0	0	0.7289148	0.7662589	0	0.8713554	0.90947723	0.92604697	0.90369356	0.8492242	0.7655073	0	0.6228448	0.55740064	0	0	0	0	0	
1	0	0.93641436	1.0019424	0.9704371	0.92091906	0.8712434	0.81657547	0.7562994	0.7222449	0.7091917	0.72665143	0.7442683	0.72958416	0.67851776	0.62613904	0.6091043	0.59137475	0.5695553	0.5494223	0	0	0	0	0	
1	0	0	0	0	0.5402643	0	0.5260913	0.51547545	0	0	0	0	0	0	0	0	0	0	0	0	0	0	0	0	
1	0.5086387	1.0384995	1.1073741	1.0887207	1.0903319	1.1189917	1.1206293	1.1195636	1.1215906	1.123839	1.1215531	1.1097687	1.0824335	1.0214796	0.99044716	1.0216109	1.0329452	0.99482065	0.89848524	0.81144506	0.6850266	0.53981316	0	0	
1	0	0	0	0	0.8654753	0.8196395	0.8937919	0.9049055	0.9523381	1.0067661	1.0277183	1.0306985	1.017065	1.0070583	0.9751976	0.9547263	0.9036211	0.82848394	0.7749581	0.68719727	0.5740124	0	0	0	
1	0	0.9633598	0.95613325	0.87196326	0.788599	0.7487786	0.80627656	0.8340247	0.8152496	0.7821055	0.7416613	0.71725476	0.7023601	0.6793761	0.6655452	0.6323042	0.5878203	0.54482746	0	0	0	0	0	0	
1	0	0	0	0	0	0.68566847	0	0	0	0	0	0	0	0	0	0	0	0	0	0	0	0	0	0	
1	0	0.7364091	0.8913602	0.9667717	0.940725	0.89060956	0.83479315	0.7849105	0.7353019	0.68778515	0.6406631	0.5947338	0.5236889	0.6056932	0.57553285	0.5400587	0	0	0	0	0	0	0	0	
1	0	0	0	0	0	0	0	0	0	0	0	0	0.6045899	0	0	0	0	0	0	0	0	0	0	0	
1	0	0	0	0	0	0	0	0	0	0.64076996	0	0	0	0	0	0	0.55015355	0	0	0	0	0	0	0	
1	0	0.84070116	0.86559844	0.80253136	0.7335519	0.69205564	0.6676223	0.65590274	0.65409565	0.6302456	0.63414246	0.62644863	0.6187557	0.6127207	0.5959612	0.577756	0.51378417	0.5000869	0	0	0	0	0	0	
1	0	0.9373165	0.94209373	0.8813408	0.8273019	0.81008136	0.8160845	0.83326036	0.86767244	0.9040614	0.9090888	0.89753467	0.852266	0.8081278	0.7677114	0.7191463	0.64696217	0.57453775	0	0	0	0	0	0	
1	0	0	0	0	0.64475185	0.70800316	0.72307914	0.70763344	0.6694364	0.63293207	0.58698905	0.5436575	0	0	0	0	0	0	0	0	0	0	0	0	
1	0	0.9932565	1.0329074	0.9706375	0.8693972	0.82598764	0.86955655	0.8894655	0.8987476	0.88531554	0.85523325	0.81820595	0.75797546	0.6835729	0.62526655	0.5998314	0.5909785	0.5527601	0.51725274	0	0	0	0	0	
1	0	0	0	0	0	0	0	0.512916	0.5212403	0.51937366	0.505641	0	0	0	0	0	0	0	0	0	0	0	0	0	
1	0.51546556	1.0650735	1.2508262	1.2858284	1.2591606	1.2528821	1.254772	1.2489083	1.2289706	1.2055315	1.1872717	1.1542958	1.1098099	1.0539091	0.98683757	0.943773	0.9014833	0.84153336	0.7870465	0.7258447	0.63996834	0.52721995	0	0	
1	0.53034633	1.0006447	1.2298514	1.2416261	1.2242327	1.1884004	1.2245555	1.2198948	1.1856816	1.1576544	1.112791	1.0589759	0.99771476	1.0322493	0.9888776	0.9368742	0.8537358	0.7286262	0.66282135	0.64534247	0.67589575	0.60813147	0	0	
1	0	0	0.87970287	0.8555057	0.82687825	0	0	0	0.9640737	1.0351377	1.0796977	1.0867244	1.0687917	0.9781551	0.8983796	0.85229623	0.7610232	0.7672446	0.68974704	0.6163886	0.56522167	0	0	0	
1	0.50869954	1.0253596	1.2111549	1.3153082	1.2913165	1.2668719	1.2428362	1.2086313	1.2163875	1.214764	1.2002004	1.1703864	1.1314398	1.0913835	1.0398135	0.96176654	0.893265	0.8232495	0.78248817	0.73411673	0.6593778	0.54686797	0	0	
1	0	0.8674193	1.0473145	1.0378888	1.0255542	1.0308487	1.0570748	1.0808684	1.0769984	1.0520076	1.0398167	1.0166936	0.9844392	0.93358433	0.87415564	0.8002552	0.7251753	0.65894043	0.57127905	0	0	0	0	0	
1	0	0.97398126	1.1688548	1.2819158	1.2472554	1.1787128	1.1177028	1.056861	1.028052	1.0124408	0.9754812	0.9433618	0.9323585	0.9149174	0.8946871	0.8462555	0.8099682	0.7403083	0.6489818	0.5577873	0	0	0	0	
1	0	0.879042	0.9429616	0.96113545	0.910108	0.8642824	0.8088147	0.79013443	0.8601386	0.8956499	0.8917214	0.8496993	0.80223763	0.7406998	0.68575263	0.6512776	0.62703496	0.5958377	0.551339	0.52126837	0	0	0	0	
1	0	0.9888523	1.1686091	1.2352145	1.1620786	1.0762593	1.0863302	1.1004418	1.0730822	1.0355506	1.0199641	0.9986313	0.98101395	0.9428511	0.90175354	0.8341619	0.7765314	0.6966476	0.6085888	0.5465315	0	0	0	0	
1	0	0.79408985	0.70944506	0.7426378	0.87639546	0.7097071	0.6571067	0.59753954	0.56817496	0.54484606	0.5093465	0.5122924	0	0	0.6359737	0	0.5180092	0	0	0	0	0	0	0	
1	0	1.0324571	1.17729	1.1882057	1.161083	1.1081668	1.0640782	1.0793715	1.0839878	1.0714898	1.0290632	0.96230257	0.8999674	0.81775445	0.7457334	0.6774652	0.62470526	0.5342576	0	0	0	0	0	0	
1	0	0	0.7394114	0	0	0	1.0927823	0	0	0	0	0	0	0.8306648	0.7631765	0.6945177	0	0.5711151	0.5308068	0	0	0	0	0	
1	0	0.89973986	0.958971	0.9916656	0.9378676	0.880054	0.8275225	0.79011667	0.7485322	0.7017309	0.6630665	0.67317086	0.6894413	0.69813913	0.6833356	0.6417515	0.5985745	0.5480079	0	0	0	0	0	0	
1	0	0.9354628	1.1254517	1.0766907	1.0097573	0.9590672	0.93416613	0.9823167	1.0067961	1.0062093	0.9877021	0.9532628	0.91207516	0.8474921	0.78307706	0.72274303	0.6623198	0.595702	0.53687155	0	0	0	0	0	
1	0	0.88083196	0.8868135	0.95124245	0.9628722	0.9520702	0.9297096	0.92652565	0.899993	0.85530734	0.82781225	0.81414163	0.79468155	0.7486166	0.7021901	0.6444445	0.6281669	0.598256	0.56534696	0.50938344	0	0	0	0	
1	0	0.9410757	1.0473716	1.1020269	1.0349134	0.9910882	0.9624961	0.9457782	0.89119303	0.821518	0.80065084	0.77901536	0.7410832	0.6973694	0.63409704	0.5546237	0.5146621	0	0	0	0	0	0	0	
1	0	0.81495655	0.81798387	0.89244586	0.94675994	0.89213663	0.9476857	0.74420756	0.7189888	0.8738916	0.71953845	0.7270895	0.72861475	0.71658456	0.70622516	0.6913931	0.66788334	0.63842994	0.59082234	0.5285338	0	0	0	0	
1	0	0.87342507	0.90158796	0.96756756	0	0.932724	0.8757711	0.9475199	0.9219497	0.8609273	0.81693995	0.76118296	0.7386029	0.717027	0.676416	0.6465459	0.5991409	0.5555195	0.51162636	0	0	0	0	0	
1	0	0.96496105	1.1595068	1.2284977	1.1562676	1.0478816	0.983429	1.0155172	1.0162655	0.985517	0.9112514	0.8257486	0.7917537	0.77807325	0.7721551	0.7301833	0.702969	0.6588862	0.59054744	0.56598413	0	0	0	0	
1	0	0.89713466	0.98418576	0.9402793	1.0335011	1.0660281	1.0513579	1.0109854	0.9678153	0.9217939	0.86406565	0.84020406	0.8702038	0.87267536	0.84632456	0.8191929	0.7612375	0.70603085	0.61210525	0.5333055	0	0	0	0	
1	0	0.96780837	1.073032	1.0451682	0.971746	0.9503401	1.025595	1.0589696	1.0464528	0.997507	0.9245233	0.841372	0.7619522	0.68947804	0.6190842	0.5530227	0.5437908	0.53728914	0.5252468	0	0	0	0	0	
1	0	0.8997325	0.88534254	1.0191623	0.95809627	0.95642436	0.94078404	0.90614367	0.86061877	0.81736416	0.76277137	0.7055901	0.65622514	0.6884346	0.64548224	0.59429455	0.54935	0.5056035	0	0	0	0	0	0	
1	0	0.9077238	1.0043128	0.906249	0.85773844	0.7114246	0.8159696	0.6164409	0.5542658	0.8315159	0.8680968	0.86911	0.8576963	0.8186273	0.76500595	0.69206697	0.64353883	0.57618797	0.5164269	0	0	0	0	0	
1	0	0	1.0359001	0.95230657	0	0.81441194	0	0.80889326	0.8074226	0.6038253	0.7274053	0.65454817	0.593899	0.57664883	0.59755254	0.59287524	0.54978514	0.5155897	0	0	0	0	0	0	
1	0	0.9162023	0.98824614	1.0246297	0.97995526	0.94351625	0.93298405	0.8973747	0.8518067	0.8354186	0.81016976	0.7757478	0.74695474	0.7061435	0.6685698	0.62885296	0.5920815	0.5449141	0.5097967	0	0	0	0	0	
1	0	0.91860336	0.9993257	0.98084474	0.9030711	0.9219181	1.0124192	1.0635843	1.083275	1.071564	1.0339069	0.9715605	0.8883952	0.79448235	0.71554685	0.6790314	0.62068176	0.5773175	0.51654536	0	0	0	0	0	
1	0	0.8069803	0.8509121	0.76531315	0.7642536	0.78576	0.7694619	0.7258427	0.6754358	0.63162947	0.5887567	0.5603914	0.53956234	0.5075374	0	0	0	0	0	0	0	0	0	0	
1	0	0	0	0	0	0	0	0	0	0.6441393	0	0	0.52787554	0.5150001	0	0	0	0	0	0	0	0	0	0	
1	0	0.88839734	0.9775968	0.93099797	0.99472946	1.0147634	0.9956576	0.9369194	0.8544348	0.8215955	0.77639663	0.72603774	0.6624976	0.6043499	0.59316134	0.56203336	0.5257767	0	0	0	0	0	0	0	
1	0	0.7906845	0.80197376	0.8401709	0.8506002	0.92064327	0.93804735	0.9295787	0.9080403	0.8784891	0.84610677	0.8085797	0.7713448	0.7283958	0.6801482	0.62051016	0.5593353	0	0	0	0	0	0	0	
1	0	0.7875252	0.92879134	0.82914513	0.7692972	0.7284573	0.7054478	0.75165796	0.7561576	0.73684	0.7369814	0.73150635	0.7179108	0.68443036	0.6483578	0.60580313	0.5503813	0	0	0	0	0	0	0	
1	0	0.80333924	0.810993	0.9284142	0.883462	0.8304706	0.7643214	0.6998547	0.6550336	0.72427917	0.59981084	0.5792173	0.55090004	0.51395625	0.5420623	0	0	0	0	0	0	0	0	0	
1	0	0.85923475	0.8785629	0.7463371	0.7771654	0.8852524	0.86230534	0.8145977	0.76613194	0.56372803	0.6799114	0.6642059	0.6248449	0.5962021	0.5500206	0.5155929	0	0	0	0	0	0	0	0	
1	0	0	0.9380776	0.83584374	0	0.7254032	0	0.6823406	0.6503684	0.62627196	0.6383204	0.63390386	0.60160476	0.55691105	0.5226487	0.51781213	0	0	0	0	0	0	0	0	
1	0	0.85814166	0.92726004	0.89964384	0.87673414	0.80414987	0.7660721	0.72597355	0.7325081	0.7332531	0.7257737	0.7156362	0.69034946	0.65207046	0.6107946	0.5699898	0.52793145	0	0	0	0	0	0	0	
1	0	0.88433075	1.0015558	0.8989686	0.8107065	0.78099203	0.80243164	0.8713201	0.9043822	0.8926116	0.85519177	0.79233646	0.7323672	0.6681134	0.6088612	0.57871866	0.52970505	0	0	0	0	0	0	0	
1	0	0.8819868	0.96671873	0.9120334	0.9057274	0.843468	0.78134006	0.72358596	0.69970435	0.6993094	0.67718476	0.65905154	0.6381775	0.6082793	0.57408893	0.51989794	0.5418462	0	0	0	0	0	0	0	
1	0	0.9183613	1.0392957	0.96792394	0.91539776	0.8275927	0.7767428	0.81654775	0.7926	0.73802537	0.6961424	0.6761449	0.69037586	0.6830974	0.6751054	0.6370214	0.60103714	0.5501533	0	0	0	0	0	0	
1	0	0	0.74437624	0.76752603	0	0	0.5788498	0.57867026	0.559697	0.5862192	0.58651936	0.550419	0.50591344	0	0	0	0	0	0	0	0	0	0	0	
1	0	0.9501915	0.9836505	1.0136067	1.0448338	1.0636034	1.0512134	1.019715	0.9782283	0.9324206	0.91998696	0.88891155	0.8258373	0.78610563	0.7516456	0.6974649	0.6529451	0.59910154	0.5445365	0.51484317	0	0	0	0	
1	0	0.8776133	0.9990927	0.942242	0.86632276	0.8817997	0.89363694	0.87523574	0.8523576	0.8199787	0.78923327	0.74750924	0.70208013	0.672548	0.6592948	0.6152902	0.5609343	0.5038801	0	0	0	0	0	0	
1	0	0.9268131	1.0037035	1.0196639	1.003087	1.0424278	1.0315285	0.9837857	0.9797196	1.0174346	1.0340439	0.99131554	0.9322332	0.8852042	0.83106714	0.75261545	0.7081554	0.63051045	0.54745454	0.53435826	0.5011357	0	0	0	
1	0	0.92274636	1.0241861	1.005012	0.9171531	0.91464096	0.9705711	0.98362195	0.9446079	0.8677831	0.76576215	0.7418783	0.7046012	0.6590862	0.6146295	0.577327	0.54603106	0.50218403	0	0	0	0	0	0	
1	0	0.6993686	0.72591704	0.79667145	0.9272836	0.6577614	0.9706046	0.66561913	0.6853079	0.8361982	0.7060184	0.6988883	0.6848984	0.6625314	0.6390292	0.61303884	0.5831744	0.5563063	0.50395215	0	0	0	0	0	
1	0	0.8355892	0.90190953	0.9166255	0.87949497	0.9763951	0.7200852	0.93355817	0.8802864	0.66099846	0.80124736	0.7682464	0.7272735	0.69079995	0	0	0	0	0	0	0	0	0	0	
1	0	0.8622316	1.0032393	0.9359156	0.76723546	0.8055725	0.83977234	0.8498743	0.8119989	0.753843	0.7282981	0.69562554	0.64427984	0.64577776	0.62465143	0.60740876	0.55942893	0.51920485	0	0	0	0	0	0	
1	0	0.6499579	0.69249684	0.6656199	0.6476152	0.673587	0.6992086	0.71139145	0.7019722	0.67191637	0.6293488	0.5762043	0.53923994	0.5205358	0	0	0	0	0	0	0	0	0	0	
1	0	0.9244411	1.0303141	0.943109	0.8239786	0.88839144	0.9779248	1.0140885	1.0065382	0.9656201	0.91314524	0.84142935	0.772289	0.69072586	0.6105206	0.54364514	0	0	0	0	0	0	0	0	
1	0	0.630642	0.62219703	0.6234864	0.85125136	0.64421266	0.62751937	0.62078243	0.61866534	0.8218472	0.6037799	0.5766744	0.5372403	0.5095369	0.5359167	0	0	0	0	0	0	0	0	0	
1	0	0.7967352	0.9242902	0.82311237	0.7904753	0.92253196	0.9377775	0.91327286	0.86708087	0.8502754	0.77129716	0.7145767	0.66016215	0.5960158	0.51819754	0	0	0	0	0	0	0	0	0	
1	0	0	0	0	0	0.85247684	0	0.90159535	0.885657	0.53399104	0.78750056	0.7107586	0.6338055	0.55792165	0	0	0	0	0	0	0	0	0	0	
1	0	0.7244901	0.73694086	0.75489926	0.7223914	0.6817306	0.64160866	0.6209535	0.6012244	0.59514624	0.58343554	0.5551207	0.52944064	0.5214444	0.50355625	0	0	0	0	0	0	0	0	0	
1	0	0.7530588	0.89412177	0.8008567	0.7805757	0.7684131	0.77297217	0.73714703	0.7043058	0.6618315	0.6145074	0.5625725	0.5143211	0	0	0	0	0	0	0	0	0	0	0	
1	0	0.7195109	0.72213626	0.6816686	0.6501946	0.665564	0.6679416	0.652666	0.6261626	0.60361236	0.5746379	0.54766536	0.5092152	0	0	0	0	0	0	0	0	0	0	0	
1	0	0.73436475	0.88734007	0.7682581	0.7451111	0.6883858	0.7430232	0.65466976	0.75226235	0.70159316	0.5433217	0	0	0	0	0	0	0	0	0	0	0	0	0	
1	0	0	0	0	0	0.6892226	0	0.76719517	0	0	0.65532285	0.63147044	0.5992786	0.5483442	0	0	0	0	0	0	0	0	0	0	
1	0	0.7376663	0.7902679	0.7352598	0.7180919	0.75563467	0.78429437	0.78636736	0.76872027	0.7436295	0.71358466	0.6828538	0.6385652	0.5880734	0.5328889	0.50400597	0	0	0	0	0	0	0	0	
1	0	0.8259823	0.907517	0.89426243	0.8744301	0.8446489	0.8198414	0.7939743	0.7654923	0.73481286	0.69255435	0.6433361	0.5915419	0.52960795	0	0	0	0	0	0	0	0	0	0	
1	0	0.9674184	1.1782395	1.1837881	1.1736274	1.1844072	1.1842382	1.1429566	1.1463618	1.1327064	1.1000158	1.048398	0.99120235	0.9574863	0.98300624	0.97057015	0.9557887	0.9082782	0.82679117	0.7432321	0.6481341	0.5359497	0	0	
1	0	0.8730543	0.95090646	0.8693138	0.85600376	0.8174852	0.863349	0.93642986	0.94905645	0.91371125	0.8397729	0.75750965	0.6718144	0.58299345	0.5145813	0	0	0	0	0	0	0	0	0	
1	0	0.8939147	0.92493844	0.99878836	0.9728556	0.96690285	0.9609172	0.94384164	0.9076748	0.85322523	0.785405	0.7440247	0.7467228	0.7510813	0.7454517	0.72066	0.6875131	0.6331441	0.5672699	0.51083195	0	0	0	0	
1	0	0.755223	0.88173956	0.94119346	0.949301	0.8928863	0.83560824	0.8109989	0.8330211	0.8679017	0.86945015	0.8449362	0.8023494	0.7511225	0.69711095	0.6442738	0.5857235	0.52892894	0	0	0	0	0	0	
1	0	0.8045615	1.0548548	1.1138047	1.1012897	1.09443	1.1271945	1.100836	1.1252587	1.1025556	1.0457664	0.964933	0.871599	0.76734847	0.70125866	0.63419443	0.5684787	0.5068435	0	0	0	0	0	0	
1	0	1.0062367	1.1207271	1.0458053	0.9911215	0.9435201	1.0105152	1.0501097	1.0477729	0.9995327	0.9096381	0.8128914	0.7263837	0.6390086	0.58427465	0.54897815	0.5000949	0	0	0	0	0	0	0	
1	0	0.9228417	1.134296	1.0937709	1.0831677	1.0768888	1.0491637	1.0094285	0.9571495	0.8963203	0.82328683	0.75796103	0.74946976	0.7151662	0.68019795	0.62550604	0.5912193	0.5548169	0.5016346	0	0	0	0	0	
1	0	1.0317239	1.2172787	1.1317902	1.0809698	1.1341753	1.1168615	1.077132	1.1254928	1.1228557	1.0696892	0.9816452	0.89655066	0.85071737	0.7956886	0.7309883	0.65434664	0.5888984	0.52081436	0	0	0	0	0	
1	0	1.0835227	1.2148254	1.288706	1.2936674	1.260551	1.2522321	1.2396252	1.208525	1.1750364	1.1521395	1.1272287	1.1027333	1.0528284	1.0172645	0.95213974	0.890437	0.80463296	0.7129366	0.67748654	0.6383177	0.562398	0	0	
1	0	1.0438505	1.1118228	1.1603688	1.1154447	1.0642377	1.0368994	1.1503311	1.216456	1.2244124	1.1979482	1.1514968	1.1054032	1.0856234	1.0246106	0.982524	0.9514712	0.888632	0.833682	0.7711948	0.6746221	0.54690295	0	0	
1	0.55315673	1.038966	1.2736101	1.2959633	1.2791737	1.2531728	1.2392125	1.2180295	1.2098947	1.1969469	1.1632167	1.1453497	1.118332	1.1092696	1.1045605	1.1294588	1.1060199	1.0524865	0.97019154	0.81966436	0.7119347	0.5816928	0.5010008	0	
1	0	0.9836431	1.0869123	1.0980833	1.1082032	1.1804463	1.2143989	1.2460036	1.2691032	1.2845213	1.2854952	1.2727699	1.2620754	1.2481861	1.2280797	1.2034879	1.1874745	1.1301733	1.0326859	0.97862476	0.8745644	0.716347	0.61485887	0	
1	0.59988564	1.0802152	1.1911936	1.306753	1.278743	1.2503304	1.2344354	1.2053878	1.1715316	1.1805868	1.2457889	1.2535261	1.2452651	1.2737967	1.2750267	1.2663801	1.2145883	1.1856027	1.168216	1.0956824	0.96152306	0.886432	0.79952985	0.5967378	
1	0	1.0510778	1.1976926	1.2029592	1.1630403	1.1828215	1.181452	1.174891	1.1617402	1.1544003	1.1527666	1.1362199	1.117629	1.0849274	1.0634356	1.0057142	0.9249868	0.7774678	0.7836028	0.732839	0.67963237	0.56160915	0	0	
1	0.51262915	0.9351522	1.2116191	1.237742	1.2117504	1.2139124	1.2123469	1.2023543	1.2228968	1.2264998	1.2638474	1.2799596	1.2615821	1.2395931	1.1837052	1.1564544	1.1412377	1.2100879	1.2493263	1.1512854	1.0561506	0.97530603	0.8653307	0.7255989	
1	0	0.83948386	0.93330216	1.0001425	0.9920472	0.9986829	1.0169863	1.0105063	0.9919012	1.0417848	1.0690231	1.0604405	1.0500755	1.0245175	0.98282295	0.9597255	0.90399855	0	0	0	0	0	0	0	
1	0	0.9576979	1.1136363	1.0154177	0.9945951	1.0193237	1.0555735	1.0655912	1.0550766	1.0305887	1.0343598	1.007473	0.97508633	0.91914713	0.8483371	0.79213524	0.7247269	0.6576021	0.6043087	0.5195329	0	0	0	0	
1	0	0	0.72073203	0.7581889	0.7209631	0.6870433	1.1137366	1.1656915	1.187253	1.1763539	1.1592218	1.1234536	1.0680695	1.0026225	0.9212724	0.8729635	0.83772516	0.77863926	0.7257684	0.6644374	0.5687661	0.50707984	0	0	
1	0.52214515	1.0755348	1.2892057	1.3334091	1.3106915	1.2823986	1.2757543	1.2682424	1.2455736	1.2263445	1.1956275	1.1864525	1.1975274	1.1874654	1.1869639	1.1445131	1.102919	1.0572118	0.96883404	0.8332123	0.7506215	0.6384926	0.5536761	0	
1	0	0.5263857	0	0.73160475	0.8537093	0.8841522	0.65228075	0.93415743	1.045852	1.110419	1.148983	1.1192455	1.0785059	1.0108346	0.92675376	0.8641544	0.7860772	0.69692713	0.60800636	0.53452605	0	0	0	0	
1	0.5480086	1.0961998	1.2894514	1.3331622	1.3201948	1.298435	1.2906121	1.2673662	1.2467319	1.2298315	1.2099824	1.2298428	1.245592	1.2258523	1.2047752	1.1554105	1.0993209	1.1021764	1.0626657	0.9424242	0.88368106	0.77258074	0.6351008	0	
1	0	0.5483459	0.7160785	0	0.69383544	0.7604159	0.82245886	0.86174655	0.83107513	0	0	0	0	0	0	0	0	0	0	0	0	0	0	0	
1	0	0.6151096	0.71800447	0.669395	0.6004516	0.562897	0.5260924	0	0	0	0	0	0	0	0	0	0	0	0	0	0	0	0	0	
1	0	0	0	0	0	0	0	0	0	0.50940615	0.5369111	0.5590068	0.54757226	0.52128935	0	0	0	0	0	0	0	0	0	0	
1	0.5783061	1.0775331	1.2808571	1.2952641	1.2608553	1.2636131	1.2726179	1.2677038	1.2577504	1.2449337	1.2301972	1.2128884	1.1853273	1.1527182	1.1025393	1.0969387	1.0614084	1.0351593	0.99776673	0.9026659	0.8410167	0.75461864	0.6081973	0	
1	0	0	0	0	0	0	0.52949166	0	0	0	0	0	0	0	0	0	0	0	0	0	0	0	0	0	
1	0.5749438	1.0918148	1.2674891	1.3113333	1.2937994	1.2550163	1.2672234	1.2598093	1.2462857	1.2296689	1.2099229	1.1856906	1.1560395	1.1455708	1.1122171	1.0996428	1.052929	0.9657119	0.9007906	0.79127574	0.6857831	0.58105177	0	0	
1	0	0	0	0	0	0	0	0	0	0	0	0.6628838	0.6130013	0.56195956	0.50215554	0	0	0	0	0	0	0	0	0	
1	0.51951426	1.0448184	1.2951152	1.3277476	1.3228118	1.305221	1.296563	1.2823603	1.2679374	1.2450588	1.2288845	1.2042323	1.1865232	1.1438097	1.1107287	1.0474683	1.0537689	1.0207309	1.0215583	0.9362229	0.79962534	0.7056516	0.6260903	0	
1	0	0.8800435	1.0723193	0.5507576	0.8664446	1.1072335	1.165259	1.214544	1.044437	0.98963237	1.2322637	1.2217005	1.1851811	1.1349978	0	1.0667961	1.0877941	1.077335	0.98117894	0.8922259	0.7904736	0.64834064	0	0	
1	0.5803125	1.0514334	1.2188104	1.2926315	1.2959914	1.2802192	1.2836183	1.280935	1.2810156	1.2725406	1.2570364	1.258968	1.2418059	1.24516	1.2120672	1.1882073	1.1390778	1.0641054	1.0488511	0.9544921	0.89211535	0.8049433	0.6387759	0	
1	0	0.7559976	1.2804741	0.945139	0	0.99613166	1.0135318	1.2914848	1.285779	0	0	1.2445053	1.2594234	1.255354	1.2444527	1.2009887	1.1335568	1.0912119	1.0186262	0.9000222	0.8069489	0.70741326	0.5639836	0	
1	0	0.9572367	0	0	1.2936537	0	1.2844131	0	0	1.2320025	0	0	0	0	1.0695431	0	0.939736	0	0	0	0	0	0	0	
1	0	1.0625967	1.2967734	1.3332164	1.297984	1.3010693	1.0274922	1.263175	1.2465212	0	1.2152236	1.2027742	1.2138591	1.2018957	1.189179	1.1434046	1.0653541	1.0273721	0.96329963	0.8708566	0.753165	0.63478076	0.56953543	0	
1	0.50376767	1.0045336	1.1156482	1.2143781	1.2258606	1.241474	1.2270577	1.1973423	1.162219	1.1602428	1.1479356	1.1139443	1.120091	1.1413776	1.1565045	1.1445649	1.1159376	1.0261022	0.9599649	0.8426704	0.701333	0.61193836	0	0	
1	0	1.013383	1.1748474	1.1950274	1.1466986	1.113445	1.1512836	1.1501275	1.1318781	1.1294993	1.1045848	1.0529588	0.9807281	0.8885418	0.79144084	0.76127994	0.74125767	0.70382744	0.63947237	0.54715127	0	0	0	0	
1	0.58762574	1.1338073	1.283154	1.2759329	1.2509223	1.2450527	1.2509048	1.253334	1.2446611	1.2302934	1.2162712	1.1803571	1.1423136	1.1082096	1.15417	1.157908	1.1357135	1.0486919	0.99281	0.8839879	0.82756144	0.7257441	0.5666791	0	
1	0	1.0596606	1.2652621	1.2871071	1.244337	1.2131311	1.1937551	1.150205	1.1095537	1.0684506	1.0180564	0.97466475	0.9917913	0.9845843	0.98181355	0.9296108	0.8765797	0.7793734	0.6720689	0.64186096	0.6034669	0.5139113	0	0	
1	0	0	0	0	0	0	0	0	0.500835	0	0.54162824	0.5521536	0.53577334	0.5070288	0	0	0	0	0	0	0	0	0	0	
1	0	0.9270791	1.0291455	1.1210594	1.108468	1.0855647	1.0714444	1.0511934	1.0067137	0.9406783	0.8507392	0.87673885	0.8692385	0.83883816	0.8079824	0.7770321	0.70694035	0.6417946	0.5645223	0	0	0	0	0	
1	0	0.99151635	1.1113727	1.0894697	0.9766506	0.9002861	0.94043344	0.9431236	0.9048609	0.8474274	0.81744796	0.8104224	0.83238095	0.81612647	0.7928805	0.7479359	0.6727623	0.58130634	0	0	0	0	0	0	
1	0	0.8999275	1.0081675	0.9799614	0.9434324	0.9770927	1.0085986	1.0119033	0.9796344	0.9181986	0.855495	0.82723355	0.8115899	0.78523487	0.74057704	0.68100977	0.62139976	0.58260965	0.5390488	0	0	0	0	0	
1	0	0	0.6622237	0.6604826	0.66363853	0	0.72380596	0.7421303	0.772958	0.7749371	0.7575914	0.7065083	0.6901177	0.67105967	0.6376653	0.6236716	0.5991508	0.55897754	0	0	0	0	0	0	
1	0	0.99169046	1.1416996	1.1307104	1.0168738	0.98276776	0.9809646	0.9568805	0.9272949	0.88649595	0.836269	0.7879401	0.7300266	0.67922425	0.6298755	0.5995696	0.57455844	0.52431375	0	0	0	0	0	0	
1	0	0.8468584	0.8876552	0.871262	0.852961	0.8806351	0.8888953	0.86522853	0.85940236	0.8433332	0.8200986	0.7914444	0.76765007	0.7412524	0.7005955	0.6553479	0.6146364	0.56962043	0.50188327	0	0	0	0	0	
1	0	0.8539608	1.0453168	1.1827253	1.197402	1.1377195	1.0658308	0.9839752	0.88971394	0.7933691	0.6885685	0.59663355	0.5223431	0	0	0	0	0	0	0	0	0	0	0	
1	0	0.9603385	1.1207279	0	0	0	0	0.64214814	0.97885925	0.9675083	0.9365891	0.88857174	0.84082794	0.77946657	0.71430874	0.65689176	0.6067447	0.5627011	0.51170355	0	0	0	0	0	
1	0	0.92501616	0.9338072	0.8809041	0.8942759	0.9248141	0.9264916	0.9119268	0.93458694	0.9600029	0.9693668	0.95825744	0.91992044	0.85758024	0.7777807	0.71674	0.6463585	0.5797487	0	0	0	0	0	0	
1	0.5232548	1.048787	1.1987811	1.2359679	1.2578816	1.2060982	1.1518583	1.0983169	1.0326778	0.9606278	0.9121146	0.890988	0.8593293	0.83522195	0.8372685	0.8270508	0.80310196	0.7710014	0.69393134	0.62274885	0.5507508	0	0	0	
1	0	0	0	0	0	0	0	0	0.5743006	0.5982036	0	0	0	0	0	0	0	0	0	0	0	0	0	0	
1	0.6364741	1.1278787	1.3014128	1.3234814	1.2882882	1.2677457	1.2599397	1.2486459	1.2337662	1.2135819	1.1865547	1.1923157	1.1793404	1.1261613	1.1366998	1.0984112	1.0721382	0.9899995	0.9838536	0.92083144	0.80694556	0.73957086	0.61661863	0	
1	0.5349621	1.0668769	1.1935517	1.2780662	1.3071758	1.2807394	1.2468618	1.2158425	1.1863582	1.2087275	1.2313826	1.2458104	1.241264	1.2282767	1.1949104	1.1606854	1.0899835	1.0188434	0.9427117	0.81813633	0.70907485	0.588669	0	0	
1	0	0	0	0	0	0.50373936	0.53459877	0.5279952	0	0	0	0	0	0	0	0	0	0	0	0	0	0	0	0	
1	0	0.6337383	0	1.1891956	1.252818	0	1.2437557	0	1.1504562	1.0973588	1.0295268	0	0	0.8114519	0.7530763	0	0.6162439	0	0	0	0	0	0	0	
1	0.585293	1.0834638	1.2575955	1.324134	1.3119136	1.2677897	1.0426354	1.2198576	1.1959885	1.1960071	1.2105229	1.2249312	1.2106829	1.1842111	1.2233063	1.2107775	1.1825658	1.0997794	0.9906249	0.90924925	0.7882215	0.6409356	0.53120404	0	
1	0	0.88548213	1.2237312	1.2060225	1.2190456	1.2128977	1.2034492	1.1764883	1.1241939	1.06591	1.0001911	0.9206263	0	0.76492196	0.6846649	0.60406774	0.52393	0	0	0	0	0	0	0	
1	0	1.0423363	1.2195554	1.1932766	1.1664705	1.1604354	1.1581752	1.1411121	1.1591393	1.1848562	1.1842121	1.142169	1.1151261	1.1176116	1.0799907	1.0314103	0.9393835	0.90163076	0.8516976	0.77332264	0.71651334	0.6167963	0	0	
1	0.5364509	1.0535692	1.1745911	1.2126819	1.1753131	1.1671258	1.1848066	1.1776854	1.1396552	1.078193	0.99834764	0.90976524	0.8253855	0.8250171	0.8321612	0.8473076	0.85253876	0.85788655	0.8048138	0.77196085	0.691129	0.5511924	0	0	
1	0	0	0	0	0.7747591	0	0.6838333	0	0	0.75973934	0	0	0	0	0.60733867	0	0	0	0	0	0	0	0	0	
1	0	0.9337738	1.0080507	0.99212337	1.0477096	1.0607308	1.0358709	0.9893375	0.933524	0.89206624	0.84401894	0.78812134	0.73336416	0.67408687	0.6117294	0.56076515	0.53080356	0	0	0	0	0	0	0	
1	0	1.0113869	1.1670516	1.2058319	1.1727647	1.1762191	1.1685874	1.166736	1.1601683	1.1419158	1.1159091	1.1076347	1.0881816	1.0696585	1.0166554	0.9656091	0.9136416	0.8406431	0.8187518	0.74662614	0.6414317	0.56902456	0	0	
1	0	0.53343844	0	0	0	0	0.53501636	0.56011695	0.5704315	0.561537	0.5397639	0	0	0	0	0	0	0	0	0	0	0	0	0	
1	0	0.86511374	0.9778215	1.0126922	1.0003921	0.9936109	0.9857979	0.96774703	0.9311914	0.8766994	0.80227405	0.725903	0.6515192	0.6066647	0.5577929	0.5120785	0	0	0	0	0	0	0	0	
1	0.54362404	1.0496161	1.1008106	1.0623018	1.0155828	1.0252057	1.0579449	1.0892931	1.1220084	1.1387926	1.1479418	1.1451397	1.1218646	1.095128	1.0816058	1.0403436	1.0094087	0.9509797	0.8555765	0.8027632	0.72018015	0.59756136	0	0	
1	0	1.0346421	1.1738617	1.1829516	1.1722257	1.1256988	1.0506814	1.0325308	1.063133	1.0800834	1.083802	1.0705502	1.0309507	0.9636961	0.89308095	0.8429282	0.7813665	0.7057506	0.61680543	0.5408159	0	0	0	0	
1	0	0	0.51918465	0	0	0	1.0713043	1.0790565	1.0721898	1.0479242	1.0053688	0	0	0.5261926	0	0	0	0.5252651	0	0	0	0	0	0	
1	0	0.9621551	1.0035541	1.0320874	1.0916195	1.1008933	1.0778421	1.0361772	0.9817249	1.0195037	1.0436313	1.0487287	1.0327858	0.9964962	0.9526724	0.90235144	0.8310475	0.77549	0.6767942	0.6066982	0.51715934	0	0	0	
1	0	1.0429128	1.1469746	1.1261411	1.1092714	1.0651395	1.0189319	1.0189307	1.0019432	0.96032906	0.9427482	0.9571282	0.96309155	0.9388054	0.89717346	0.83856237	0.75863373	0.6784981	0.5852649	0	0	0	0	0	
1	0	0.9348432	1.0254302	1.0693218	1.1391854	1.1559552	1.1465341	1.1263682	1.0989518	1.0682795	1.0388988	1.0645506	1.0797594	1.0664533	1.0556282	1.0006692	0.94784325	0.8620163	0.7564158	0.64730954	0.5278241	0	0	0	
1	0	0	0	0.7468339	0.7095097	0.7029906	0	0.9335303	1.00951	1.0573518	1.063397	1.0517728	1.0127265	0.9535492	0.90255123	0.83119154	0.7633203	0	0.6500777	0.5762432	0.52536297	0	0	0	
1	0	0.73467416	0.8379743	0.7572177	0.79506266	0.7931493	0.75912076	0.706753	0.6502016	0.60390455	0.60380495	0.61358756	0.6059159	0.5920811	0.55584943	0.52016175	0	0	0	0	0	0	0	0	
1	0	0.85634446	1.0327395	1.0834084	1.0529358	0.9838094	0.9030868	0.8450729	0.7863349	0.75649554	0.73805064	0.7126259	0.67482466	0.61261827	0.560331	0.51661915	0	0	0	0	0	0	0	0	
1	0	0	0	0.54589087	0.55721724	0.5027783	0	0	0	0	0	0	0	0	0	0	0	0	0	0	0	0	0	0	
1	0	0.7283858	0.7717375	0.77444243	0.85345584	0.8654251	0.84224194	0.80207044	0.7482367	0.6884461	0.6203556	0.5572827	0.52517325	0	0	0	0	0	0	0	0	0	0	0	
1	0	0.8306256	1.0008446	0.9800184	0.9148897	0.83683443	0.77914906	0.7219799	0.67797565	0.6649496	0.65670675	0.66193026	0.66341376	0.66214067	0.6302182	0.6037749	0.5641917	0.55973864	0.53214264	0	0	0	0	0	
1	0	0.880043	0.8899463	0.7773862	0.69682205	0.71449995	0.72950745	0.7196155	0.68656987	0.65220743	0.6046334	0.55184853	0.50538254	0	0	0	0	0	0	0	0	0	0	0	
1	0	0	0.94109476	0.8885511	0.8023974	0.8676733	0.87488925	0.8455006	0.7916013	0.7972199	0.77070886	0.7162714	0.6730305	0.61599857	0.55815893	0.5073544	0.51608634	0	0	0	0	0	0	0	
1	0	0.99438745	1.1649772	1.1909479	1.1733418	1.1458024	1.126033	1.1070563	1.0687994	1.0121914	0.9707802	0.9604877	0.9398882	0.9138098	0.8510988	0.7950237	0.72241366	0.65122926	0.5783688	0.52366984	0	0	0	0	
1	0	0.6183169	0.6791838	0.5528623	0.67568654	0.76442105	0.79605114	0.8020033	0.78784573	0.7580707	0.70662487	0.6417542	0.5742434	0.5034743	0	0	0	0	0	0	0	0	0	0	
1	0	0.9265993	1.137869	1.1434311	1.0848837	1.0709677	1.0417858	0.99190277	0.9948169	1.0441507	1.067625	1.051793	1.0033224	0.9275087	0.8442072	0.74692106	0.6461405	0.54689413	0	0	0	0	0	0	
1	0	0.7776183	0.8804396	0.7908192	0.74463713	0.73654515	0.79172605	0.8371681	0.85958785	0.85776335	0.8358671	0.78929347	0.72836906	0.6633485	0.6150845	0.58009934	0.5316129	0	0	0	0	0	0	0	
1	0	0.97723854	1.203717	1.2571973	1.251688	1.2274699	1.2142555	1.2064675	1.1955442	1.1823759	1.1829121	1.1527143	1.130951	1.0813954	1.0366995	1.0069076	0.9584478	0.873702	0.8024415	0.7021053	0.58565605	0	0	0	
1	0	0.94600165	1.0476373	0.9231519	0.8223546	0.8440134	0.8487794	0.8296478	0.812985	0.8090679	0.75783384	0.72577715	0.7140851	0.69076633	0.6458616	0.60796744	0.56873	0.5321916	0.5092561	0	0	0	0	0	
1	0	0	0	0.5149566	0	0	0	0	0	0	0	0	0	0	0	0	0	0	0	0	0	0	0	0	
1	0	0.9816395	0	1.0491377	1.0896467	0	1.0721668	0	0.94883746	0.8843356	0.81826925	0	0	0.61718297	0.5598736	0.5016024	0	0	0	0	0	0	0	0	
1	0	1.0680714	1.1604533	1.153547	1.0958697	1.1061949	0.8236456	1.0159646	0.8266403	0.808313	0.79720676	0.7659422	0.7244744	0.6693991	0.67919683	0.65839064	0.64235437	0.6011576	0.54274213	0.5042371	0	0	0	0	
1	0	1.0349386	1.154658	1.1872717	1.193141	1.1635281	1.1220329	1.072449	1.0689261	1.0356151	0.9678267	0.886705	0.8476854	0.81337	0.7429489	0.6650674	0.60787857	0.5802376	0.54943883	0	0	0	0	0	
1	0	0.93923366	1.032546	0.98269147	0.84349716	0.8028746	0.79141307	0.77296096	0.77970755	0.7778529	0.75075245	0.7132714	0.675658	0.64360976	0.60216075	0.569786	0.52328205	0	0	0	0	0	0	0	
1	0	0	0	0	0.5200117	0.5524735	0.5563262	0.5405639	0.518825	0	0	0	0	0	0	0	0	0	0	0	0	0	0	0	
1	0	0.9705474	1.0817287	1.0295227	1.0362915	0.99186325	0.9133505	0.8511867	0.7982117	0.74875253	0.7023097	0.6774176	0.6431934	0.64149356	0.63028556	0.58705103	0.5365356	0.50540274	0	0	0	0	0	0	
1	0	0.91617996	1.0131576	0.94080037	0.96159494	0.92274326	0.8360107	0.75719714	0.7203039	0.7108402	0.69084066	0.6512764	0.6196183	0.57442456	0.5349266	0.503783	0	0	0	0	0	0	0	0	
1	0	0.8970297	0	1.1050204	1.135959	0	1.0465763	0	0.90402204	0.8293043	0.76803935	0	0	0.6213368	0.5722665	0	0	0	0	0	0	0	0	0	
1	0	1.0193157	1.0994898	0	0	1.1042581	1.0925754	1.0971078	1.0800018	1.0402586	0.9822932	0.9064155	0.81716645	0.721767	0.62352794	0.55726373	0.51412666	0	0	0	0	0	0	0	
1	0	0.9782919	1.0194681	1.027718	0.9858242	1.0263437	1.0109401	1.0109147	0.9853124	0.9268382	0.84789	0.76685935	0.76406825	0.74381244	0.72098494	0.67752707	0.6433275	0.5948184	0.5215361	0	0	0	0	0	
1	0	0.9896831	1.0669956	1.0524955	1.0889038	1.051388	0.9896053	0.92182434	0.84390163	0.7699037	0.83857393	0.88046056	0.90345436	0.90678746	0.88465035	0.8366965	0.7663505	0.6899646	0.5937826	0	0	0	0	0	
1	0	1.04812	1.164113	1.1989789	1.211217	1.1711273	1.1335437	1.0806521	1.0000015	0.9268913	0.893852	0.85218203	0.78754073	0.7146401	0.65978086	0.60507834	0.555441	0.50128007	0	0	0	0	0	0	
1	0	0	0.52813715	0.92238104	0.90891737	0	0	0	0	0	0.8974315	0.92182595	0.91775763	0.8841884	0.85764754	0.81790364	0.7549257	0.6722643	0.58006597	0.5056763	0	0	0	0	
1	0	1.0786958	1.1897571	1.2531885	1.2445742	1.2316455	1.22692	1.2006093	1.144129	1.0869291	1.0718833	1.039817	0.9928032	0.9220861	0.83550924	0.76051074	0.69696516	0.65376264	0.6232386	0.5534386	0.50599164	0	0	0	
1	0	0	0.58724535	0.6635475	0.6304978	0.55034155	0	0	0	0	0	0	0	0	0	0	0	0	0	0	0	0	0	0	
1	0	1.1089914	1.2104113	1.2186682	1.1893036	1.2096857	1.1905831	1.1477377	1.0951437	1.0419985	0.97894037	0.91577655	0.94003296	0.9458874	0.9241754	0.8910722	0.84030277	0.7617613	0.7047422	0.6226994	0.5180931	0	0	0	
1	0	0	0	0	0	0	0	0.9217842	0.9059008	0.87588674	0	0	0	0.66697955	0.6569733	0.64021105	0.8421009	0.77521694	0.7183489	0.6236339	0	0	0	0	
1	0	1.067252	1.2946198	1.2927641	1.2532374	1.2256974	1.2048826	1.1778792	1.1414168	1.0933872	1.0506872	0.99735665	0.9966401	0.9820659	0.95174986	0.90570605	0.8340051	0.7630816	0.743152	0.68176055	0.65581304	0.56716555	0	0	
1	0	0	0	0	0	0.51519614	0.53846365	0.5484052	0.5439396	0.5275112	0	0	0	0	0	0	0	0	0	0	0	0	0	0	
1	0.5115688	1.0810381	1.2832016	1.2573665	1.2064402	1.1965755	1.1706877	1.1382469	1.1170368	1.084694	1.0529509	1.0046164	0.9567996	0.9393589	0.91932607	0.85842615	0.7738353	0.7284242	0.69782555	0.6878357	0.63037807	0.5242552	0	0	
1	0	0.62669694	0.8196717	0.72170377	0.7280732	0.7506416	0.7766522	0.7836331	0.7409874	0.6769984	0.635042	0.60224843	0.57380605	0.5466663	0.51370203	0	0	0	0	0	0	0	0	0	
1	0	0.98985964	1.1145775	1.128615	1.0700487	0.9998401	1.0867215	1.1539979	1.2013472	1.2201207	1.2051651	1.1811293	1.145876	1.0992353	1.0467572	0.99846137	0.9220906	0.84448814	0.7652049	0.6608646	0.5443599	0	0	0	
1	0	0	0.53168076	0.5050174	0	0	0	0	0	0	0	0	0	0	0	0	0	0	0	0	0	0	0	0	
1	0.52097774	1.0177232	1.1377976	1.0785304	1.0854161	1.0754676	1.0963254	1.1114081	1.1483728	1.181916	1.1952363	1.2086761	1.2023689	1.1557342	1.1115917	1.0319898	0.96916944	0.8804368	0.8171729	0.71073264	0.64362717	0.548861	0	0	
1	0	1.0324017	1.2254571	1.2325679	1.1590247	1.1120837	1.1945412	1.2071592	1.1997405	1.1837608	1.1525538	1.1035725	1.0675145	0.98732406	0.8873018	0.8006134	0.6954233	0.5891178	0	0	0	0	0	0	
1	0	0.6532834	0	0	0	0	0	0	0.82996356	0.8453081	0.82255113	0.7797938	0	0	0.6948423	0.69752043	0.6953149	0.66688937	0.6208167	0.5675649	0	0	0	0	
1	0	0.90571934	1.0690022	1.096709	1.0654895	1.068468	1.0369703	0.989224	0.94598305	0.9174187	0.9037252	0.8963135	0.8818634	0.8622887	0.82490784	0.7972594	0.73819774	0.65904593	0.56534034	0.5057584	0	0	0	0	
1	0	1.0154076	1.1961472	1.1758413	1.1809096	1.1760287	1.1373876	1.0837209	1.012098	0.93266255	0.8619666	0.8366638	0.8396343	0.83592063	0.8047841	0.76032495	0.6902482	0.6385777	0.56712496	0.51079196	0	0	0	0	
1	0	0.9362428	1.1082797	1.1210113	1.1467767	1.2157936	1.2270826	1.2010244	1.1590912	1.1152306	1.0604666	1.0336883	1.0721011	1.0930818	1.1217616	1.1035055	1.0832775	1.0042423	0.93204296	0.8021048	0.700649	0.6022091	0	0	
1	0	1.0003282	1.1185514	1.0984297	1.0655688	1.0587428	1.0525668	1.0626656	1.053746	1.0219978	0.96947306	0.8985116	0.82625836	0.7459582	0.6761796	0.6201517	0.5699019	0.5290369	0	0	0	0	0	0	
1	0	0	0.57158226	0	0	0	0	0	0	0.7883251	0.746363	0.681017	0.61367947	0.5387268	0	0	0	0	0	0	0	0	0	0	
1	0	0.93668956	1.0611099	1.1012511	1.0549502	1.0289769	1.0206468	1.0093575	0.9768706	0.9202694	0.88513774	0.8473136	0.80249745	0.7657449	0.7339334	0.68476963	0.63718	0.5928064	0.5331511	0	0	0	0	0	
1	0	0.5437649	0.55942905	0.66158557	0.70334995	0.7008231	0.6840096	0.67410433	0.6692994	0.79342324	0.64963126	0.61649716	0.57475555	0.5106535	0	0	0	0	0	0	0	0	0	0	
1	0	0.9356893	1.0025252	1.0709138	1.046413	1.0254189	1.0061914	0.9837828	1.0122222	1.0421329	1.042869	1.0149167	0.9634586	0.8847554	0.80124146	0.715961	0.62722844	0.55062604	0	0	0	0	0	0	
1	0	0	0	0	0	0	0	0	0	0	0	0	0	0	0	0	0	0.5865291	0.52352136	0	0	0	0	0	
1	0	0.7694011	0.8948829	0.8598498	0.90989166	0.9051852	0.8787257	0.84146285	0.79527473	0.7407217	0.7013378	0.67624944	0.6438631	0.59164673	0.54768455	0.5086253	0	0	0	0	0	0	0	0	
1	0	0.86218387	0.9338238	0.88177854	0.8457327	0.80131686	0.7594971	0.7127672	0.656646	0.64223903	0.6263258	0.60954696	0.5912752	0.5763329	0.5746968	0.56222594	0.5374392	0.52242935	0	0	0	0	0	0	
1	0	0.67963755	0.82330096	0.7618418	0.7569663	0.7524981	0.75216067	0.7233311	0.6833354	0.64749503	0.6357126	0.62465674	0.59894145	0.57845217	0.5458991	0.51240075	0	0	0	0	0	0	0	0	
1	0	0.8803049	0.9600636	0.96896356	0.95502543	0.93224573	0.9077047	0.87549716	0.8341751	0.7927402	0.7485674	0.69402474	0.6412572	0.6117183	0.5619787	0.50765103	0	0	0	0	0	0	0	0	
1	0	0.7971863	0.9004891	0.8463219	0.8287002	0.8405404	0.84589577	0.85024685	0.81589246	0.77581775	0.7461956	0.6966746	0.6408508	0.587682	0.5596922	0.5405212	0.5222027	0	0	0	0	0	0	0	
1	0	1.0178865	1.1287276	1.0695328	0.97636545	0.90249664	0.9756245	1.0260072	1.0457892	1.0338618	0.98553884	0.94253945	0.9670089	0.94880104	0.9174961	0.86836827	0.78581727	0.68142766	0.5830746	0.5666147	0.5059403	0	0	0	
1	0	0.7594777	0.88311064	0.83504725	0.8321327	0.8209634	0.7827252	0.7354343	0.70327616	0.6779754	0.6241298	0.59145916	0.58620864	0.5735311	0.5433136	0.5304916	0.5019207	0	0	0	0	0	0	0	
1	0	0.85423523	0.933291	0.9240561	0.9275232	0.9382733	0.94274056	0.9296732	0.9078904	0.86585253	0.8070781	0.73739034	0.6629063	0.5880221	0.52785873	0	0	0	0	0	0	0	0	0	
1	0	0.8395798	0.8883473	0.8274009	0.79854333	0.86006886	0.8698942	0.8896713	0.9215269	0.8991491	0.8456427	0.8129623	0.7789678	0.72832245	0.69167185	0.6524999	0.60486317	0.5467972	0	0	0	0	0	0	
1	0	0.8488403	0.9377358	0.82625	0.8036181	0.78678834	0.75952715	0.7156802	0.6650567	0.620323	0.62416786	0.6071494	0.57478106	0.5386875	0	0	0	0	0	0	0	0	0	0	
1	0	0.8619827	0.9242518	0.92287433	0.86439323	0.9128357	0.914147	0.8790169	0.8330555	0.8152995	0.7799401	0.7633879	0.74339753	0.7141994	0.6768967	0.6326146	0.60648805	0.578933	0.5547818	0	0	0	0	0	
1	0	0.8792411	0.96027666	1.0436022	1.0668174	1.0426573	0.9858348	0.912315	0.9170277	0.91274667	0.89281416	0.86665416	0.8327264	0.78242415	0.72881335	0.6811716	0.6213016	0.55352515	0	0	0	0	0	0	
1	0	0.9078947	1.0520264	1.0211369	1.0034251	1.0475702	1.0727305	1.0803807	1.0681882	1.0377287	0.9885565	0.92707914	0.87022966	0.85581315	0.8286785	0.8063441	0.7810241	0.7234984	0.67544144	0.59420335	0.525321	0	0	0	
1	0	1.0058532	1.1181952	1.0897666	1.1083802	1.0659373	0.9870735	0.9300906	0.90400505	0.91468173	0.8937881	0.84993464	0.80727345	0.82249266	0.8033709	0.76387376	0.70554674	0.6268286	0.5429715	0.5052996	0	0	0	0	
1	0	1.0965159	1.1735774	1.2922702	1.264302	1.261488	1.2395449	1.2207079	1.1933042	1.162942	1.1280022	1.0970378	1.0593814	1.0065703	0.96433383	0.95433867	0.94705504	0.9174249	0.8483984	0.751742	0.65231854	0.52174836	0	0	
1	0	1.007093	1.2185252	1.2380352	1.2150587	1.2028329	1.2545787	1.2548004	1.2280319	1.1992081	1.1678859	1.1592387	1.1593573	1.119529	1.0685029	1.0210832	1.0015209	0.93510264	0.89016956	0.80066395	0.684807	0.57520944	0	0	
1	0	0.9926726	1.1797494	1.2204925	1.2396154	1.2531148	1.2607341	1.2513751	1.2346251	1.2236415	1.1777779	1.1132679	1.0665061	0.9937209	0.94415563	0.8969885	0.86294144	0.80980635	0.719056	0.62867266	0.5897678	0.5019175	0	0	
1	0.50462997	1.1022764	1.2710071	1.310919	1.2882123	1.2714812	1.2667571	1.2570153	1.2703205	1.2699385	1.2387867	1.2382011	1.2214994	1.177105	1.1839538	1.1911862	1.1717895	1.0779047	1.023798	0.91931814	0.80911225	0.7089773	0.56169784	0	
1	0.5429896	1.0933368	1.2345219	1.2869	1.2495419	1.2443324	1.246977	1.3021003	1.3206505	1.31567	1.2959414	1.2688248	1.2633923	1.2517532	1.2290328	1.192456	1.1824598	1.1807398	1.1379864	1.0329667	0.89535517	0.8096112	0.7015746	0.5158136	
1	0	1.0285643	1.2208475	1.1918486	1.1160835	1.1763994	1.2086545	1.2045857	1.1850823	1.1970811	1.2229217	1.2210076	1.2007325	1.1759626	1.1618009	1.1443328	1.0919045	1.0041744	0.9509964	0.84759915	0.76065964	0.6793891	0.5425463	0	
1	0	0.8568597	1.2149808	1.2573534	1.2283173	1.2084923	1.2489551	1.2713499	1.2832987	1.2744848	1.2578173	1.2597446	1.2418431	1.222428	1.2024693	1.1817476	1.1124967	1.0424082	0.9775747	0.87304354	0.8105774	0.7143226	0.5947098	0	
1	0	0.66901994	0.73620605	0.66295403	0.6764793	0.746391	0.80145186	0.8058394	0.76700824	0.7093224	0.66757107	0.65568984	0.6509623	0.650899	0.62490004	0.5896771	0.5512967	0	0	0	0	0	0	0	
1	0	1.0207213	1.2093266	1.2319998	1.245641	1.2315112	1.2414678	1.2224725	1.2413068	1.268701	1.2671671	1.2795428	1.2731562	1.2337763	1.1981847	1.137399	1.0967741	1.0425253	0.93665886	0.847804	0.74966913	0.61499065	0	0	
1	0.5016879	1.0609591	1.2879449	1.2962852	1.2464333	1.235949	1.235448	1.2144352	1.2170119	1.2339091	1.2173812	1.170453	1.1336876	1.0731244	1.0236491	1.0164381	0.9521635	0.89069295	0.8273782	0.76418424	0.6668885	0.6324059	0.5367422	0	
1	0	0	0	0.5318046	0.5831631	0.595947	0.63551337	0.6864269	0.71319	0.7152542	0.69317764	0.5621109	0.5304836	0	0	0	0	0	0	0	0	0	0	0	
1	0	0.97324973	1.0363669	0.9856776	0.93107146	0.93116415	0.97000206	1.0079726	1.0236093	1.0300146	1.0761347	1.1078035	1.1205256	1.1201755	1.109267	1.0683342	0.99166095	0.9194914	0.79592764	0	0.5709238	0	0	0	
1	0	1.0058073	1.181974	1.2250087	1.2157133	1.2079531	1.2330425	1.2348955	1.2185845	1.1949543	1.1607126	1.1233659	0.5213341	0.7017003	0	0	0.79243606	0.74836594	0.68084985	0.67668164	0.55676395	0	0	0	
1	0	0.98018456	1.1231308	1.0583664	0.9984384	0.9544673	0.90617406	0.85526896	0.8656912	0.8544	0.82646894	0.78217965	0.7620352	0.74837065	0.72817266	0.6902023	0.6257963	0.58746517	0.53545517	0.50031865	0	0	0	0	
1	0	0	0.5317824	0.5308492	0	0	0	0	0.5536747	0.56516296	0.573652	0.56793034	0.55525595	0.51525396	0	0	0	0	0	0	0	0	0	0	
1	0	0.91210455	0.97263354	0.98170054	1.0708921	1.0940057	1.0649152	1.0106201	1.0293876	1.0480313	1.0323324	0.98216563	0.9224543	0.8730145	0.82879204	0.81209344	0.7802604	0.7365151	0.6643459	0.5743257	0	0	0	0	
1	0	0	0	0	0	0	0.594846	0.5611065	0	0.52849865	0.5407812	0.53206056	0	0	0	0	0	0	0.5478699	0	0	0	0	0	
1	0	0.96017253	1.0967706	1.0138398	0.94438386	0.932866	1.0455099	1.089652	1.0989546	1.1337346	1.1189978	1.0773463	1.0020194	0.91334206	0.81917113	0.7307136	0.64818436	0.5792005	0.54237956	0	0	0	0	0	
1	0	0	0	0	0.5283518	0.51168084	0	0	0	0	0	0	0	0	0	0	0	0	0	0	0	0	0	0	
1	0	0.8587541	0.79256934	0.7669801	0.7873759	0.8118692	0.8055389	0.7755177	0.73203695	0.68582106	0.6426168	0.60140604	0.56671023	0.5309948	0	0	0	0	0	0	0	0	0	0	
1	0	0	0.82565266	0.82974213	0.8020258	0.6132583	0.60608953	0	0.763207	0.7873897	0.8023868	0.7787227	0.7350232	0.67019176	0.5908635	0.51678914	0	0	0	0	0	0	0	0	
1	0	0.8681654	1.0211477	0.91438043	0.8169927	0.74875873	0.75399417	0.7732932	0.74626255	0.7813236	0.7925228	0.782403	0.7486428	0.7107386	0.652955	0.59314495	0.5462543	0.5018384	0	0	0	0	0	0	
1	0	0.95394725	1.0702206	0.98685044	0.9201093	0.86703545	0.8311496	0.77982455	0.79240555	0.81195426	0.8175544	0.80177337	0.77869034	0.73474425	0.6849826	0.65401703	0.6417694	0.6143018	0.55468327	0.5112047	0	0	0	0	
1	0	0	0.579509	0.55079764	0.5156378	0.51272935	0.511793	0.73832124	0.75376433	0.74909717	0.7400762	0.7044029	0.66349375	0	0	0	0	0	0	0	0	0	0	0	
1	0	1.0437088	1.1706475	1.1632354	1.1289502	1.1053663	1.025743	0.9536696	0.9007848	0.9161918	0.92914265	0.92298853	0.88846415	0.8305999	0.74337465	0.67336005	0.6991015	0.6805222	0.68470097	0.63723505	0.5492974	0	0	0	
1	0	0.86157817	0.95285326	0.97702307	0.96528834	0.97787416	0.9972614	0.9863161	0.9331788	0.8627739	0.83565605	0.8124414	0.75416654	0.675777	0.5916139	0.573427	0.5630771	0.5210574	0	0	0	0	0	0	
1	0	1.0219167	1.2202165	1.1491705	1.0531825	1.0766581	1.0564213	0.9979145	0.9442776	0.93422866	0.88259864	0.8016277	0.74704224	0.7600316	0.7428366	0.71731484	0.657665	0.5807927	0.5142793	0	0	0	0	0	
1	0	0.78895545	0.81107193	0.81924003	0.7509372	0.6860689	0.72344416	0.7525128	0.78094417	0.8044623	0.8087364	0.781589	0.731532	0.6638085	0.59129155	0.5159323	0	0	0	0	0	0	0	0	
1	0	0	0.5166686	0	0	0	0	0	0.68349504	0.6604184	0.6638987	0	0	0.6364641	0.60481644	0.551349	0.501334	0	0	0	0	0	0	0	
1	0	0.9119036	1.1101186	1.0650727	1.011175	0.9700356	0.92649907	0.8728291	0.8070404	0.7387818	0.6689419	0.633584	0.6663569	0.6874682	0.6673056	0.6426256	0.5815252	0.5311425	0	0	0	0	0	0	
1	0	0.8786304	0.83273447	0.7963238	0.86736184	0.90603065	0.89621204	0.8633954	0.863296	0.88640124	0.8779979	0.8441851	0.79435056	0.7249461	0.64592427	0.5718079	0	0	0	0	0	0	0	0	
1	0	0.97876585	1.0931456	1.0379134	0.9398798	0.93601173	0.90329134	0.868213	0.8592695	0.8815737	0.87415224	0.83491504	0.7775024	0.6981625	0.61499596	0.5307552	0	0	0	0	0	0	0	0	
1	0	0	0	0	0.937501	0.98639596	0.99102396	0.9601091	0.90804887	0.8468913	0.77121854	0.71418935	0.67010456	0.62827605	0.5743002	0.5282994	0	0	0	0	0	0	0	0	
1	0	0.97892237	1.0124179	1.0188783	1.0675375	1.0607884	1.0431879	1.0248177	1.0619545	1.074496	1.0560024	1.0092705	0.9444016	0.85583645	0.7697677	0.685562	0.6122391	0.58255875	0.53406763	0.5063659	0	0	0	0	
1	0	1.0192572	1.2101202	1.2745243	1.2123148	1.1755017	1.1835779	1.1563115	1.1128608	1.059786	0.9941778	0.97411877	0.95595163	0.9044841	0.84208035	0.79511154	0.7582459	0.69680506	0.6528869	0.5853315	0	0	0	0	
1	0	0.8540501	0.9322714	0.9191209	0.9479344	0.9101233	0.8557018	0.8049668	0.74680614	0.71223366	0.70596194	0.68785244	0.6595448	0.61458516	0.563246	0.53602713	0.5149673	0	0	0	0	0	0	0	
1	0	0	0	0	0	0.56600446	0.60510355	0.81345797	0.84354943	0.84223896	0.8051912	0.7577989	0.7047459	0.64102685	0.5801388	0.52578783	0	0	0	0	0	0	0	0	
