3	0	1.0128853	1.1099045	0.983795	0.8345762	0.69277656	0.5797986	0.5414764	0.51062846	0	0	0	0	0	0	0	0	0	0	0	0	0	0	0	
3	0	0.9722434	0.9145099	0.726924	0.70711106	0.6741172	0.62913644	0.5821579	0.53211915	0	0	0	0	0	0	0	0	0	0	0	0	0	0	0	
3	0.66952056	1.0127308	1.1779464	1.2344195	1.211253	1.1549524	1.0872723	1.093446	1.0565841	0.9901293	0.90156627	0.80890596	0.7144012	0.63639635	0.59362257	0.5574151	0.51010835	0	0	0	0	0	0	0	
3	0.70810753	1.0964432	1.0457822	1.0215507	0.9551724	0.8362716	0.77296895	0.73852277	0.69877666	0.67102087	0.6237594	0.56510806	0.51169837	0	0	0	0	0	0	0	0	0	0	0	
3	0.62045807	1.1145382	1.2746788	1.290481	1.2508206	1.2069511	1.165288	1.1143951	1.0486524	0.97724354	0.9025291	0.82356715	0.74738324	0.6624279	0.5749272	0.50659937	0	0	0	0	0	0	0	0	
3	0.64642555	1.1454349	1.1980046	1.152385	1.1193215	1.0547707	0.96820545	0.86378646	0.7831945	0.72376627	0.66505635	0.6022011	0.53843486	0	0	0	0	0	0	0	0	0	0	0	
3	0.57188624	1.1063334	1.2135798	1.1074061	0.95813	0.914301	0.86787707	0.82036144	0.775229	0.75163347	0.7262987	0.6959013	0.66633815	0.63990366	0.6152366	0.57850236	0.5337186	0	0	0	0	0	0	0	
3	0.6521942	1.1409113	1.1484715	1.091855	1.0771804	0.9945491	0.9218063	0.8695288	0.8055456	0.7380748	0.6638319	0.58944976	0.52934694	0	0	0	0	0	0	0	0	0	0	0	
3	0.57888925	0.98144364	0.9730962	0.7928423	0.6914845	0.68188536	0.65700847	0.6024689	0.57555974	0.5363277	0	0	0	0	0	0	0	0	0	0	0	0	0	0	
3	0.6158923	1.1671396	1.251873	1.193484	1.1558244	1.1278633	1.0809572	1.0508398	1.0201701	1.0508024	1.088973	1.107912	1.1175611	1.1029881	1.0875828	1.0218076	0.9645583	0.86624146	0.7525302	0.6353976	0.5199158	0	0	0	
3	0.5062322	1.0430461	1.2012426	1.1845682	1.1551757	1.0818057	0.93922645	0.92516005	0.8825967	0.8210079	0.7442407	0.66403556	0.59107417	0.5187987	0	0	0	0	0	0	0	0	0	0	
3	0.6199819	1.1228719	1.221611	1.1409488	1.1156235	1.0813614	1.0496004	1.009824	0.94339573	0.8962675	0.8546311	0.80793965	0.7595789	0.70347756	0.6505382	0.59035796	0.52803147	0	0	0	0	0	0	0	
3	0.54533494	1.0998963	1.264466	1.236037	1.1808246	1.1192254	0.81456965	0.7886594	0.7420983	0.6806442	0.6158175	0.5704617	0.5277394	0	0	0	0	0	0	0	0	0	0	0	
3	0.5080773	1.0322236	1.1527538	1.2007521	1.1768259	1.1562335	1.15984	1.1584175	1.1130981	1.0550388	0.9909498	0.91825116	0.84095716	0.75893074	0.69390166	0.64578027	0.5888674	0.525545	0	0	0	0	0	0	
3	0.6018833	1.1470369	1.3025938	1.3064244	1.292949	1.2659309	1.2452432	1.2532954	1.2576554	1.2519289	1.2341212	1.203601	1.1799817	1.1365997	1.0977362	1.0295149	0.94891083	0.8673905	0.7493761	0.6206604	0.5082745	0	0	0	
3	0	0.9827329	1.1866776	1.258385	1.2608143	1.2209446	1.1759177	1.122732	1.0585607	0.98566425	0.9015984	0.81112903	0.7313601	0.6519667	0.57406074	0.50337213	0	0	0	0	0	0	0	0	
3	0	0.82885426	0.8761942	0.79104495	0.73731256	0.7205783	0.68910575	0.6516184	0.6125698	0.57593316	0.5343715	0	0	0	0	0	0	0	0	0	0	0	0	0	
3	0	0.5149321	0.5618195	0	0	0	0	0	0	0	0	0	0	0	0	0	0	0	0	0	0	0	0	0	
3	0	1.0230436	1.1806997	1.0859997	1.0083903	1.0543531	1.1160649	1.1695429	1.1854925	1.1725292	1.1369584	1.0836478	1.0224234	0.9390722	0.85168576	0.7610109	0.67872673	0.5937881	0.513586	0	0	0	0	0	
3	0.65077436	1.1182323	1.0982181	1.1543483	1.2016821	1.2042639	1.1694794	1.1224002	1.0672765	1.0771495	1.050197	0.9887318	0.90917367	0.8251358	0.7394084	0.6562006	0.57627606	0	0	0	0	0	0	0	
3	0	0.93749434	0.94247085	0.8290482	0.8421997	0.79824996	0.73104095	0.6604086	0.5894243	0.5265987	0	0	0	0	0	0	0	0	0	0	0	0	0	0	
3	0.6269283	1.1605898	1.3185174	1.3042467	1.2883053	1.2748009	1.256407	1.2389013	1.2457658	1.2524331	1.2441688	1.2224791	1.1869444	1.1436098	1.0892187	1.0383186	0.95053655	0.86562496	0.7560106	0.63976145	0.5328804	0	0	0	
3	0.5358176	1.0919918	1.0694771	1.1548721	1.2311603	1.2337109	1.2054487	1.1710076	1.1297925	1.0911232	1.028532	0.9511534	0.87012726	0.789652	0.72019726	0.6402255	0.56136787	0	0	0	0	0	0	0	
3	0.5694946	1.0855078	1.1747403	1.0506471	1.0132498	1.0781696	1.1104558	1.1231929	1.1161466	1.0985162	1.0662982	1.0211279	1.0005937	0.9566983	0.91278076	0.8407004	0.7790443	0.6942918	0.6084357	0.5155564	0	0	0	0	
3	0.5375444	1.0477937	1.0205779	1.0695139	1.1497446	1.1770872	1.1459991	1.0803696	0.9930432	0.90450084	0.8103229	0.7154956	0.6035728	0.54602	0	0	0	0	0	0	0	0	0	0	
3	0.5972576	1.0788847	1.2462254	1.2765847	1.2650889	1.2584068	1.2405183	1.2038339	1.1658041	1.1197132	1.0555017	0.9935189	0.92240506	0.85931	0.78536314	0.7061347	0.6312255	0.561441	0	0	0	0	0	0	
3	0.5336733	1.112131	1.1884573	1.1450976	1.0950686	1.1281859	1.1511834	1.1214944	1.0541008	1.1227347	1.128471	1.0914347	1.0265989	0.9340375	0.82920265	0.734454	0.64435196	0.5642426	0	0	0	0	0	0	
3	0	0.7965674	1.0602884	1.0582858	0.8267392	0.8091883	0.7731771	0.7207308	0.6572699	0.597106	0.5370003	0	0	0	0	0	0	0	0	0	0	0	0	0	
3	0.57096356	0.9525353	1.0989069	0.99257684	0.91153187	0.89750254	0.8937432	0.82772636	0.7504792	0.702487	0.68113667	0.7075185	0.7242157	0.7208566	0.70763755	0.65522784	0.5987479	0.5290977	0	0	0	0	0	0	
3	0	0.87967366	0.8904085	0.86002094	0.81122833	0.7733006	0.74445134	0.71012336	0.6645132	0.61206883	0.5535369	0	0	0	0	0	0	0	0	0	0	0	0	0	
3	0.63039076	1.1460073	1.3064971	1.2785349	1.2311488	1.1973374	1.1596006	1.1116884	1.0459456	0.96919054	0.88333684	0.80358416	0.7272487	0.6469529	0.5700464	0	0	0	0	0	0	0	0	0	
3	0	0.86482763	0.9006503	0.9300561	0.88369197	0.8051944	0.72525615	0.656892	0.6349981	0.6162193	0.5685965	0.51019454	0	0	0	0	0	0	0	0	0	0	0	0	
3	0	0.6976839	0.6171644	0.562577	0.5069722	0.514218	0.5063145	0	0	0	0	0	0	0	0	0	0	0	0	0	0	0	0	0	
3	0.5760184	1.055945	1.171048	1.1286415	1.1708347	1.1518526	1.0991466	1.0185698	0.992266	0.9631137	0.91417646	0.84650326	0.7696589	0.6813162	0.5988745	0.53385067	0	0	0	0	0	0	0	0	
3	0	0.68742734	0.7428437	0.6524202	0.66429955	0.66852516	0.66204816	0.6314342	0.5808256	0.52699584	0	0	0	0	0	0	0	0	0	0	0	0	0	0	
3	0.58602077	1.0713087	1.1654867	1.0726019	0.9365492	0.8206003	0.7348111	0.73882335	0.7223884	0.6974241	0.66272885	0.6176292	0.5706646	0.51300347	0	0	0	0	0	0	0	0	0	0	
3	0	0.716423	1.1690061	1.1728383	1.1211216	1.0329432	0.93543243	0.8405712	0.7483352	0.55862904	0.51642144	0	0	0	0	0	0	0	0	0	0	0	0	0	
3	0	0.68206435	0.66713715	0.5463034	0	0	0	0	0	0	0	0	0	0	0	0	0	0	0	0	0	0	0	0	
3	0.55923533	1.0852613	1.2113543	1.1269779	1.0224305	0.8924694	0.8380668	0.80098003	0.75370634	0.70751536	0.664708	0.62092525	0.5854975	0.5455205	0.5114588	0	0	0	0	0	0	0	0	0	
3	0	0.9614999	0.8873403	0.73193395	0.63253134	0.5738832	0.53794116	0.50087786	0	0	0	0	0	0	0	0	0	0	0	0	0	0	0	0	
3	0	0.5125252	0	0	0	0	0	0	0	0	0	0	0	0	0	0	0	0	0	0	0	0	0	0	
3	0.66391176	1.139363	1.257818	1.2430276	1.204551	1.1630324	1.1125637	1.0480946	0.96292937	0.89382535	0.816279	0.7390655	0.6697403	0.6025502	0.54042536	0	0	0	0	0	0	0	0	0	
3	0	0.7371014	0.77079314	0.70957345	0.6332409	0.6031617	0.58285064	0.5583758	0.5295242	0	0	0	0	0	0	0	0	0	0	0	0	0	0	0	
3	0.5219147	0.9247209	1.0952748	0.9692582	0.9425548	1.0090487	1.0017847	0.9560353	0.89058864	0.82332486	0.7534208	0.6857204	0.62154317	0.5540741	0	0	0	0	0	0	0	0	0	0	
3	0	0.95939034	0.9488385	0.8021691	0.7625946	0.70699054	0.67994404	0.63883466	0.5880404	0.56680775	0.5263489	0	0	0	0	0	0	0	0	0	0	0	0	0	
3	0	0.599528	0.7090394	0.6472371	0.58045	0.5200301	0	0	0	0	0	0	0	0	0	0	0	0	0	0	0	0	0	0	
3	0.5517213	0.9264163	1.1861485	1.1377538	1.0505289	0.98604476	0.9974699	0.9720985	0.9190597	0.86233854	0.8028685	0.74422467	0.68729967	0.62513155	0.5622773	0	0	0	0	0	0	0	0	0	
3	0.65490717	1.146344	1.279361	1.2486846	1.2174984	1.1887299	1.1522558	1.1022954	1.0295086	0.95020896	0.8695604	0.7968606	0.7304386	0.6628201	0.59513074	0.5293354	0	0	0	0	0	0	0	0	
3	0	0.7321286	0.8283413	0.7442547	0.65421695	0.5836726	0.5359139	0	0	0	0	0	0	0	0	0	0	0	0	0	0	0	0	0	
3	0.5274873	1.0137293	1.2606739	1.2594925	1.218051	1.178244	1.1296053	1.1088809	1.101305	1.0899326	1.0672945	1.026277	0.9820789	0.9070823	0.8266296	0.7424677	0.64557624	0.5555072	0	0	0	0	0	0	
3	0.53517425	0.95096695	0.92838883	0.86113995	0.8365209	0.80667263	0.77375466	0.7694557	0.72691864	0.6668812	0.59952277	0.5316951	0	0	0	0	0	0	0	0	0	0	0	0	
3	0	0.6088501	0	0	0	0	0	0	0	0	0	0	0	0	0	0	0	0	0	0	0	0	0	0	
3	0.63830376	1.1525917	1.3130728	1.2781996	1.2307843	1.1921732	1.1501739	1.0976734	1.0263216	0.94619316	0.8709393	0.7947161	0.72189766	0.64474344	0.56791335	0	0	0	0	0	0	0	0	0	
3	0.5632909	0.8205922	0.8488024	0.8829087	0.8410951	0.7578956	0.6721686	0.59442073	0.52428395	0	0	0	0	0	0	0	0	0	0	0	0	0	0	0	
3	0	0.6738326	0.5655878	0.5086703	0	0	0	0	0	0	0	0	0	0	0	0	0	0	0	0	0	0	0	0	
3	0.61174715	1.1565102	1.254753	1.24623	1.1859285	1.1073093	1.0257051	0.9359657	0.82935685	0.74222684	0.726428	0.7114874	0.69174904	0.6751646	0.6442877	0.62440664	0.5841117	0.5237795	0	0	0	0	0	0	
3	0	0	0.6066422	0.51282656	0	0	0	0	0	0	0	0	0	0	0	0	0	0	0	0	0	0	0	0	
3	0.5046068	1.0852187	1.1842906	1.0987914	1.1012305	1.0827577	1.0444316	0.9837833	0.90136796	0.8178597	0.729052	0.64538264	0.5790779	0.51644987	0	0	0	0	0	0	0	0	0	0	
3	0.52600545	1.0945983	1.2043568	1.1414381	1.0646832	0.9494621	0.8488556	0.78044385	0.70715946	0.82073975	0.758922	0.6856211	0.61380446	0.5441445	0	0	0	0	0	0	0	0	0	0	
3	0	0.55323654	0.55559087	0.5183353	0.5450062	0.54972357	0.53161323	0	0	0	0	0	0	0	0	0	0	0	0	0	0	0	0	0	
3	0.5560626	0.9582032	1.0583823	0.93738675	0.89127046	0.83819795	0.85656446	0.86248904	0.8712742	0.8359215	0.7697151	0.7183275	0.6829957	0.6397727	0.5934557	0.5337043	0	0	0	0	0	0	0	0	
3	0.50645953	0.8833676	0.8688517	0.8670782	0.8737175	0.8835961	0.8940911	0.88836884	0.8574122	0.8079607	0.743072	0.67326593	0.60584813	0.5343517	0	0	0	0	0	0	0	0	0	0	
3	0	0.63604856	0.57759035	0.53018606	0.5036262	0.50469494	0	0	0	0	0	0	0	0	0	0	0	0	0	0	0	0	0	0	
3	0.67107576	1.1974005	1.2889239	1.240287	1.18945	1.1342754	1.0706795	0.99664116	0.9105077	0.8254101	0.7415739	0.6630975	0.59558094	0.5332087	0	0	0	0	0	0	0	0	0	0	
3	0	0.90740544	0.90191895	0.8166991	0.75594413	0.72410995	0.7050489	0.6846351	0.6507676	0.6050383	0.54977584	0	0	0	0	0	0	0	0	0	0	0	0	0	
3	0.532314	1.1026838	1.259204	1.2337812	1.2297635	1.2332313	1.2312255	1.2232203	1.2087524	1.1932815	1.1678288	1.1349376	1.0918001	1.0278075	0.947388	0.87001216	0.77037615	0.6599744	0.54714453	0	0	0	0	0	
3	0	0.98113406	0.90218216	0.93682146	0.8912772	0.87220144	0.8458823	0.8094797	0.7582497	0.7007697	0.636522	0.57276547	0.5144897	0	0	0	0	0	0	0	0	0	0	0	
3	0	0.57444245	0.72158843	0.6339319	0.5485566	0	0	0	0	0	0	0	0	0	0	0	0	0	0	0	0	0	0	0	
3	0.59035075	1.1486437	1.2934362	1.2389296	1.1880698	1.1663737	1.1681197	1.1700269	1.1614947	1.137811	1.0970798	1.0373985	0.9598591	0.8731699	0.78036827	0.6827714	0.58064604	0	0	0	0	0	0	0	
3	0	0.7874716	0.8080886	0.77519757	0.74359405	0.7107882	0.6661894	0.6095925	0.54708904	0	0	0	0	0	0	0	0	0	0	0	0	0	0	0	
3	0.6967007	1.030391	1.1663705	1.022862	0.9373342	0.8311018	0.7266623	0.66785145	0.6527821	0.61825144	0.56278455	0	0	0	0	0	0	0	0	0	0	0	0	0	
3	0.567613	0.9404696	0.84462124	0.7574747	0.67620474	0.6390823	0.6174371	0.5973903	0.55954635	0.51559883	0	0	0	0	0	0	0	0	0	0	0	0	0	0	
3	0.6101878	1.0855759	1.1759663	1.0989509	0.9924483	0.92834055	0.89640605	0.840991	0.7620474	0.6923594	0.6530449	0.6062736	0.5581497	0.5031578	0	0	0	0	0	0	0	0	0	0	
3	0.67399305	1.1050805	1.129537	1.0315003	1.0273976	0.9731426	0.8964755	0.8136187	0.7288033	0	0	0	0	0	0	0	0	0	0	0	0	0	0	0	
3	0.5344295	0.98439896	0.94042474	0.85511106	0.79009956	0.7453193	0.7315783	0.72859704	0.73310524	0.7813938	0.80555075	0.81327933	0.79043263	0.7940017	0.7583084	0.69534487	0.6106107	0.52118105	0	0	0	0	0	0	
3	0.5008178	0.8641269	0.80104625	0.9171502	0.9029204	0.84610724	0.7758632	0.70605433	0.63553864	0.61478746	0.58102196	0.5341195	0	0	0	0	0	0	0	0	0	0	0	0	
3	0.5226779	1.0994513	1.2799822	1.2782135	1.2406299	1.1947677	1.14813	1.093369	1.0194964	0.939769	0.8650748	0.78892654	0.7102095	0.62543774	0.573162	0.51879185	0	0	0	0	0	0	0	0	
3	0.5761535	0.95629543	1.1506718	1.113852	1.0352437	0.9676294	0.8977396	0.82807344	0.75638056	0.68941635	0.62054986	0	0	0	0	0	0	0	0	0	0	0	0	0	
3	0	1.0631074	1.213863	1.1908472	1.1242187	1.0383073	0.9541781	0.8775809	0.80184525	0.7346246	0.66564757	0.62659377	0.5923315	0.61025006	0.61421394	0.59877384	0.54728645	0	0	0	0	0	0	0	
3	0.52188265	1.0002953	1.1228684	1.1636562	1.0976335	1.035723	1.003127	0.94859177	0.89127344	0.8813925	0.8530309	0.80764306	0.7502529	0.6765592	0	0	0	0	0	0	0	0	0	0	
3	0.5487404	1.112094	1.303557	1.2694426	1.2140826	1.1643676	1.1104841	1.0456247	0.9656265	0.87863725	0.7830931	0.6819427	0.5986569	0.52645826	0	0	0	0	0	0	0	0	0	0	
3	0.53662646	1.002687	0.7453784	1.0222208	0.88046294	0.82899207	0.8231948	0.79098463	0.73698044	0.67509437	0.60439616	0.5343841	0	0	0	0	0	0	0	0	0	0	0	0	
3	0.58798194	1.1379107	1.2203813	1.1254774	1.0092711	0.87741894	0.7483777	0.7108163	0.67380184	0.63872385	0.59331554	0.539079	0	0	0	0	0	0	0	0	0	0	0	0	
3	0	0.84653765	0.7617236	0.6558026	0.60351175	0.59112954	0.57669276	0.55416113	0.51480746	0	0	0	0	0	0	0	0	0	0	0	0	0	0	0	
3	0	1.0976425	1.2115189	1.1720527	1.1405424	1.0988073	1.0466846	0.9798482	0.8853378	0.83048385	0.7637152	0.6866109	0.6074422	0.52625585	0	0	0	0	0	0	0	0	0	0	
3	0.5013128	1.0048927	1.0942352	1.0716412	0.9609183	0.82447684	0.57764304	0.53691655	0	0	0	0	0	0	0	0	0	0	0	0	0	0	0	0	
3	0	0.8216826	0.9079374	0.83174807	0.92900497	0.9885181	0.9854401	0.9379416	0.8592375	0.7754115	0.6883972	0.61455435	0.5842551	0.5393371	0	0	0	0	0	0	0	0	0	0	
3	0	0.8442793	0.8173331	0.66192776	0.66960686	0.8250159	0.84996194	0.8261233	0.76981825	0.7039266	0.6338961	0.56622934	0.50509495	0	0	0	0	0	0	0	0	0	0	0	
3	0.57197	1.0574927	1.1738714	1.2148037	1.1449182	1.0565095	0.9607655	0.8660192	0.7711313	0.68435556	0.5968724	0.53185153	0	0	0	0	0	0	0	0	0	0	0	0	
3	0	0.6802128	0.54097265	0.5296019	0.5515151	0.55366564	0.527455	0.50378764	0	0	0	0	0	0	0	0	0	0	0	0	0	0	0	0	
3	0	1.0781256	1.1999645	1.1276711	1.023516	0.9167223	0.8228297	0.73721844	0.6656605	0.6224632	0.5628892	0	0	0	0	0	0	0	0	0	0	0	0	0	
3	0	0.8317549	0.8547187	0.7384384	0.66163725	0.6092623	0.5877167	0.57400644	0.5443822	0.5078506	0	0	0	0	0	0	0	0	0	0	0	0	0	0	
3	0.59117055	1.0609437	1.0060462	0.9669954	0.93454057	0.8777772	0.8303643	0.7774332	0.71418566	0.6533829	0.5947146	0.5362777	0	0	0	0	0	0	0	0	0	0	0	0	
3	0	1.0383922	1.0796887	0.9590053	0.8044003	0.6614145	0.6542991	0.6384377	0.61084527	0.57554907	0.52953273	0	0	0	0	0	0	0	0	0	0	0	0	0	
3	0.52849716	0.904284	0.9540699	0.83403134	0.7196695	0.6229291	0.5523142	0	0	0	0	0	0	0	0	0	0	0	0	0	0	0	0	0	
3	0.5308688	1.0493662	0.9283213	0.85640776	0.8259542	0.7903846	0.74844795	0.70051813	0.6294282	0.5792529	0.5249834	0	0	0	0	0	0	0	0	0	0	0	0	0	
3	0.558808	0.9870152	0.9604403	0.8537177	0.7190428	0.6230515	0.56717306	0	0	0	0	0	0	0	0	0	0	0	0	0	0	0	0	0	
3	0	0.7637287	0.8048569	0.7311155	0.6810591	0.630367	0.59639204	0.5664971	0.5330085	0	0	0	0	0	0	0	0	0	0	0	0	0	0	0	
3	0	0.73421746	0.75216335	0.69711334	0.6415758	0.5859589	0.53800225	0	0	0	0	0	0	0	0	0	0	0	0	0	0	0	0	0	
3	0.54930764	1.061468	1.1241993	1.0338044	0.9702743	0.8889873	0.81417865	0.7409546	0.66748947	0.6193541	0.5687762	0.5114217	0	0	0	0	0	0	0	0	0	0	0	0	
3	0.50926274	0.8482153	0.99205714	0.8981638	0.79506683	0.6894837	0.6791339	0.6652297	0.6347348	0.6263627	0.61222935	0.59476775	0.57876575	0.55500656	0.5222127	0	0	0	0	0	0	0	0	0	
3	0	0.82342464	0.64028233	0	0.6300217	0.5942041	0.564678	0.53276306	0	0	0	0	0	0	0	0	0	0	0	0	0	0	0	0	
3	0	0.9673706	1.0719395	1.049488	1.1029421	1.1254854	1.1285328	1.1102027	1.0660186	1.002923	0.92069155	0.8269702	0.7375415	0.6486183	0.5675743	0	0	0	0	0	0	0	0	0	
3	0	0.9268627	0.95206285	0.8938772	0.78211665	0.7120532	0.6805319	0.64378965	0.5992512	0.5491882	0.50047207	0	0	0	0	0	0	0	0	0	0	0	0	0	
3	0	0.7398613	0.6896175	0.55024606	0	0	0	0	0	0	0	0	0	0	0	0	0	0	0	0	0	0	0	0	
3	0	0.78979784	0.9842183	0.9257283	0.8253387	0.7776525	0.7567863	0.7268556	0.68754596	0.6480241	0.6014851	0.54814744	0	0	0	0	0	0	0	0	0	0	0	0	
3	0.5516788	1.0551052	1.1697768	1.0191137	0.8777908	0.74987125	0.69355214	0.6783424	0.6599623	0.6369824	0.6048086	0.5748398	0.53925484	0.5063966	0	0	0	0	0	0	0	0	0	0	
3	0.6362368	1.0914804	1.1560924	1.1180522	1.0395327	0.93892354	0.8245476	0.7124706	0.6335497	0.58386385	0.5309339	0	0	0	0	0	0	0	0	0	0	0	0	0	
3	0.64295775	1.1657454	1.1911327	1.0790225	0.96409315	0.87130886	0.77499163	0.72244936	0.66128093	0.59740394	0.5242818	0	0	0	0	0	0	0	0	0	0	0	0	0	
3	0	0.7351053	0.60133755	0	0.6004166	0.59561247	0	0	0	0	0.5298302	0	0	0	0	0	0	0	0	0	0	0	0	0	
3	0	0.8124245	0.7856907	0.6501657	0.592794	0.53828573	0	0	0	0	0	0	0	0	0	0	0	0	0	0	0	0	0	0	
3	0.530307	1.0803071	1.2212825	1.1951487	1.1155099	1.0179522	0.9117141	0.90661246	0.8911303	0.86871636	0.83699566	0.79252493	0.73418504	0.6663561	0.5945542	0.5201134	0	0	0	0	0	0	0	0	
3	0	0.62966347	0.6571923	0.58128214	0.52114755	0	0	0	0	0	0	0	0	0	0	0	0	0	0	0	0	0	0	0	
3	0	0.85869014	0.7946661	0.7489484	0.6872084	0.7137446	0.7088161	0.6821384	0.6366972	0.583283	0.521737	0	0	0	0	0	0	0	0	0	0	0	0	0	
3	0	0.9362689	1.1379595	1.2069473	1.1858813	1.1547486	1.1474006	1.1326796	1.1137553	1.0894862	1.0543822	1.001945	0.9365348	0.8491782	0.76080513	0.6653224	0.5643266	0	0	0	0	0	0	0	
3	0.55111414	0.94938314	0.94877845	0.84932256	0.76682276	0.6751686	0.6092399	0.55547476	0.51550955	0	0	0	0	0	0	0	0	0	0	0	0	0	0	0	
3	0	1.0430579	1.2345928	1.1995021	1.110913	1.1021723	1.0650777	1.0095806	0.94177216	0.8680705	0.78738487	0.69431925	0.6082006	0.5218425	0	0	0	0	0	0	0	0	0	0	
3	0	0.9342631	0.9900408	0.94653136	0.88510394	0.867399	0.8305024	0.7695145	0.68872786	0.66167206	0.61819464	0.5640598	0.50780046	0	0	0	0	0	0	0	0	0	0	0	
3	0.57507235	1.1124237	1.0468955	0.87784755	0.75949675	0.64687103	0.554115	0	0	0	0	0	0	0	0	0	0	0	0	0	0	0	0	0	
3	0.55129874	1.0217035	1.0214709	0.8443054	0.7086868	0.5988044	0.51403993	0	0	0	0	0	0	0	0	0	0	0	0	0	0	0	0	0	
3	0	0.78547376	0.61802405	0.5429325	0.50870687	0	0	0	0	0	0	0	0	0	0	0	0	0	0	0	0	0	0	0	
3	0	1.0517089	1.1692848	1.0257517	0.87643045	0.77037615	0.7357521	0.7495715	0.74911994	0.7300678	0.69309306	0.642023	0.58671963	0.5287271	0	0	0	0	0	0	0	0	0	0	
3	0	1.0618594	1.1411914	1.0253804	0.9311571	0.8420328	0.755145	0.6664466	0.58080465	0.5470407	0.5024184	0	0	0	0	0	0	0	0	0	0	0	0	0	
3	0.50029737	1.0267024	1.1623241	1.0934341	1.0498753	0.97743183	0.95898986	0.93827826	0.9071303	0.8730048	0.8304736	0.7796708	0.7247074	0.663934	0.60400957	0.5470866	0	0	0	0	0	0	0	0	
3	0	0.9723182	1.0141352	1.0032555	0.9026158	0.819624	0.7882914	0.76015407	0.72569805	0.6872762	0.63745815	0.5792468	0.52019405	0	0	0	0	0	0	0	0	0	0	0	
3	0	0.719405	0.7431219	0.6554168	0.58695596	0.5283229	0	0	0	0	0	0	0	0	0	0	0	0	0	0	0	0	0	0	
3	0.5450858	0.96644825	1.2051076	1.2121083	1.1748586	1.1259136	1.0674535	0.9989202	1.0124619	1.018135	1.0082796	0.9825932	0.93636656	0.8899789	0.821788	0.7454764	0.6758529	0.6004155	0.5162842	0	0	0	0	0	
3	0	0.5833171	0.690184	0.7701292	0.74905187	0.7056158	0.6546481	0.59857565	0.5396562	0	0	0	0	0	0	0	0	0	0	0	0	0	0	0	
3	0	1.0508229	1.1731249	1.0561152	0.983095	0.95721006	0.9169552	0.8724571	0.823965	0.7774055	0.725433	0.6751783	0.6204132	0.5629748	0	0	0	0	0	0	0	0	0	0	
3	0.5766466	1.1062409	1.0731776	0.97165924	0.8651541	0.7550222	0.6462882	0.54471004	0	0	0	0	0	0	0	0	0	0	0	0	0	0	0	0	
3	0.6348177	1.1259098	1.1827487	1.0642397	0.93289346	0.7985713	0.678963	0.5850481	0.53886706	0.50592875	0	0	0	0	0	0	0	0	0	0	0	0	0	0	
3	0	0.8746662	0.84213936	0.71854085	0.65305644	0.6437135	0.63829464	0.61674935	0.58148617	0.5396376	0	0	0	0	0	0	0	0	0	0	0	0	0	0	
3	0	0.6516796	0.73823583	0.7628895	0.7304104	0.67368	0.6049691	0.5569634	0.50431967	0	0	0	0	0	0	0	0	0	0	0	0	0	0	0	
3	0.55045974	1.113717	1.2043759	1.0932873	0.9620606	0.82244503	0.7147656	0.67413574	0.634557	0.5872318	0.52853525	0	0	0	0	0	0	0	0	0	0	0	0	0	
3	0.6087789	0.96368265	0.8674129	0.86504966	0.8115212	0.7551925	0.7285419	0.67957246	0.62436813	0.5634862	0.5092879	0	0	0	0	0	0	0	0	0	0	0	0	0	
3	0	1.0444206	1.2266637	1.1719666	1.0607191	1.00693	0.988134	0.9578355	0.9191407	0.8735825	0.82010615	0.7643536	0.7124854	0.65977126	0.60842824	0.55734694	0	0	0	0	0	0	0	0	
3	0	1.0096768	1.1165453	1.1225736	1.0253043	0.93706995	0.89538115	0.84251714	0.7819661	0.7173245	0.6516507	0.59020376	0.5325247	0	0	0	0	0	0	0	0	0	0	0	
3	0.52744836	0.9879593	1.1357268	1.0220512	0.87861055	0.8863841	0.8793426	0.8499646	0.81414545	0.77963185	0.74398375	0.7062699	0.6684175	0.62662	0.5785103	0.53260833	0	0	0	0	0	0	0	0	
3	0.5219543	0.9057243	0.9064412	0.9004265	0.8696452	0.85351866	0.85736334	0.8260694	0.7584396	0.6805564	0.6017036	0.52089953	0	0	0	0	0	0	0	0	0	0	0	0	
3	0	0.98480713	1.1550727	1.1216078	1.092099	1.1196816	1.1141957	1.0879405	1.048171	0.9967351	0.92879015	0.8481538	0.76131755	0.66859835	0.5831743	0.5052475	0	0	0	0	0	0	0	0	
3	0.5454978	1.0685581	1.1790934	1.1658827	1.0746024	0.9503118	0.8294137	0.71909976	0.6204977	0.55740255	0.50403696	0	0	0	0	0	0	0	0	0	0	0	0	0	
3	0	1.0320827	0.9286577	0.8439786	0.77028626	0.7190681	0.6837413	0.73573387	0.70275193	0.6586928	0.6055856	0.54885924	0	0	0	0	0	0	0	0	0	0	0	0	
3	0.507889	1.0781631	1.1773319	1.086596	0.9529743	0.8080984	0.69794637	0.6313569	0.5598444	0.5058844	0	0	0	0	0	0	0	0	0	0	0	0	0	0	
3	0.57192576	0.93973535	1.1533968	1.1056197	1.0501349	1.095951	1.1186602	1.1042234	1.045052	0.9643188	0.87268436	0.78468007	0.7056483	0.62841094	0.55471164	0	0	0	0	0	0	0	0	0	
3	0.5532239	1.1173387	1.1626749	1.1393082	1.0487137	1.0729246	1.0320189	0.9640983	0.8828762	0.8161495	0.7906226	0.75296944	0.70685655	0.6577478	0.59603727	0.5393208	0	0	0	0	0	0	0	0	
3	0.6392131	1.0752386	1.2954506	1.2550683	1.211242	1.1749674	1.1491226	1.105637	1.0392336	0.9637015	0.8719696	0.77293026	0.67862016	0.5839387	0	0	0	0	0	0	0	0	0	0	
3	0.6270562	1.1479013	1.1974791	1.1024244	1.026562	0.9560905	0.9541719	0.94812316	0.9355294	0.92300415	0.9139846	0.8935694	0.8757544	0.83710015	0.79241765	0.7323092	0.6722259	0.60232955	0.5322133	0	0	0	0	0	
3	0.6452379	1.1279707	1.2774137	1.2145082	1.13798	1.054505	0.95575273	0.86308736	0.76918393	0.67604256	0.5977904	0.52817255	0	0	0	0	0	0	0	0	0	0	0	0	
3	0.6516629	1.1030082	1.2140007	1.1305541	1.0098712	0.8879547	0.8712202	0.9176495	0.92333597	0.9036693	0.8719583	0.83304405	0.7865148	0.7327263	0.67770714	0.613858	0.551606	0	0	0	0	0	0	0	
3	0.6314797	1.1297264	1.2222378	1.1133295	1.0490979	0.9891119	0.9225762	0.8533517	0.79237175	0.74010855	0.68112665	0.6142085	0.54597956	0	0	0	0	0	0	0	0	0	0	0	
3	0.5905709	1.0994867	1.1751775	1.2537376	1.2253324	1.1799186	1.129753	1.1257102	1.1663547	1.1971688	1.1995422	1.1577476	1.095843	1.0265992	0.94895333	0.8748152	0.79409134	0.711902	0.61074215	0.5015725	0	0	0	0	
3	0.6011222	1.071181	1.1683252	1.1297863	1.0845083	1.0363168	0.9780345	0.92221344	0.8551367	0.78359604	0.70961154	0.6478987	0.5857666	0.52431005	0	0	0	0	0	0	0	0	0	0	
3	0.5860488	1.1080489	1.2839414	1.3240014	1.2925198	1.2606834	1.2417446	1.2241853	1.197047	1.1650805	1.1253954	1.0739728	1.0093658	0.93373734	0.8479032	0.74891824	0.68060297	0.6950624	0.68359554	0.6371403	0.60379404	0.5578557	0	0	
3	0.57793117	1.0351949	1.148694	1.11582	1.1206694	1.1117913	1.1386757	1.1504942	1.1505603	1.13655	1.1091678	1.0663289	0.9997235	0.93067634	0.8386369	0.75067383	0.6549755	0.55687433	0	0	0	0	0	0	
3	0.5896463	1.1391308	1.3204823	1.2641474	1.2240266	1.1882358	1.1458406	1.1237125	1.0995965	1.0694581	1.0279212	0.98018134	0.92554015	0.8547392	0.8471981	0.82179916	0.76277053	0.6975296	0.59818286	0.51858556	0	0	0	0	
3	0.6982077	1.1559128	1.2956802	1.304224	1.2760613	1.2548285	1.2388847	1.2093445	1.1812874	1.1468132	1.1008949	1.0430338	1.0080527	0.974373	0.91708326	0.8352345	0.76450115	0.6835403	0.59061825	0	0	0	0	0	
3	0.7083742	1.2261775	1.2996423	1.2683868	1.2323416	1.1982826	1.1780527	1.1684952	1.1389589	1.0884979	1.015738	0.9344854	0.897977	0.87155604	0.8210111	0.7594831	0.6701696	0.59255505	0.5004242	0	0	0	0	0	
3	0.65233916	1.0868064	1.3221855	1.3108487	1.2880584	1.2817377	1.3065968	1.2932264	1.2885618	1.2862643	1.2799131	1.2804255	1.2791348	1.2640461	1.2710974	1.250524	1.2441953	1.2395805	1.1823493	1.0933262	1.0855047	1.0228101	0.8756719	0.57563955	
3	0.7863744	1.2785087	1.3180764	1.3069568	1.2855624	1.3080759	1.2786466	1.2662325	1.2547523	1.2317474	1.2173234	1.2371464	1.2465762	1.2530254	1.2270099	1.1820642	1.182736	1.1733084	1.1694124	1.1200081	1.04907	0.9003055	0.713312	0.50332266	
3	0.6851025	1.1658092	1.330244	1.3118738	1.2953383	1.2886673	1.3266355	1.3259349	1.3019118	1.3160884	1.2953503	1.2793325	1.2945772	1.2779851	1.2646321	1.2649195	1.2589785	1.2080967	1.2200636	1.209554	1.1426908	1.0038542	0.78705496	0.70518005	
3	0.6473075	1.2296418	1.2954109	1.3385711	1.320466	1.3260092	1.3290687	1.2883296	1.3126421	1.2948494	1.3195246	1.3061409	1.2742399	1.2601899	1.2387428	1.2337329	1.2066038	1.1577046	1.1301702	1.0639399	0.9441794	0.85136074	0.75667566	0.55037075	
3	0.5533567	0.9680148	1.1846248	1.1989516	1.2328792	1.2413651	1.253523	1.2477922	1.2395678	1.2442083	1.2394335	1.2065984	1.1566772	1.1057574	1.0557162	0.9792832	0.8960323	0.80558914	0.7019321	0.5997422	0.5171762	0	0	0	
3	0	0.9372967	1.1138762	1.1119186	1.1606218	1.1425009	1.0959893	1.0480218	0.9996238	0.9458678	0.87777317	0.8082271	0.7478753	0.67456454	0.5957661	0.5241998	0	0	0	0	0	0	0	0	
3	0	0.62949336	0.776721	0.78078246	0.75551987	0.73739064	0.72252613	0.6905226	0.5863063	0.52789575	0	0	0	0	0	0	0	0	0	0	0	0	0	0	
3	0	0.57146364	0.6998313	0.6259514	0.5770221	0.5451693	0.5471874	0.5256916	0	0	0	0	0	0	0	0	0	0	0	0	0	0	0	0	
3	0	0	0.5619659	0.51826984	0	0	0	0	0	0	0	0	0	0	0	0	0	0	0	0	0	0	0	0	
3	0.5849891	1.087272	1.308224	1.298747	1.2736868	1.2684464	1.2734853	1.2836359	1.2790047	1.2683746	1.2527778	1.2328829	1.2246583	1.1979958	1.18095	1.1318115	1.1049883	1.0620234	0.97957885	0.8604844	0.7369808	0.6609934	0.56448674	0	
3	0.6079091	1.1019969	1.303433	1.2689215	1.2739863	1.239706	1.2018739	1.1778557	1.1690844	1.1954806	1.1947433	1.157559	1.1034433	1.0174491	0.9289576	0.83818513	0.73063105	0.6391352	0.5539733	0	0	0	0	0	
3	0.5417767	0.6837887	0.9201775	0.9999493	0.98504233	0.93175113	0.8535463	0.8010195	0.76835096	0.7193682	0.65658224	0.58827513	0.5242704	0	0	0	0	0	0	0	0	0	0	0	
3	0.59120077	1.129313	1.2773784	1.2832488	1.2283481	1.182209	1.1897323	1.1965891	1.1818688	1.1539892	1.1097597	1.057023	0.9853382	0.918525	0.8361027	0.74719226	0.6514291	0.57053393	0	0	0	0	0	0	
3	0.59133345	1.065693	1.1699716	1.2582624	1.262801	1.2135816	1.1530194	1.1199439	1.0870326	1.0230149	0.9400702	0.8789247	0.8232242	0.7487026	0.6654086	0.57946855	0	0	0	0	0	0	0	0	
3	0	0.61201113	0.5786168	0.58815587	0.6784461	0.67403334	0.6555629	0.6256186	0.5848719	0.5374638	0	0	0	0	0	0	0	0	0	0	0	0	0	0	
3	0.57916313	1.1197546	1.3043513	1.271917	1.2284803	1.1962912	1.1790926	1.171088	1.1314102	1.0715257	1.0393486	1.0176102	0.98999643	0.94566685	0.903573	0.8471989	0.7807217	0.71433735	0.61646265	0.5370442	0	0	0	0	
3	0	0.72720796	0.61198527	0.6379973	0.60093856	0.5516727	0.5145464	0	0	0	0	0	0	0	0	0	0	0	0	0	0	0	0	0	
3	0.6071753	1.1564256	1.2531818	1.1564043	1.0631837	1.0755599	1.0825408	1.0714421	1.0352799	0.9846103	0.9197261	0.8405124	0.77223986	0.7007241	0.6306369	0.5702689	0.51467204	0	0	0	0	0	0	0	
3	0.59371674	1.0935719	1.1827399	1.1744064	1.1234881	1.0240172	0.9154945	0.61019695	0.837369	0.79789567	0.738419	0.6706212	0.6078214	0.54668206	0	0	0	0	0	0	0	0	0	0	
3	0	0.55831355	0.6612161	0.61606884	0.5581925	0.51224816	0	0	0	0	0	0	0	0	0	0	0	0	0	0	0	0	0	0	
3	0.5853762	1.1142565	1.2552261	1.1959194	1.1213042	1.0806572	1.0420244	0.99235433	0.9424739	0.89412606	0.8281886	0.7532035	0.68229556	0.6117186	0.5424099	0	0	0	0	0	0	0	0	0	
3	0	0.62856907	0.60999465	0.6168647	0.65001273	0.62853396	0	0	0	0	0	0	0	0	0	0	0	0	0	0	0	0	0	0	
3	0.6186622	1.1130306	1.1945652	1.1418672	1.0324743	0.93674886	0.93969274	0.9250227	0.8884788	0.847343	0.78646606	0.7114145	0.645801	0.5798117	0.51322854	0	0	0	0	0	0	0	0	0	
3	0	0.6316671	0.7092599	0.6914693	0.6667131	0.6308555	0.5796745	0.5157144	0	0	0	0	0	0	0	0	0	0	0	0	0	0	0	0	
3	0.55935544	1.0810143	1.1881939	1.191652	1.1888138	1.1998483	1.2161952	1.221477	1.2088332	1.1842626	1.1417831	1.0923165	1.0328	0.95739836	0.8826654	0.7935643	0.7045193	0.6035948	0.50552016	0	0	0	0	0	
3	0.51151025	1.1170062	1.2666255	0.9261703	0.86387455	0.7982949	0.871892	0.81945586	0.7844511	0.7374001	0.6791012	0.62396324	0.5661188	0.5070631	0	0	0	0	0	0	0	0	0	0	
3	0	0.61044586	0.62423724	0.8086492	0.7950727	0.7532958	0.69004035	0.61900145	0.5477056	0	0	0	0	0	0	0	0	0	0	0	0	0	0	0	
3	0.605548	1.1069658	1.2910295	1.2628851	1.2447599	1.2286973	1.2007567	1.1637391	1.1215012	1.0721648	1.0103917	0.936252	0.85633415	0.77422035	0.68377715	0.6010621	0.5125586	0	0	0	0	0	0	0	
3	0	0.5584668	0.5526477	0.5146634	0.56798935	0.6329192	0.6527719	0.6427195	0.612217	0.57119495	0.5228269	0	0	0	0	0	0	0	0	0	0	0	0	0	
3	0.54962826	1.0667437	1.3084862	1.3092183	1.2659175	1.2331173	1.2075307	1.172149	1.1264566	1.0691371	0.9930264	0.9139971	0.85068583	0.78798693	0.72984475	0.66628855	0.59600806	0.52034485	0	0	0	0	0	0	
3	0.63136184	1.1081418	1.2326211	1.2621106	1.257162	1.233676	1.2141757	1.1875312	1.1507617	1.1054043	1.0449488	0.9682421	0.886649	0.806438	0.7525399	0.7105217	0.66829264	0.6008659	0.5172739	0	0	0	0	0	
3	0	0.69905823	0.6558249	0.6620039	0.67722243	0.6578704	0.66465527	0.63943875	0.58989507	0.53326017	0	0	0	0	0	0	0	0	0	0	0	0	0	0	
3	0	0	0.5026173	0.56669027	0.58538663	0.57160187	0.5405457	0.50264454	0	0	0	0	0	0	0	0	0	0	0	0	0	0	0	0	
3	0.63225955	1.1464967	1.3279643	1.2981899	1.2633073	1.2441105	1.2232317	1.1933347	1.1656476	1.1294439	1.0698202	1.000025	0.93213177	0.8625184	0.7890111	0.71286803	0.6302737	0.56900036	0.5035794	0	0	0	0	0	
3	0.6104079	1.0368946	1.2211871	1.2573838	1.2244273	1.1815636	1.1364332	1.0825386	0.7524723	0.68385786	0.64771485	0.595883	0.53563964	0.56951404	0.5021215	0	0	0	0	0	0	0	0	0	
3	0	0.5720939	0.63799554	0.5654479	0.6239611	0.652742	0.637006	0.52357507	0.51995903	0.5039368	0	0	0	0	0	0	0	0	0	0	0	0	0	0	
3	0.5752535	1.1553136	1.2168299	1.1210622	1.1183959	1.0960637	1.0382373	0.9858487	0.9419325	0.9462384	0.9538768	0.9229635	0.86780745	0.7947329	0.7232215	0.65005076	0.57646704	0.50124604	0	0	0	0	0	0	
3	0	0.73098814	0.7071193	0.82390684	0.86306304	0.89102954	0.9033452	0.91264343	0.9529921	0.95816934	0.9308591	0.8756556	0.7973904	0.7114707	0.6194811	0.5397035	0	0	0	0	0	0	0	0	
3	0.6320857	1.158063	1.3255795	1.3068424	1.2656317	1.2417388	1.2224878	1.2303509	1.224525	1.206367	1.180253	1.1468298	1.0973303	1.0438099	0.9662899	0.8949533	0.79510903	0.7075605	0.595021	0	0	0	0	0	
3	0	0.71281815	0.7685499	0.78942037	0.7928783	0.8213651	0.8281958	0.7905699	0.72937757	0.704141	0.66581	0.6101672	0.5520218	0	0	0	0	0	0	0	0	0	0	0	
3	0	0.6161743	0.5995521	0.52885854	0	0	0	0	0	0	0	0	0	0	0	0	0	0	0	0	0	0	0	0	
3	0.7422305	1.2194577	1.3269204	1.2971739	1.2575358	1.2359484	1.2114834	1.1790279	1.1347444	1.0825703	1.0142347	0.9338899	0.85661817	0.77417856	0.69125617	0.6129462	0.55057967	0	0	0	0	0	0	0	
3	0.53997886	0.9382268	0.9787564	0.8939354	0.85329723	0.77481097	0.6875145	0.603227	0.58172005	0.57327604	0.54621005	0.5060026	0	0	0	0	0	0	0	0	0	0	0	0	
3	0	0.61233085	0.6083426	0.5449896	0	0	0	0	0	0	0	0	0	0	0	0	0	0	0	0	0	0	0	0	
3	0	0.51623225	0	0	0	0	0	0	0	0	0	0	0	0	0	0	0	0	0	0	0	0	0	0	
3	0.5979469	1.108869	1.0325756	0.97937685	0.9287566	0.8663205	0.8154559	0.7965501	0.7674264	0.73573524	0.6869672	0.623043	0.5572288	0	0	0	0	0	0	0	0	0	0	0	
3	0	0.77550805	0.6574106	0.54842395	0.50593954	0.5029898	0	0	0	0	0	0	0	0	0	0	0	0	0	0	0	0	0	0	
3	0	0.55268604	0	0	0	0	0	0	0	0	0	0	0	0	0	0	0	0	0	0	0	0	0	0	
3	0.66236883	1.1446519	1.3270389	1.3050221	1.2745261	1.2571816	1.2421157	1.2238145	1.2003198	1.2084732	1.213415	1.21161	1.195036	1.161722	1.1160753	1.0594672	0.96636593	0.89813846	0.78828305	0.68623465	0.57383674	0	0	0	
3	0	0.96086884	0.82138294	0.80336714	0.80045074	0.8547264	0.90173084	0.9168163	0.8958433	0.8493969	0.78229326	0.70669115	0.6332197	0.5594069	0	0	0	0	0	0	0	0	0	0	
3	0	0.79729044	0.63977623	0.5887527	0.58755904	0.5630101	0.54703045	0.52365315	0	0	0	0	0	0	0	0	0	0	0	0	0	0	0	0	
3	0	0.5007491	0.53179747	0	0	0	0	0	0	0	0	0	0	0	0	0	0	0	0	0	0	0	0	0	
3	0.66298276	1.1685165	1.3017223	1.2957543	1.2881283	1.3066562	1.2808958	1.2626071	1.2553358	1.2344073	1.2057378	1.1687484	1.1338217	1.0825152	1.0276372	0.9466612	0.8383675	0.7427737	0.625932	0.5147781	0	0	0	0	
3	0.548766	0.76691014	1.0636746	1.0663333	1.0203079	1.0400815	1.0133079	1.0025729	0.9659092	0.9139245	0.84650797	0.7691951	0.6909016	0.611102	0.5337679	0	0	0	0	0	0	0	0	0	
3	0	0	0	0	0.5794639	0.6237811	0.61921465	0.58568573	0.5365978	0	0	0	0	0	0	0	0	0	0	0	0	0	0	0	
3	0.69625324	1.1845193	1.324735	1.3144287	1.3067559	1.2874224	1.258671	1.243859	1.2285602	1.2057714	1.1760616	1.1388614	1.101975	1.0704893	0.9998046	0.93217003	0.83028716	0.7288442	0.6385209	0.53273374	0	0	0	0	
3	0.5116826	0.91748047	0.9968919	1.0349185	1.0621917	1.1269206	1.1573308	1.1552347	1.1218822	1.0703883	1.0035213	0.92115986	0.8338245	0.74528253	0.6591995	0.57807356	0.50293404	0	0	0	0	0	0	0	
3	0	0.6840978	0.55241907	0	0.5126253	0	0	0	0	0	0	0	0	0	0	0	0	0	0	0	0	0	0	0	
3	0.59673613	1.1440284	1.32011	1.3027679	1.3128164	1.3172072	1.284548	1.2655498	1.2614629	1.2503341	1.2332442	1.2076516	1.1776335	1.1403649	1.0852922	1.0381848	0.98057	0.93681604	0.85358757	0.81417364	0.7329706	0.6048966	0.52791256	0	
3	0.6962524	1.1141706	1.3058541	1.2670414	1.2438157	1.2116436	1.2708852	1.2790959	1.2543807	1.2140603	1.1640201	1.1128997	1.0625196	0.99681985	0.9140367	0.83749944	0.750287	0.6637893	0.55842406	0	0	0	0	0	
3	0	0.6924592	0.7057077	0.65133876	0.6654774	0.6502084	0.6277808	0.6049357	0.5765963	0.5357759	0	0	0	0	0	0	0	0	0	0	0	0	0	0	
3	0.6149018	1.1391037	1.2880948	1.2674752	1.2433499	1.2153869	1.1957778	1.1748109	1.2014742	1.2063345	1.1811962	1.1267821	1.0611043	0.9768947	0.8940186	0.80297333	0.711208	0.6243481	0.5404864	0	0	0	0	0	
3	0.62027365	1.1572869	1.1173928	1.2456642	1.2048115	1.1876727	1.117071	1.0377606	0.948542	0.8570018	0.7837351	0.7747121	0.74630183	0.698728	0.64678097	0.59937686	0.5378568	0	0	0	0	0	0	0	
3	0	0.6502439	0.78277665	0.6961301	0.69189095	0.6732135	0.64535993	0.6147533	0.5859113	0.5588843	0.52646315	0	0	0	0	0	0	0	0	0	0	0	0	0	
3	0	0.64396656	0.549243	0.57039756	0.51293385	0	0	0	0	0	0	0	0	0	0	0	0	0	0	0	0	0	0	0	
3	0.66769904	1.1871642	1.27674	1.2101678	1.2428145	1.2095178	1.1666421	1.1696136	1.2136273	1.2313669	1.2185714	1.1760781	1.1217294	1.0495493	0.97862357	0.8900389	0.80741644	0.7079751	0.6062595	0.5066588	0	0	0	0	
3	0.66172355	1.1906447	1.1040643	1.2329558	1.2024482	1.1719147	1.1641525	1.1272594	1.0676154	0.99876505	0.9279597	0.8578279	0.8184689	0.7522721	0.67024595	0.5880409	0	0	0	0	0	0	0	0	
3	0	0.6920956	0.8057123	0.7476388	0.67824566	0.6264805	0.5958059	0.563961	0.529765	0	0	0	0	0	0	0	0	0	0	0	0	0	0	0	
3	0.61094695	1.1619213	1.2977488	1.3031473	1.2862638	1.274412	1.2667516	1.2591234	1.2476974	1.2323518	1.2102442	1.1838416	1.1547353	1.1079022	1.0415689	0.961936	0.8725526	0.7713299	0.67033017	0.5987987	0.51686037	0	0	0	
3	0.56712157	1.0462838	1.1257622	1.2293744	1.2262462	1.212236	1.183432	1.1424502	1.0869161	1.0234962	0.9489775	0.86864805	0.7863513	0.70116997	0.61638343	0.53598374	0	0	0	0	0	0	0	0	
3	0	0.62314934	0.5825622	0.5489014	0.5490748	0.51561916	0.50892645	0	0	0	0	0	0	0	0	0	0	0	0	0	0	0	0	0	
3	0.59162664	1.0933818	1.2779698	1.2259045	1.2233104	1.2520021	1.2727224	1.2774554	1.2705033	1.2546018	1.2353754	1.2125287	1.1805052	1.154793	1.1020246	1.0468973	0.98016953	0.8803865	0.7821104	0.6660763	0.5449076	0	0	0	
3	0.5542572	0.85461307	1.0662547	1.0271428	0.9586591	0.8907332	0.8564018	0.8438383	0.8626179	0.85934407	0.83040446	0.7765274	0.7033884	0.6207866	0.5379238	0	0	0	0	0	0	0	0	0	
3	0.6605847	1.1121383	1.2951083	1.3299521	1.2981025	1.273773	1.2797594	1.2846206	1.2800722	1.2760267	1.2693859	1.2627198	1.2636838	1.2488986	1.2453104	1.2057142	1.2081215	1.1725489	1.0811753	1.0127763	0.94697654	0.82737184	0.64129585	0	
3	0.523708	0.86572254	0.8751918	0.7520934	0.7142682	0.73425597	0.71121126	0.66707987	0.61684334	0.57043236	0.5474602	0.5081726	0	0	0	0	0	0	0	0	0	0	0	0	
3	0	0.54849136	0.52909875	0.53212905	0.5349944	0.51056063	0	0.57352805	0.5599545	0.52878857	0	0	0	0	0	0	0	0	0	0	0	0	0	0	
3	0.6516002	1.1693112	1.3065155	1.3134954	1.2920132	1.2575424	1.2761096	1.2766213	1.2734929	1.2670035	1.2590792	1.2483091	1.2248782	1.2158426	1.1730025	1.157435	1.1050142	1.01153	0.94778055	0.84231293	0.70143414	0.5827548	0	0	
3	0.57188565	1.0587989	1.2039045	1.2309486	1.2104061	1.189097	1.1698177	1.1343999	1.08032	1.0103123	0.9273779	0.8434402	0.76292986	0.6785224	0.59811866	0.5233263	0	0	0	0	0	0	0	0	
3	0	0.5761335	0	0	0	0	0	0	0	0	0	0	0	0	0	0	0	0	0	0	0	0	0	0	
3	0.67982805	1.152007	1.3070567	1.2637434	1.22401	1.2222183	1.2158258	1.2301921	1.2353245	1.2272606	1.2109623	1.186473	1.146143	1.1097561	1.0515143	0.99512327	0.9304406	0.8590656	0.7773945	0.69434035	0.5885611	0.5163859	0	0	
3	0.5525609	0.970373	1.0608	1.0662087	1.0623431	1.0422199	1.0042841	0.93910426	0.85617834	0.77031684	0.6777057	0.5925965	0.5263199	0	0	0	0	0	0	0	0	0	0	0	
3	0	0.5036582	0	0	0	0	0	0	0	0	0	0	0	0	0	0	0	0	0	0	0	0	0	0	
3	0.63949347	1.1359022	1.3210332	1.2959387	1.3122994	1.2851881	1.2763307	1.2681879	1.2414119	1.2233497	1.2002509	1.1714381	1.1282265	1.0843532	1.0163631	0.9412863	0.8503794	0.7379721	0.6158918	0.52052826	0	0	0	0	
3	0.5585376	1.0148845	1.0995793	1.1213893	1.0641276	1.0053533	0.9552076	0.90539765	0.8480906	0.7857309	0.53884286	0.70819396	0.6556938	0.5861788	0.52184576	0	0	0	0	0	0	0	0	0	
3	0.5193888	1.0576404	1.2527319	1.186342	1.1189066	1.1397964	1.141147	1.1087859	1.0489463	0.9733664	0.90936106	0.86851907	0.83752906	0.8110356	0.7828716	0.74810034	0.71740437	0.6628862	0.6157716	0.5486183	0	0	0	0	
3	0.626015	1.0913525	1.1975849	1.1171217	0.9987069	0.9302879	0.9443144	0.93461055	0.87497455	0.78999436	0.6887379	0.6480539	0.59256965	0.5273366	0	0	0	0	0	0	0	0	0	0	
3	0.7445382	1.1007364	1.2985667	1.2701141	1.2326415	1.1977366	1.1565909	1.1052887	1.0415361	0.9686936	0.88483423	0.7892083	0.7010259	0.6102097	0.5268615	0	0	0	0	0	0	0	0	0	
3	0.60802317	1.2186086	0.7051558	0.7964397	0.86072457	0.89209265	0.86311156	0.7983732	0.71479243	0.5561714	0.51063555	0	0	0	0	0	0	0	0	0	0	0	0	0	
3	0.71218073	1.1108721	1.1448623	1.2076745	1.1515088	1.0821441	1.0519474	1.0529971	1.0348215	1.0058484	0.9678456	0.9190993	0.8592694	0.7953588	0.73319626	0.6707102	0.6031965	0.5540198	0	0	0	0	0	0	
3	0.5243277	1.0124145	1.0189581	0.6240126	0.6874909	0.6919087	0.66284436	0.70358235	0.691096	0.6623162	0.62165564	0.56566817	0.5072389	0	0	0	0	0	0	0	0	0	0	0	
3	0.64873266	1.1558121	1.222357	1.1182039	1.021577	0.9176192	0.8385053	0.7834159	0.7323806	0.6832051	0.633274	0.57655835	0.52796465	0	0	0	0	0	0	0	0	0	0	0	
3	0.63472533	1.111902	1.2713901	1.2575123	1.2210188	1.1632646	1.1119193	1.1458443	1.1560327	1.1492769	1.1239719	1.0764316	1.0233139	0.9537334	0.8827515	0.8112729	0.7310957	0.65829873	0.5683561	0	0	0	0	0	
3	0	0.6186055	0.7951415	0.8442915	1.0388033	0.9939868	0.9127408	0.9465136	0.9488502	0.9143329	0.8522684	0.77378356	0.6924682	0.6102449	0.5323474	0	0	0	0	0	0	0	0	0	
3	0.67102057	1.1019158	1.1344343	1.0958301	1.0630361	1.025848	0.978098	0.90694034	0.86103576	0.7987637	0.74745685	0.6955365	0.6552817	0.6080105	0.55539495	0	0	0	0	0	0	0	0	0	
3	0	0.8388592	0.8031271	0.8447566	0.7951431	0.799707	0.7774064	0.748636	0.7106642	0.66750515	0.6164103	0.56090105	0.5063863	0	0	0	0	0	0	0	0	0	0	0	
3	0.6794533	1.2257868	1.3028607	1.3047575	1.2748072	1.2517135	1.2356032	1.2138507	1.1834937	1.147219	1.1003618	1.1055659	1.0913607	1.0362962	0.97061753	0.8719578	0.7522237	0.6457159	0.5400343	0	0	0	0	0	
3	0.5170861	0.834422	0.8284072	0.740518	0.6754311	0.631233	0.6265039	0.6103561	0.58605146	0.553334	0.50906026	0	0	0	0	0	0	0	0	0	0	0	0	0	
3	0.69586885	1.1496674	1.3259388	1.287649	1.262729	1.2462114	1.2262764	1.1994389	1.1649431	1.1225224	1.0665104	1.0032027	0.92164356	0.83662945	0.7381863	0.6420573	0.5468304	0	0	0	0	0	0	0	
3	0	0.90720266	0.7870081	0.77425283	0.7206327	0.74494094	0.723925	0.76591444	0.7438314	0.7005966	0.63740927	0	0	0	0	0	0	0	0	0	0	0	0	0	
3	0.6003619	1.062669	1.2738239	1.2987967	1.2861631	1.2816889	1.2858145	1.2877183	1.2837838	1.2798027	1.2741653	1.2635645	1.2623574	1.2518115	1.2384524	1.2126887	1.2037946	1.1541938	1.0589004	1.020852	0.9329899	0.78821033	0.63120264	0	
3	0.5061566	0.89611596	1.0340288	0.8358536	0.9145638	1.0009366	0.8428975	0.7501727	0.65523714	0.59398824	0.56729734	0.5238998	0	0	0	0	0	0	0	0	0	0	0	0	
3	0	0.7584533	0.8042772	0.76404047	0.71237826	0.6399955	0.56080055	0	0	0	0	0	0	0	0	0	0	0	0	0	0	0	0	0	
3	0.6303552	1.151684	1.2204771	1.1291567	1.1282266	1.1385096	1.1559455	1.1715007	1.1796671	1.175809	1.1641213	1.1439266	1.1074308	1.0557162	0.9755509	0.9000201	0.79805213	0.6953441	0.586832	0	0	0	0	0	
3	0.5474562	1.0308334	1.100623	1.0252218	0.94246346	0.9243295	0.90999407	0.8676723	0.7986796	0.7395007	0.7141306	0.67688084	0.62354416	0.5691327	0.5075382	0	0	0	0	0	0	0	0	0	
3	0.5825387	1.137449	1.3013831	1.3187954	1.2889024	1.2618353	1.2423514	1.2562557	1.2718023	1.2748954	1.2667522	1.2521889	1.2283807	1.2190485	1.1785032	1.160884	1.1129547	1.0249618	0.94534045	0.8461994	0.7105353	0.5836622	0	0	
3	0	0.6675366	0.8600345	1.0672723	1.0856429	1.1004565	1.0806419	1.0377885	0.9743323	0.90859324	0.83702594	0.7654499	0.69994485	0.6343245	0.56944585	0.5051389	0	0	0	0	0	0	0	0	
3	0	0.56070536	0.6765094	0.70346975	0.67460805	0.61648273	0.5488057	0	0	0	0	0	0	0	0	0	0	0	0	0	0	0	0	0	
3	0	0.7906843	0.68955266	0.5489165	0	0	0	0	0	0	0	0	0	0	0	0	0	0	0	0	0	0	0	0	
3	0	0	0	0	0	0	0	0	0	0	0.5036469	0.5870848	0.6656082	0.7403621	0.8489755	0.96060884	1.0446677	1.0559102	1.1033244	1.0389535	0.93735355	0.840698	0.8289186	0.6830447	
3	0.5404968	1.0568358	1.1444745	1.1465755	1.1481475	1.1594294	1.162756	1.1573845	1.1496994	1.144967	1.1429096	1.1386458	1.1331558	1.1270434	1.1018217	1.084291	1.0510265	0.98523414	0.9239712	0.79193705	0.7020788	0.5764257	0	0	
3	0.6451555	1.1083322	1.2949468	1.2745178	1.2151839	1.1857269	1.1556436	1.1198428	1.0761867	1.023608	0.9583369	0.88555026	0.81494457	0.73970604	0.66063136	0.5886503	0.51009715	0	0	0	0	0	0	0	
3	0.51768374	0.6060175	0.69163585	0.78037757	0.7719194	0.73879516	0.69260395	0.6349587	0.56803894	0.50557053	0	0	0	0	0	0	0	0	0	0	0	0	0	0	
3	0.63965935	1.1394023	1.2764394	1.2314131	1.162491	1.0828081	1.0421746	1.0161344	0.9671234	0.89481485	0.7986538	0.69843	0.6254399	0.555284	0	0	0	0	0	0	0	0	0	0	
3	0	0.7292198	0.6812395	0.6728543	0.65719396	0.6312424	0.59805524	0.5606746	0.522079	0	0	0	0	0	0	0	0	0	0	0	0	0	0	0	
3	0.62108916	1.0995909	1.323152	1.3316823	1.3283647	1.2931525	1.2739583	1.2690325	1.2596811	1.248623	1.2515246	1.261677	1.2399384	1.1820822	1.1342766	1.069352	0.98031306	0.9078114	0.8017736	0.6682355	0.57080185	0	0	0	
3	0.6224669	1.1499207	1.2238464	1.111663	1.20997	1.1885363	1.2064474	1.2443461	1.2621268	1.2504654	1.2201722	1.1806039	1.1283193	1.0862573	1.0165899	0.94130015	0.85496944	0.7457416	0.6294737	0.5178419	0	0	0	0	
3	0	0.7271132	0.72827405	0.7642109	0.76135105	0.70782346	0.6355643	0.5647469	0.5229615	0.5065476	0	0	0	0	0	0	0	0	0	0	0	0	0	0	
3	0.58493644	1.0796531	1.3082993	1.3144811	1.2743872	1.2511802	1.2343326	1.2120976	1.1796132	1.1412425	1.0918216	1.024792	0.95193774	0.8662873	0.7810018	0.7065569	0.62759745	0.54821163	0	0	0	0	0	0	
3	0.56170654	1.1197734	1.1938102	1.1337758	1.0437601	0.9422951	0.8477596	0.75996816	0.695522	0.65192944	0.60354346	0.5514002	0	0	0	0	0	0	0	0	0	0	0	0	
3	0	0.65466	0.58645254	0.5751757	0.6418697	0.6404184	0.59093714	0.5254612	0	0	0	0	0	0	0	0	0	0	0	0	0	0	0	0	
3	0.6200116	1.1420746	1.3308952	1.3002255	1.2668672	1.2512187	1.2418425	1.222459	1.1986157	1.167982	1.1260916	1.0758555	1.0193669	0.9476392	0.8582386	0.77749825	0.6812602	0.5820554	0	0	0	0	0	0	
3	0	0.92349416	1.1348627	1.2015883	1.1901945	1.163175	1.1364207	1.1000699	1.0424742	0.9723816	0.88249665	0.80021036	0.72808355	0.6544077	0.5812691	0.5091815	0	0	0	0	0	0	0	0	
3	0	0.515026	0.54036844	0.6109017	0.6259343	0.60385764	0.5519211	0.53456986	0.5143741	0	0	0	0	0	0	0	0	0	0	0	0	0	0	0	
3	0.55504197	1.0663277	1.3040425	1.3123871	1.2686831	1.2345402	1.2120572	1.1895853	1.1731157	1.1550089	1.13265	1.1017407	1.0525228	1.0067588	0.9409216	0.87529075	0.8235127	0.76687425	0.69740224	0.61024946	0.54368055	0	0	0	
3	0.64245254	1.1312568	1.2996699	1.2579905	1.2820237	1.2642984	1.2096694	1.1587186	1.1831434	1.1882577	1.205441	1.1786144	1.1302958	1.0422822	0.960171	0.5667523	0	0	0	0	0	0	0	0	
3	0.5564635	0.6990389	0.8461086	0.8479366	0.7962032	0.7385429	0.68632984	0	0	0.5420156	0.52570915	0	0	0	0	0	0	0	0	0	0	0	0	0	
3	0	0.54320747	0	0	0	0	0	0	0	0	0	0	0	0	0	0	0	0	0	0	0	0	0	0	
3	0.59035516	1.0358216	1.0719876	1.063185	1.1087478	1.1826963	1.158425	1.0857668	1.0087775	0.96135926	0.9447188	0.8930675	0.82842064	0.7472381	0.6706464	0.594453	0.53251016	0	0	0	0	0	0	0	
3	0	0.8780604	1.0217984	1.0353304	1.0010492	0.9431996	0.9211621	0.9028572	0.88115734	0.83821696	0.780936	0.707165	0.6346255	0.56325966	0	0	0	0	0	0	0	0	0	0	
3	0	0.5979803	0.54106176	0.5923118	0.6443747	0.6595879	0.6355121	0.58493096	0.5207866	0	0	0	0	0	0	0	0	0	0	0	0	0	0	0	
3	0.60250634	1.1454948	1.2771614	1.2480841	1.258552	1.2920516	1.2776066	1.2452191	1.2074107	1.172345	1.1653553	1.1814739	1.1596892	1.0957034	1.0155642	0.94417244	0.86121947	0.75130385	0.6307755	0.5216533	0	0	0	0	
3	0	0.8850867	0.94136524	0.9211812	0.96101856	0.95349294	0.9555391	0.9212038	0.915363	0.8896768	0.83901066	0.7709212	0.701256	0.622189	0.54822737	0	0	0	0	0	0	0	0	0	
3	0.5572531	0.9977884	0.9809999	0.8579143	0.77369183	0.7087961	0.68537974	0.65255165	0.63419974	0.6114194	0.5732214	0.5266128	0	0	0	0	0	0	0	0	0	0	0	0	
3	0	0.73395705	0.73775953	0.6797235	0.64647907	0.61141086	0.5742187	0.5395663	0.50306815	0	0	0	0	0	0	0	0	0	0	0	0	0	0	0	
3	0	0.5933308	0.51723635	0	0	0	0	0	0	0	0	0	0	0	0	0	0	0	0	0	0	0	0	0	
3	0	0.8043106	0.7343461	0.6983625	0.63764757	0.56106997	0	0	0	0	0	0	0	0	0	0	0	0	0	0	0	0	0	0	
3	0	0	0.5317788	0	0	0	0	0	0	0	0	0	0	0	0	0	0	0	0	0	0	0	0	0	
3	0.697626	1.134356	1.2582098	1.2147496	1.1812549	1.1512117	1.1481453	1.1164088	1.0582511	0.9913684	0.91243196	0.82686436	0.74540937	0.6633853	0.58604664	0.51261246	0	0	0	0	0	0	0	0	
3	0	0.8151507	0.7604884	0.76545644	0.7606444	0.715828	0.7328884	0.73648626	0.7265984	0.6998646	0.65637946	0.6015926	0.5450274	0	0	0	0	0	0	0	0	0	0	0	
3	0	0.63878953	0.6023576	0	0	0	0	0	0	0	0	0	0	0	0	0	0	0	0	0	0	0	0	0	
3	0.65176594	1.1737298	1.264187	1.1912401	1.1577272	1.1901038	1.1693643	1.1241164	1.0581324	0.9887504	0.9133603	0.83595806	0.76240414	0.68516076	0.6084657	0.5393522	0	0	0	0	0	0	0	0	
3	0.52021545	0.8939846	0.74841297	0.65372235	0.6437618	0.59198177	0.5196497	0.5285441	0.5098969	0	0	0	0	0	0	0	0	0	0	0	0	0	0	0	
3	0	0	0.5196201	0.56208926	0.5000443	0	0	0	0	0	0	0	0	0	0	0	0	0	0	0	0	0	0	0	
3	0.57092786	1.0581114	1.2165747	1.2137985	1.1540726	1.1064868	1.0727689	1.0498186	1.0040152	0.950408	0.88960826	0.82585526	0.76369405	0.6955243	0.6254514	0.5584822	0	0	0	0	0	0	0	0	
3	0	0.93413335	0.9382443	0.8406361	0.7575377	0.6909706	0.63964874	0.59814054	0.51810765	0	0	0	0	0	0	0	0	0	0	0	0	0	0	0	
3	0	0.6249848	0.62370205	0.57721573	0.5614545	0.5259749	0	0	0	0	0	0	0	0	0	0	0	0	0	0	0	0	0	0	
3	0	0	0	0	0	0.6764933	0.8122776	0.87174547	0.8708881	0.8316002	0.772683	0.71194994	0.6546539	0.5934144	0.52714896	0	0	0	0	0	0	0	0	0	
3	0.6306837	1.1705822	1.1651404	1.2061528	1.1877292	1.1545463	1.1152586	1.060426	0.98310864	0.89563316	0.8178792	0.7458116	0.6725798	0.59415996	0.51643574	0	0	0	0	0	0	0	0	0	
3	0	0.914284	0.87529856	0.73550284	0.6904607	0.6739492	0.6907756	0.6671104	0.61573017	0.56186897	0.51734346	0	0	0	0	0	0	0	0	0	0	0	0	0	
3	0	0.59741366	0.69626987	0.6519464	0.5936315	0.56132156	0.5148034	0	0	0	0	0	0	0	0	0	0	0	0	0	0	0	0	0	
3	0.5467591	1.048541	1.1672117	1.1599556	1.1737652	1.1540279	1.104454	1.0352169	0.94821423	0.8745066	0.8133953	0.75758594	0.7077118	0.65416485	0.6005059	0.53714323	0.5007131	0	0	0	0	0	0	0	
3	0.6156816	1.1218264	1.2408645	1.2829264	1.2481158	1.2078315	1.1640255	1.1125925	1.0478181	0.972991	0.88196445	0.7952024	0.7397937	0.67807484	0.6085065	0.5461626	0	0	0	0	0	0	0	0	
3	0	0.8362904	0.83784896	0.8246484	0.8002906	0.7549107	0.721289	0.6827695	0.6370728	0.58848757	0.534335	0	0	0	0	0	0	0	0	0	0	0	0	0	
3	0	0.6719347	0.6895742	0.625674	0.52773035	0	0	0	0	0	0	0	0	0	0	0	0	0	0	0	0	0	0	0	
3	0.53884405	1.0636356	1.2529576	1.2754346	1.2729974	1.2465981	1.2146627	1.1767788	1.1307955	1.0769196	1.0133524	0.9332368	0.8459759	0.7527115	0.66579777	0.59231865	0.5162209	0	0	0	0	0	0	0	
3	0	1.0064858	1.1391196	1.1128243	1.0692743	1.0328392	1.0048305	0.9759796	0.93753463	0.8977159	0.8541021	0.80356824	0.75504	0.6877513	0.61791867	0.54285544	0	0	0	0	0	0	0	0	
3	0.62939155	1.1455988	1.2144018	1.1305358	1.066491	1.0535544	1.015633	0.9429723	0.8672421	0.80968845	0.7557306	0.70138514	0.6466015	0.58461237	0.5222432	0	0	0	0	0	0	0	0	0	
3	0	0.8538773	0.75472593	0.723715	0.7072615	0.6912846	0.6819399	0.67342097	0.66062486	0.6441889	0.6243949	0.60099256	0.58117115	0.5566001	0.5387257	0.51258665	0	0	0	0	0	0	0	0	
3	0.619978	1.0652404	1.0043623	1.0524654	1.0311321	1.0193918	0.9955453	0.9630731	0.9364507	0.88876724	0.8273396	0.75875735	0.69308674	0.62319	0.5596337	0	0	0	0	0	0	0	0	0	
3	0	0.73692733	0.74528337	0.78752476	0.7519602	0.711219	0.7127078	0.682458	0.63514394	0.58309036	0.5270159	0	0	0	0	0	0	0	0	0	0	0	0	0	
3	0.68124133	1.1388777	1.2866262	1.2906334	1.245002	1.197929	1.1497648	1.0884869	1.0754865	1.0501158	1.0409125	1.0405667	1.0251322	0.9982431	0.96157724	0.9167605	0.86189663	0.8073428	0.7245819	0.65202767	0.55290174	0	0	0	
3	0.5299036	0.83762217	1.1273209	1.095219	1.0157284	0.92737776	0.84502846	0.8071851	0.7567443	0.6978904	0.6319645	0.5634441	0	0	0	0	0	0	0	0	0	0	0	0	
3	0.6704814	1.1200982	1.1269838	1.2145071	1.2381614	1.2416875	1.237226	1.2262052	1.212519	1.1931962	1.1673427	1.1289219	1.0868546	1.021841	0.95566493	0.8697171	0.77106375	0.6794006	0.5723391	0	0	0	0	0	
3	0	0.7868162	0.77551305	0.75239205	0.840525	0.8813718	0.8876829	0.88376594	0.8258416	0.78850585	0.74873525	0.6970788	0.6417602	0.58130896	0.5211417	0	0	0	0	0	0	0	0	0	
3	0	0.62269586	0.58341146	0.56620944	0.5881535	0.6116331	0.61571604	0.60745615	0.5925842	0.55919766	0.52379197	0	0	0	0	0	0	0	0	0	0	0	0	0	
3	0.61966217	1.0788467	1.3145814	1.328264	1.2936666	1.2765445	1.2706794	1.2652955	1.25494	1.2434915	1.2262367	1.2021141	1.1949508	1.2128979	1.2063218	1.2075527	1.1534353	1.1148365	1.048817	0.9361436	0.82289076	0.73799485	0.59640497	0	
3	0.58920413	1.1222781	1.220659	1.23809	1.3108001	1.3149014	1.2875198	1.2614044	1.2373915	1.2166444	1.1933142	1.1644757	1.1211665	1.0718781	0.9973015	0.9299217	0.6670389	0.60377795	0.51684225	0	0	0	0	0	
3	0.5704004	0.8388687	0.9720309	1.0221578	1.0084286	0.9300852	0.8789668	0.8279139	0.7711249	0.7126058	0.64371526	0.5887666	0.5350973	0	0	0	0	0	0	0	0	0	0	0	
3	0	0.65838206	0.62967473	0.59149486	0.5859986	0.59916055	0.584571	0.55307025	0.5347851	0.5454872	0.5526117	0.5549809	0.55170614	0.53684837	0.5274781	0.50389856	0	0	0	0	0	0	0	0	
3	0.6363921	1.0630187	1.2619714	1.1783742	1.1105602	1.0407109	0.97817296	0.96442604	0.94782937	0.9226248	0.8820291	0.8200779	0.75529504	0.6764588	0.6032018	0.53065735	0	0	0	0	0	0	0	0	
3	0.50768423	0.99815893	1.0656015	0.9853751	0.8599513	0.80197257	0.81813675	0.799871	0.76079607	0.71316534	0.65602076	0.59335107	0.53669834	0	0	0	0	0	0	0	0	0	0	0	
3	0	0.9153948	0.8716123	0.8796073	0.8655299	0.8313747	0.77996963	0.7425341	0.6858537	0.62069434	0.5505333	0	0	0	0	0	0	0	0	0	0	0	0	0	
3	0	1.085072	1.1979064	1.2779752	1.2936205	1.2771953	1.2480085	1.2209982	1.1928524	1.1608593	1.1157833	1.0665075	0.9983647	0.9264517	0.83445215	0.75140125	0.6534292	0.5757442	0	0	0	0	0	0	
3	0.7018567	1.1873001	1.2873347	1.215836	1.149025	1.0933013	1.0968688	1.0632447	1.027678	1.0434196	1.027995	0.9818688	0.9033966	0.8072587	0.7020921	0.60683113	0.51728696	0	0	0	0	0	0	0	
3	0.57780844	0.9593211	0.9905962	1.1455425	1.2131727	1.2156435	1.1731448	1.1181241	1.0500163	0.9804737	0.9101181	0.8534374	0.80271083	0.79711604	0.7812401	0.7538295	0.6839235	0.6133907	0.52802545	0	0	0	0	0	
3	0	0.84657323	0.8536165	0.9338752	1.0285296	0.89907765	0.89781713	0.8967786	0.8613431	0.8024251	0.7235858	0.6354166	0.5516155	0	0	0	0	0	0	0	0	0	0	0	
3	0	0.73051393	0.8914834	0.8606408	0.84617656	0.8195292	0.7722796	0.7167487	0.6465568	0.57977307	0.5138835	0	0	0	0	0	0	0	0	0	0	0	0	0	
3	0	0.5367295	0.6593815	0.68115366	0.61494905	0.5409611	0.53866744	0.52597	0	0	0	0	0	0	0	0	0	0	0	0	0	0	0	0	
3	0	0.96446306	0.8954612	0.88778234	0.8957025	1.0374906	1.1228787	1.1643584	1.172151	1.1565819	1.1274545	1.0880086	1.0459324	0.978192	0.9070175	0.8202085	0.7204461	0.6237078	0.5164803	0	0	0	0	0	
3	0.7056488	1.2017637	1.1951622	1.063636	0.95220524	0.8199588	0.72295874	0.7056628	0.6694859	0.6247032	0.5712097	0.51532936	0	0	0	0	0	0	0	0	0	0	0	0	
3	0.54572976	1.0039018	1.0030861	0.8887447	0.86300296	0.8055013	0.7262472	0.63865983	0.57751566	0.537261	0	0	0	0	0	0	0	0	0	0	0	0	0	0	
3	0	0.7015067	0.9079484	1.0159503	0.9889477	0.97475123	1.032175	1.0715439	1.0596876	1.0198878	0.96202564	0.8879071	0.8163861	0.7486801	0.6726692	0.61041147	0.5390341	0	0	0	0	0	0	0	
3	0	0.84098935	0.9205646	0.81326926	0.8591982	0.8841455	0.8474324	0.8363405	0.81299293	0.77732205	0.7163833	0.59032077	0.53391844	0	0	0	0	0	0	0	0	0	0	0	
3	0.55495703	1.1269433	1.1302702	1.1533418	1.1321148	1.1036098	1.1404946	1.1234462	1.0562718	1.0306299	0.9997	0.934289	0.8616641	0.76926297	0.6778461	0.59745854	0.5171796	0	0	0	0	0	0	0	
3	0	0.84030014	0.97809994	0.92206544	0.87848884	0.87494224	0.8405435	0.7757842	0.69186205	0.6116248	0.5363546	0	0	0	0	0	0	0	0	0	0	0	0	0	
3	0.626409	1.1373283	1.2943089	1.3028784	1.2861779	1.2685008	1.2549464	1.241835	1.2201285	1.1956996	1.164665	1.1271224	1.0724746	1.0150799	0.9298019	0.85555875	0.7570475	0.65588796	0.5481667	0	0	0	0	0	
3	0.54779446	0.898089	0.99102217	0.9963415	0.9385931	0.86748445	0.78871316	0.71120834	0.63825625	0.57354945	0.5102641	0	0	0	0	0	0	0	0	0	0	0	0	0	
3	0	0.9512312	0.8021913	0.615206	0.55078405	0	0	0	0	0	0	0	0	0	0	0	0	0	0	0	0	0	0	0	
3	0	0.8598593	0.7034577	0.6438655	0.6255952	0.6375213	0.6203119	0.571407	0.51033145	0	0	0	0	0	0	0	0	0	0	0	0	0	0	0	
3	0	0.68225926	0.69580376	0.63573015	0.5581171	0.5139041	0.50047827	0	0	0	0	0	0	0	0	0	0	0	0	0	0	0	0	0	
3	0	0.8421594	0.7826388	0.669594	0.69729847	0.69308543	0.66950446	0.62930334	0.5785085	0.52434814	0	0	0	0	0	0	0	0	0	0	0	0	0	0	
3	0	0.5591162	0	0	0	0	0	0	0	0	0	0	0	0	0	0	0	0	0	0	0	0	0	0	
3	0.7266395	1.2212236	1.331802	1.3075691	1.2782987	1.2938739	1.2803565	1.2542073	1.2235397	1.1992805	1.2143074	1.220204	1.1912112	1.1400974	1.0666573	0.99858236	0.9027078	0.808358	0.6990113	0.58297193	0	0	0	0	
3	0.66336596	1.0748147	1.040535	1.0392373	1.0601412	0.98527247	1.0506035	1.0705978	1.0624263	1.0271844	0.9638132	0.87755746	0.7882186	0.72161627	0.66329783	0.60183054	0.5392356	0	0	0	0	0	0	0	
3	0	0.84514725	0.75577444	0.8650848	0.7991871	0.7193299	0.677878	0.67248076	0.65087056	0.6165601	0.56809056	0.51140845	0	0	0	0	0	0	0	0	0	0	0	0	
3	0.5547947	1.0934817	1.2773626	1.2343715	1.1899381	1.135059	1.0750792	1.0053766	0.9136985	0.81027555	0.7102194	0.6740234	0.63378936	0.5900767	0.56227237	0.5423121	0.5206287	0	0	0	0	0	0	0	
3	0.6892055	1.1409675	1.1171454	1.1042299	1.0564364	0.971663	0.8917037	0.853298	0.7946558	0.77791166	0.78687423	0.77661043	0.742186	0.6900758	0.6198654	0.5458179	0	0	0	0	0	0	0	0	
3	0.5543343	0.97998816	0.8366313	0.6849481	0.64231986	0.6094452	0.5651442	0.5144202	0	0	0	0	0	0	0	0	0	0	0	0	0	0	0	0	
3	0	0.6212461	0.56331533	0	0	0	0	0	0	0	0	0	0	0	0	0	0	0	0	0	0	0	0	0	
3	0.50993675	1.028046	0.8573968	0.9046953	0.89565426	0.86911976	0.84750557	0.81376016	0.76711005	0.7140055	0.68983734	0.6658356	0.62341666	0.57321686	0.50915545	0	0	0	0	0	0	0	0	0	
3	0	0.7484752	0.76869863	0.7785343	0.83155406	0.86219746	0.86476314	0.84106815	0.79563135	0.74107975	0.67220676	0.6065197	0.5570008	0.5021234	0	0	0	0	0	0	0	0	0	0	
3	0	0.5363713	0.5494304	0.5506638	0.51211977	0	0	0	0	0	0	0	0	0	0	0	0	0	0	0	0	0	0	0	
3	0	0	0	0	0.5034386	0	0	0	0	0	0	0	0	0	0	0	0	0	0	0	0	0	0	0	
3	0.546513	1.0721613	1.2234886	1.1900879	1.1611966	1.1125755	1.0792183	1.0388988	0.97833866	0.91289043	0.86171174	0.79645205	0.7218927	0.64757746	0.58651066	0.5244401	0	0	0	0	0	0	0	0	
3	0.65837204	1.1723924	0.86838865	0.79081506	1.0035537	0.9097301	0.8812066	0.84525746	0.79356265	0.7372693	0.67990303	0.6268425	0.57564443	0.5229322	0	0	0	0	0	0	0	0	0	0	
3	0.6349539	1.0994676	1.1357578	1.0346603	1.0972732	1.1746386	1.1810381	1.1465327	1.094067	1.0399586	0.9960099	0.93629557	0.8727837	0.81034696	0.8092896	0.75596845	0.6879494	0.5968129	0	0	0	0	0	0	
3	0	0.56985223	0.7687867	0.8230165	0.90456396	0.9818979	1.0134804	0.99746776	0.9504672	0.8846589	0.80396247	0.7179822	0.63891554	0.56014556	0	0	0	0	0	0	0	0	0	0	
3	0.59932154	1.0974662	1.2962699	1.2785721	1.2455357	1.2440925	1.2109835	1.16862	1.1167471	1.054969	0.9785416	0.9713448	0.93809545	0.8841319	0.79911435	0.7241209	0.636514	0.54672235	0	0	0	0	0	0	
3	0.56661296	1.1044533	1.1046401	1.0432825	0.96145785	0.96929	1.0167547	0.9687659	0.9033363	0.81239	0.80435085	0.77860487	0.7428657	0.688462	0.6200464	0.55146724	0	0	0	0	0	0	0	0	
3	0.6467325	1.1141276	1.2522615	1.2301896	1.192544	1.1492311	1.1149541	1.0816841	1.0413344	0.98819935	0.9165133	0.8213612	0.74781036	0.7085731	0.66498303	0.6049294	0.544705	0	0	0	0	0	0	0	
3	0.5888822	0.9794978	1.0296825	0.98891294	0.96417403	0.9680035	0.9655944	0.9526589	0.92780334	0.89075667	0.8411276	0.7855923	0.72458607	0.6551828	0.58225274	0.509519	0	0	0	0	0	0	0	0	
3	0.6638629	1.1847025	1.3083936	1.2566439	1.2084353	1.1583741	1.1058553	1.1161865	1.0844419	1.0237317	0.9482287	0.87192607	0.7963795	0.7187939	0.6411569	0.5647186	0	0	0	0	0	0	0	0	
3	0.6484401	1.1489745	1.2007405	1.139531	1.0766013	1.009456	0.94315255	0.897216	0.8275223	0.75605726	0.72202957	0.67065257	0.60878325	0.5436354	0	0	0	0	0	0	0	0	0	0	
3	0.54389703	0.9567658	0.8570403	0.78217417	0.7876009	0.7918549	0.76999956	0.7231076	0.6548978	0.5862289	0.5168168	0	0	0	0	0	0	0	0	0	0	0	0	0	
3	0	0.679707	0.6256002	0.5726715	0.59601986	0.59313995	0.5628696	0.5175626	0	0	0	0	0	0	0	0	0	0	0	0	0	0	0	0	
3	0.711191	1.1995443	1.3278968	1.306326	1.2666211	1.2452508	1.2269773	1.2007428	1.1663871	1.1248709	1.0701816	0.99967426	0.92626876	0.8346816	0.7425919	0.6496163	0.55482244	0	0	0	0	0	0	0	
3	0.6022095	1.1045761	1.2160977	1.1532416	1.0591986	0.93584955	0.81801957	0.84095144	0.82081896	0.77423334	0.705994	0.6309922	0.5617799	0	0	0	0	0	0	0	0	0	0	0	
3	0.68313086	1.1347549	1.2125528	1.2001314	1.1658384	1.1405108	1.1151847	1.0829042	1.0392612	0.98720616	0.9201481	0.8472191	0.7716515	0.6901242	0.6102113	0.5357637	0	0	0	0	0	0	0	0	
3	0.6413918	0.9385254	1.2118173	1.2307279	1.2070073	1.1866655	1.1666718	1.1454517	1.1146739	1.0732366	1.0129883	0.9363673	0.85598236	0.76953006	0.6844938	0.6041046	0.5190625	0	0	0	0	0	0	0	
3	0.5180089	1.1530157	1.2214994	1.2041042	1.0428115	1.1974738	1.2021809	1.1948621	1.1690357	1.1237457	1.0598406	0.9831787	0.90334433	0.81273735	0.71518135	0.62087697	0.5282345	0	0	0	0	0	0	0	
3	0	0.7621041	0.7055603	0.7609885	0.8118127	0.81371534	0.805233	0.78930765	0.7635192	0.72570384	0.6740275	0.6138757	0.55358726	0	0	0	0	0	0	0	0	0	0	0	
3	0.60002285	1.0431262	1.100435	1.2267939	1.2450452	1.2361135	1.2348541	1.2060049	1.192689	1.1684554	1.1297238	1.0818118	1.021189	0.94001395	0.86285216	0.7782365	0.6899002	0.6042785	0.5081127	0	0	0	0	0	
3	0	0.76726377	0.7538083	0.83504367	0.89366674	0.89823216	0.8972447	0.9668314	1.0070797	1.0054039	0.95436007	0.8698999	0.777496	0.6792567	0.58831364	0.50738317	0	0	0	0	0	0	0	0	
3	0	0.6496425	0.68572754	0.725413	0.77430654	0.77439547	0.7672962	0.7820991	0.76954913	0.7240821	0.659196	0.58578444	0.5163151	0	0	0	0	0	0	0	0	0	0	0	
3	0	1.0038216	1.2698317	1.3101236	1.2784401	1.2497475	1.2652608	1.2731956	1.278671	1.2912724	1.2766325	1.2546492	1.2516724	1.23328	1.2219985	1.1785992	1.1662316	1.1120738	1.0036565	0.9538304	0.8555506	0.7028923	0.6079157	0	
3	0.5535445	0.98175055	1.2355285	1.264508	1.2582592	1.2556278	1.25652	1.2547593	1.2506018	1.2579467	1.2584305	1.2316107	1.1886462	1.1315695	1.0734142	1.0166444	0.9284582	0.83652	0.7319799	0.60688615	0	0	0	0	
3	0	0.684361	0.7174	0.80356187	0.77263725	0.76738214	0.77907556	0.76172745	0.75509346	0.72254163	0.67164	0.6090079	0.5459888	0	0	0	0	0	0	0	0	0	0	0	
3	0	0.5157233	0.6635094	0.71612805	0.7223912	0.70874333	0.6834359	0.64347136	0.58976626	0.5598177	0.5190058	0	0	0	0	0	0	0	0	0	0	0	0	0	
3	0.5494269	0.92536384	0.8432501	0.9937316	1.0797398	1.1151435	1.0853791	1.0232139	0.95063025	0.8822152	0.8224346	0.7643492	0.7267427	0.677411	0.620469	0.55553013	0	0	0	0	0	0	0	0	
3	0	0.7491035	0.66986126	0.75008196	0.86212134	0.9753331	1.0292557	1.0478979	1.0247746	0.9820681	0.92629504	0.8631121	0.79851776	0.7272832	0.6584862	0.5904272	0.5180751	0	0	0	0	0	0	0	
3	0	0	0	0	0	0	0	0	0.5812417	0.56450385	0.5309065	0	0	0	0	0	0	0	0	0	0	0	0	0	
3	0.65001154	1.1554397	1.2988535	1.2939817	1.2881659	1.2664006	1.2492671	1.2375731	1.2236459	1.2028403	1.1707653	1.1253253	1.0799371	1.0084703	0.9430783	0.85678846	0.77307725	0.6784008	0.5765202	0	0	0	0	0	
3	0.50294816	0.9459867	0.98129547	1.0933135	1.175115	1.1514903	1.0692853	0.9746832	0.94014156	0.9666357	0.96367675	0.9318915	0.87332475	0.7887596	0.6955287	0.6079006	0.51793295	0	0	0	0	0	0	0	
3	0	0	0.5259413	0.6651168	0.6518272	0.53548384	0.5459953	0.53561777	0.50845045	0	0	0	0	0	0	0	0	0	0	0	0	0	0	0	
3	0.58610326	1.0684421	0.9596604	0.9343589	0.89435095	0.8668032	0.8205649	0.78315777	0.76097375	0.7290005	0.68521374	0.63333434	0.57467324	0.51522475	0	0	0	0	0	0	0	0	0	0	
3	0.52581966	0.8519529	0.79142773	0.8686263	0.8660319	0.8162594	0.75873893	0.70765024	0.68055785	0.6434618	0.59177995	0.53173125	0	0	0	0	0	0	0	0	0	0	0	0	
3	0.68002045	1.1115094	1.2744075	1.2717355	1.2253474	1.1675494	1.1113263	1.0621009	0.9916696	0.90998316	0.81863886	0.7557131	0.7139729	0.6731689	0.6352338	0.59199107	0.5422613	0	0	0	0	0	0	0	
3	0.57042307	0.9650092	0.9332894	0.87873274	0.81756324	0.77823865	0.7588545	0.75180435	0.7188955	0.6703473	0.61006904	0.54476804	0	0	0	0	0	0	0	0	0	0	0	0	
3	0	0.84590334	0.9719735	0.9687829	0.999339	0.9549676	0.88987565	0.8325819	0.7623211	0.69624555	0.62825847	0.55789924	0	0	0	0	0	0	0	0	0	0	0	0	
3	0	0.6162603	0.59231246	0.5998802	0.5656975	0.547531	0.54851687	0.52647823	0.50107676	0	0	0	0	0	0	0	0	0	0	0	0	0	0	0	
3	0.5648413	0.9892127	0.8908526	0.9516708	0.9301743	0.9275435	0.89435756	0.8607311	0.8405407	0.8087246	0.76331633	0.71791697	0.6810455	0.626324	0.56575316	0.5029226	0	0	0	0	0	0	0	0	
3	0	0.74999946	0.72533774	0.67273015	0.72069716	0.7320865	0.72585255	0.72763497	0.72111744	0.6958966	0.6587316	0.61858994	0.57502675	0.5259418	0	0	0	0	0	0	0	0	0	0	
3	0.540062	0.8728428	0.9541514	0.8920921	1.0135438	1.0590929	1.0579288	1.0147018	0.9575507	0.9189828	0.9058416	0.9007206	0.8798711	0.8470028	0.7799219	0.7045532	0.6442687	0.59168106	0.51542544	0.5065326	0	0	0	0	
3	0.6026771	1.0715617	1.1314743	1.1369184	1.1008635	1.1169441	1.1135854	1.1418883	1.1507704	1.1490829	1.1567794	1.133061	1.0763977	1.00536	0.9190753	0.8293515	0.743153	0.6492881	0.5559765	0	0	0	0	0	
3	0.52192634	1.0067966	1.1607816	1.2172337	1.2097795	1.204427	1.1619579	1.1232415	1.0833015	1.0426494	0.99885154	0.9467043	0.89106876	0.8130139	0.73857886	0.68039006	0.6133137	0.5456488	0	0	0	0	0	0	
3	0.66946805	1.17319	1.2495317	1.1869761	1.1751754	1.171121	1.1591322	1.135743	1.0971924	1.0490378	0.98606616	0.9047226	0.8300851	0.7450007	0.6560519	0.57933336	0.5017858	0	0	0	0	0	0	0	
3	0	0.8946938	1.0394156	1.0943099	1.1188177	1.1350188	1.1543736	1.1782445	1.1937547	1.1955816	1.1731427	1.1258955	1.0714968	0.99415743	0.906983	0.82388884	0.7208173	0.61032	0.500636	0	0	0	0	0	
3	0	0.9691135	1.0955058	1.0553308	1.0519552	1.072871	1.0956535	1.0984762	1.0966676	1.0578289	0.9939658	0.9150043	0.8326258	0.74374	0.65736324	0.5794976	0.5039183	0	0	0	0	0	0	0	
3	0	0.7551111	0.8915303	0.83114594	0.73265874	0.72719824	0.75328434	0.75896364	0.738865	0.6967838	0.6358449	0.56834954	0.50286555	0	0	0	0	0	0	0	0	0	0	0	
3	0	0.67682457	0.6527609	0.5695889	0.5302694	0	0	0	0	0	0	0	0	0	0	0	0	0	0	0	0	0	0	0	
3	0	0	0.5192336	0	0	0	0	0	0	0	0	0	0	0	0	0	0	0	0	0	0	0	0	0	
3	0.6772383	1.1864898	1.3295127	1.3297168	1.3087518	1.3101438	1.2878574	1.2805232	1.2772859	1.275858	1.2705238	1.2583352	1.256266	1.2719837	1.2954729	1.2632676	1.2339125	1.1832409	1.1037214	0.97446084	0.9203452	0.8241527	0.6699589	0	
3	0.6762796	1.1132073	1.3291777	1.2964742	1.3003616	1.296539	1.2825464	1.2848635	1.2702374	1.2895904	1.3141572	1.3040372	1.2888215	1.2200993	1.1793973	1.112143	1.0621445	0.99598104	0.8817262	0.78640413	0.67394656	0.533606	0	0	
3	0.5828348	0.9079384	1.1640205	1.1362542	1.1350306	1.1583042	1.1799698	1.1842041	0.95939875	0.93380296	0.8851591	0.82085884	0.753009	0.6799184	0.61695	0.55719197	0	0	0	0	0	0	0	0	
3	0	0.9315443	0.93956804	0.9221385	0.88994545	0.8712317	0.8518685	0.8209578	0.7744557	0.7244969	0.67983985	0.6252149	0.5676678	0.50709796	0	0	0	0	0	0	0	0	0	0	
3	0	0.6665508	0.7035988	0.6948182	0.67240137	0.6508826	0.617143	0.5750335	0.52724934	0	0	0	0	0	0	0	0	0	0	0	0	0	0	0	
3	0	0	0.5147092	0	0	0	0	0	0	0	0	0	0	0	0	0	0	0	0	0	0	0	0	0	
3	0.6191699	1.0822302	1.1455722	1.1186374	1.1765473	1.1555738	1.1425129	1.1484216	1.1445904	1.1316088	1.113791	1.0878491	1.069211	1.073895	1.0677814	1.0570953	0.99592906	0.9626835	0.8835811	0.7679947	0.7044928	0.5996386	0	0	
3	0.53327745	0.8271728	0.9282047	0.92441714	0.8679955	0.8719995	0.94060934	0.94351834	0.90559816	0.84499127	0.76799154	0.686004	0.60930467	0.53187406	0	0	0	0	0	0	0	0	0	0	
3	0	0.67462236	0.5838074	0.53208166	0	0	0	0	0	0	0	0	0	0	0	0	0	0	0	0	0	0	0	0	
3	0.6720534	1.145546	1.2933468	1.3212491	1.2855656	1.2544503	1.2350663	1.2156516	1.1849115	1.1499598	1.1073622	1.0532774	0.986396	0.9095166	0.8257083	0.7324799	0.656533	0.57716954	0	0	0	0	0	0	
3	0	0.69444	0.65757185	0.6449193	0.6148502	0.6098812	0.5657662	0.5077054	0	0	0	0	0	0	0	0	0	0	0	0	0	0	0	0	
3	0	0.61771834	0	0	0	0	0	0	0	0	0	0	0	0	0	0	0	0	0	0	0	0	0	0	
3	0.6173946	1.1118449	1.2629253	1.2354509	1.1726658	1.1964778	1.2268465	1.2460405	1.2519239	1.2409838	1.2203424	1.1913371	1.1473063	1.1109617	1.0459114	0.978162	0.8976151	0.7919884	0.69286275	0.5833439	0	0	0	0	
3	0.6363137	1.1351064	1.2090197	1.2690609	1.2382927	1.1881615	1.2004216	1.1781044	1.1269368	1.0658991	0.9969623	0.9212498	0.8564697	0.78336257	0.7023601	0.632288	0.5592957	0	0	0	0	0	0	0	
3	0	0.6547842	0.65606254	0.6905511	0.7034109	0.70735854	0.7105536	0.70588106	0.6884087	0.66061485	0.62113667	0.56853634	0.5146323	0	0	0	0	0	0	0	0	0	0	0	
3	0.6039507	1.1619893	1.3189714	1.2840648	1.2719636	1.26618	1.2684683	1.2705837	1.2695857	1.261685	1.2495955	1.232355	1.2097106	1.1911573	1.1503388	1.1102937	1.0617533	0.97728425	0.87294376	0.7787966	0.6591074	0.52346694	0	0	
3	0.6228283	1.0317004	1.1343211	1.1718106	1.1016155	1.119205	1.0943683	1.0315344	0.9549676	0.8995311	0.82955027	0.7483608	0.66557276	0.5833533	0.50485194	0	0	0	0	0	0	0	0	0	
3	0	0.5704906	0	0	0	0	0	0	0	0	0	0	0	0	0	0	0	0	0	0	0	0	0	0	
3	0.59052867	1.111721	1.2208787	1.3097388	1.3143219	1.2867725	1.3037114	1.3152262	1.3271022	1.3130981	1.3255285	1.3341666	1.3103024	1.2971612	1.2616419	1.2728827	1.2589533	1.2289532	1.253203	1.230112	1.1467521	0.98772526	0.83966184	0.73808056	
3	0.57545894	1.0705107	1.2984399	1.3129548	1.2798003	1.2765247	1.2604289	1.2418042	1.2169133	1.1908125	1.1695638	1.1797385	1.1508238	1.0823481	0.9963362	0.9053495	0.79490674	0.69482255	0.58240557	0	0	0	0	0	
3	0.51293737	0.9015459	1.0361882	0.86591345	0.8094015	0.8774672	0.9518864	0.98977643	0.9755909	0.9174081	0.823581	0.7179631	0.64888537	0.5986574	0.53700095	0	0	0	0	0	0	0	0	0	
3	0	0.77131474	0.786566	0.78050643	0.78587854	0.78708667	0.7670168	0.7232123	0.66338384	0.602852	0.5396478	0	0	0	0	0	0	0	0	0	0	0	0	0	
3	0.6213518	1.1458586	1.2908623	1.3239595	1.3265543	1.3166075	1.2965653	1.2857722	1.2828795	1.280056	1.2776545	1.2725866	1.2581205	1.2601231	1.2310222	1.2350485	1.2017252	1.1494662	1.1315656	1.0596879	0.9286978	0.8404757	0.75053406	0.5491583	
3	0.5837653	1.0859149	1.2459664	1.2687106	1.2379797	1.209528	1.1113118	1.1273383	1.1055448	1.0468581	1.1412263	1.1070368	1.0450608	0.95226073	0.8551927	0.7520091	0.66346604	0.59329224	0.5078789	0	0	0	0	0	
3	0	0.95189595	0.9756569	0.9080219	0.9067364	1.0175245	1.0523299	1.0337787	0.9766424	0.904383	0.8190222	0.7328986	0.65249264	0.57315046	0.5000965	0	0	0	0	0	0	0	0	0	
3	0	0	0.74493176	0.6882801	0.6385873	0.55015	0.55705124	0.537493	0.50105137	0	0	0	0	0	0	0	0	0	0	0	0	0	0	0	
3	0	0.50481695	0	0	0	0	0	0	0	0	0	0	0	0	0	0	0	0	0	0	0	0	0	0	
3	0.693698	1.1188716	1.3101059	1.2897457	1.2626799	1.2699765	1.2839777	1.2913865	1.2854595	1.2738572	1.2588239	1.2518221	1.2813704	1.2812414	1.2348284	1.1988999	1.1426111	1.0608975	0.96755487	0.8865495	0.76349425	0.60974455	0	0	
3	0.59699905	1.1038845	1.2182118	1.2805623	1.277295	1.2629949	1.2478299	1.2365714	1.2234895	1.1842382	1.1340148	1.0786825	1.0288149	0.95110077	0.8673247	0.7799179	0.6762789	0.58702785	0.50068545	0	0	0	0	0	
3	0.70149034	1.1270382	1.2277721	1.205731	1.1264662	1.0538465	1.065663	1.095293	1.1251839	1.145988	1.1482297	1.1282178	1.0843734	1.0267992	0.93989325	0.86019945	0.75947237	0.6658372	0.5658709	0	0	0	0	0	
3	0.76472366	1.2657433	1.2537179	1.2467297	1.2252121	1.183309	1.1261735	1.05913	0.99973834	0.947483	0.90923905	0.85063326	0.77937216	0.71384484	0.64373463	0.5766957	0.50020254	0	0	0	0	0	0	0	
3	0.68742436	1.18867	1.3292866	1.3026536	1.292542	1.2747059	1.2698627	1.2608677	1.2501776	1.2357467	1.2173865	1.1924609	1.1558261	1.1230247	1.0653412	0.997043	0.92603326	0.8277078	0.7130337	0.6042114	0	0	0	0	
3	0.60645944	1.0161102	1.2136986	1.2170666	1.1924251	1.2031863	1.1723442	1.1389791	1.0973103	1.0467104	0.97643846	0.88770425	0.7987203	0.70834297	0.62400883	0.61349684	0.55150104	0	0	0	0	0	0	0	
3	0.69585305	1.2195114	1.3116426	1.2568495	1.2943251	1.2779031	1.2441559	1.2137177	1.1859365	1.1572665	1.1205528	1.0695273	1.0139476	0.9353257	0.8529133	0.77546835	0.6945316	0.6076293	0.5215908	0	0	0	0	0	
3	0.699077	1.2241243	1.0889889	1.1912353	1.1477057	1.0943208	1.0389754	0.9830072	0.9595581	0.9196309	0.8544366	0.77368295	0.7123653	0.6552983	0.5938718	0.53260374	0	0	0	0	0	0	0	0	
3	0.5002823	0.8545497	0.92799854	0.872639	0.79496056	0.78605	0.79673606	0.77536285	0.73316914	0.68081546	0.62500197	0.57029456	0.5182775	0	0	0	0	0	0	0	0	0	0	0	
3	0	0.9453899	1.118819	1.1879215	1.1528797	1.0435818	0.9290104	0.91985214	0.8972942	0.8464356	0.77686423	0.74000347	0.70445055	0.65559083	0.6022425	0.54799885	0	0	0	0	0	0	0	0	
3	0.58107597	0.7423955	0.9467485	0.97250164	0.9433023	0.9123718	0.91064477	0.8940783	0.87298715	0.851253	0.79324126	0.71578556	0.6337849	0.55083144	0	0	0	0	0	0	0	0	0	0	
3	0.56533134	1.1170925	1.0353076	0.98651356	0.96771836	0.9297147	0.8975257	0.8711829	0.84444064	0.81284326	0.7719592	0.72517014	0.6783748	0.6230236	0.5588599	0	0	0	0	0	0	0	0	0	
3	0	0.74972206	0.68906385	0.6518066	0.60734874	0.6015539	0.5910298	0.59220785	0.567283	0.52950406	0	0	0	0	0	0	0	0	0	0	0	0	0	0	
3	0.6629969	1.0428325	1.064099	1.1522088	1.1813812	1.1597133	1.1218696	1.0855579	1.0535055	1.0166198	0.99367636	0.94420344	0.88033223	0.8111209	0.7328582	0.6516137	0.56724507	0.5084017	0	0	0	0	0	0	
3	0	0.85257965	0.67259514	0.7399114	0.77977246	0.8296295	0.8409127	0.83336574	0.812846	0.7838091	0.74149036	0.6858085	0.625502	0.55738086	0	0	0	0	0	0	0	0	0	0	
3	0	0.9614023	1.1726419	1.2603918	1.2796526	1.2625704	1.2286773	1.1973337	1.1635281	1.1459408	1.1013668	1.0805147	1.0544646	0.98759913	0.91527206	0.8150192	0.70333433	0.5980797	0.5051847	0	0	0	0	0	
3	0	0.8244172	0.8435691	0.9601567	1.0720302	1.1111734	1.0938883	1.1531963	1.1975589	1.196405	1.1556311	1.085699	1.0088296	0.9198753	0.8235533	0.7355206	0.63373435	0.5394255	0	0	0	0	0	0	
3	0	0	0.56931907	0.60020936	0.70385253	0.7602632	0.75900453	0.5313325	0.73071617	0.6781953	0.60695654	0.53324026	0	0	0	0	0	0	0	0	0	0	0	0	
3	0	0	0	0.54204524	0.59027386	0.6097468	0.6009929	0.5711065	0.52765036	0	0	0	0	0	0	0	0	0	0	0	0	0	0	0	
3	0.6113231	1.0791835	1.250405	1.2757499	1.3024994	1.3119248	1.2889657	1.2731948	1.2625576	1.2512091	1.2481073	1.2389399	1.1972553	1.1693702	1.1229954	1.0842447	1.0090866	0.9213846	0.8327217	0.71121097	0.5813834	0.517035	0	0	
3	0.5789709	1.1006695	1.2354099	1.3027622	1.3079351	1.3214438	1.3214849	1.3027008	1.2998241	1.2794667	1.2660217	1.2701175	1.2481923	1.192695	1.1485145	1.1146935	1.0624852	1.0082983	0.9074454	0.7705982	0.6435675	0	0	0	
3	0	1.0061752	1.185698	1.1819254	1.2405382	1.2425717	1.2091365	1.1642921	1.1152714	1.0792577	1.0596231	1.016067	0.9486051	0.9253034	0.8462234	0.7606786	0.66482854	0.5768286	0	0	0	0	0	0	
3	0	0.96599233	1.0555189	1.0257652	0.95673364	0.8878768	0.8946886	0.86181855	0.8120918	0.75895125	0.7000231	0.63953644	0.5830648	0.52496386	0	0	0	0	0	0	0	0	0	0	
3	0.70505995	1.1651508	1.3080584	1.3008496	1.3240238	1.3104136	1.3047516	1.3031754	1.2861074	1.280755	1.2799624	1.2765772	1.2695359	1.2356613	1.2131507	1.2299142	1.222146	1.2528086	1.1984814	1.0695829	1.0214564	0.9764358	0.84984523	0.5843748	
3	0.57160807	1.0681127	1.3045608	1.3269491	1.3012475	1.3185258	1.3060691	1.2947761	1.257243	1.2522676	1.252032	1.216914	1.1703514	1.0985557	1.0538763	0.9820002	0.8876998	0.80320334	0.68936706	0.57380414	0	0	0	0	
3	0.5450255	0.9001831	1.1235571	1.1619356	1.1459436	1.1156307	1.0749303	1.0213723	0.9544656	0.8832956	0.80270344	0.71789443	0.6382966	0.5593802	0	0	0	0	0	0	0	0	0	0	
3	0	0.8230504	0.7950689	0.70295864	0.6179941	0.5691151	0.54536337	0.5070166	0	0	0	0	0	0	0	0	0	0	0	0	0	0	0	0	
3	0	0.60394716	0.632124	0.5498546	0.51092535	0	0	0	0	0	0	0	0	0	0	0	0	0	0	0	0	0	0	0	
3	0.54061	1.0205196	1.1464397	1.1179143	1.1505156	1.1235197	1.0507394	1.0963124	1.1010592	1.0571439	0.97705585	0.8698912	0.7675446	0.6869021	0.6113	0.5399478	0.5053796	0	0	0	0	0	0	0	
3	0.58624333	0.962089	1.0795002	1.1098139	1.0958622	0.9199986	1.1363211	1.1511122	1.1401186	1.1012105	1.0332297	0.97422767	0.8963603	0.79895854	0.7018653	0.61054474	0.5430215	0	0	0	0	0	0	0	
3	0	0.69995326	0.8858068	0.90911365	0.89706355	0.89718854	0.9104099	0.9186049	0.8791038	0.81569815	0.7401444	0.6642493	0.5961939	0.529117	0	0	0	0	0	0	0	0	0	0	
3	0	0.57325166	0.5486436	0.5298953	0.5077899	0	0	0	0	0	0	0	0	0	0	0	0	0	0	0	0	0	0	0	
3	0.6039977	1.160698	1.3233677	1.3184068	1.3033721	1.286821	1.2783977	1.2908652	1.3131931	1.2987151	1.2793419	1.2751706	1.259979	1.2623212	1.2347751	1.238596	1.204939	1.1593732	1.1420944	1.0701963	0.9380975	0.8548827	0.76621026	0.5637474	
3	0.7217705	1.1916925	1.24749	1.3133248	1.2894266	1.3269514	1.3002241	1.2645708	1.2407573	1.2222589	1.1996756	1.1642281	1.1315638	1.0732069	1.0174824	0.9344879	0.8476658	0.7477352	0.6321087	0.52611	0	0	0	0	
3	0.5650601	0.9291676	1.0409943	0.91005075	0.9611708	1.0511401	1.0712276	1.0475285	0.99553263	0.95137095	0.8833882	0.7968804	0.70933264	0.6226448	0.5507807	0	0	0	0	0	0	0	0	0	
3	0	0.7656369	0.6972743	0.6167405	0.59737635	0.61940145	0.6188016	0.5929801	0.55108094	0.5073735	0	0	0	0	0	0	0	0	0	0	0	0	0	0	
3	0	0	0.55817086	0.50853455	0	0	0	0	0	0	0	0	0	0	0	0	0	0	0	0	0	0	0	0	
3	0.64875513	1.2231067	1.3259075	1.3055887	1.2898232	1.3035821	1.2926916	1.270919	1.2513452	1.237022	1.2179856	1.1894487	1.1676953	1.1333405	1.0803646	1.0119809	0.9333329	0.8495746	0.7285292	0.6435399	0.5574312	0	0	0	
3	0.55219316	0.8791814	1.0229111	1.2106161	1.2194116	1.1738247	1.1077993	1.033207	0.99912864	0.99145806	0.9541389	0.8854418	0.8048032	0.7066361	0.61352736	0.5304348	0	0	0	0	0	0	0	0	
3	0	0.7818011	0.7823332	0.7185946	0.6570779	0.64898187	0.6315686	0.5971625	0.5596266	0.5420125	0.51305884	0	0	0	0	0	0	0	0	0	0	0	0	0	
3	0	0.50332814	0	0	0	0	0	0	0	0	0	0	0	0	0	0	0	0	0	0	0	0	0	0	
3	0.6824662	1.1970696	1.3327973	1.3172226	1.2783103	1.2645602	1.251854	1.2357578	1.2120537	1.1839921	1.175864	1.1522133	1.1106545	1.0391365	0.9620215	0.8815961	0.7794784	0.68083215	0.5713714	0	0	0	0	0	
3	0.5305984	0.84919304	1.0943366	1.0939794	1.1377401	1.1801951	1.1839448	1.1481574	1.084135	1.0043998	0.9172628	0.8277409	0.7463225	0.6639907	0.58799565	0.5216071	0	0	0	0	0	0	0	0	
3	0	0.79646206	0.66626126	0.62039465	0.7054132	0.75793517	0.7568877	0.7207921	0.66120374	0.59735554	0.52945566	0	0	0	0	0	0	0	0	0	0	0	0	0	
3	0	0	0.5368424	0.5555049	0.53234035	0.5009759	0	0	0	0	0	0	0	0	0	0	0	0	0	0	0	0	0	0	
3	0.7625938	1.1472591	1.2639412	1.284754	1.2717774	1.2701598	1.2915826	1.2803581	1.293246	1.2958246	1.2927982	1.283462	1.2854928	1.2686777	1.2480767	1.2527437	1.225105	1.1875936	1.1848663	1.1298987	1.0143993	0.859878	0.7966502	0.6295625	
3	0.7300752	1.2404523	1.2282934	1.2520385	1.2758265	1.3240231	1.3094395	1.2825288	1.2655516	1.2553153	1.2447715	1.2293845	1.1999319	1.1852069	1.1372811	1.1102397	1.0569001	0.9702393	0.8526672	0.7610377	0.6529991	0.53745204	0	0	
3	0.6943471	1.1614697	1.0741229	1.0400501	1.0439671	1.1062294	1.1517415	1.167027	1.140011	1.078671	0.9928105	0.90003407	0.8165125	0.7434826	0.6607087	0.59269726	0.5244947	0	0	0	0	0	0	0	
3	0	0.74311227	0.80853754	0.83214766	0.8162023	0.772776	0.716891	0.6571582	0.5961897	0.54232997	0	0	0	0	0	0	0	0	0	0	0	0	0	0	
3	0.63069344	1.0333235	1.2869508	1.3353719	1.3035717	1.2821048	1.2883704	1.3015496	1.3099259	1.3137102	1.3277049	1.3091853	1.2723873	1.2519636	1.2373562	1.2038076	1.1932919	1.1609714	1.0759485	0.9729778	0.9112294	0.80418473	0.6412462	0	
3	0.5900457	1.1355135	1.3270303	1.291547	1.2739104	1.3073434	1.3142635	1.3282659	1.3151255	1.2925959	1.2597727	1.2290567	1.3019723	1.2818465	1.2572659	1.1937767	1.1694916	1.1265268	1.037855	0.9200501	0.8441736	0.72477543	0.5579057	0	
3	0.62604594	1.1166023	1.1250833	1.2831638	1.2896136	1.2666298	1.2528144	1.2364515	1.2435308	1.2214727	1.1809686	1.1492245	1.1022018	1.0299213	0.9448045	0.86380976	0.763116	0.6568818	0.5501763	0	0	0	0	0	
3	0	0.9858904	0.9154773	0.938004	0.99488676	0.98731667	0.948279	0.89310175	0.736734	0	0	0.5539724	0.50579536	0	0	0	0	0	0	0	0	0	0	0	
3	0	0.8139174	0.8097085	0.7954685	0.78505653	0.7417239	0.6790042	0.6146354	0.55124986	0	0	0	0	0	0	0	0	0	0	0	0	0	0	0	
3	0	0.52797455	0.50857633	0	0	0	0	0	0	0	0	0	0	0	0	0	0	0	0	0	0	0	0	0	
3	0	0.50823087	0	0	0	0	0	0	0	0	0	0	0	0	0	0	0	0	0	0	0	0	0	0	
3	0.6063382	1.097328	1.2162241	1.2583236	1.2626817	1.253464	1.2287954	1.2414501	1.2537102	1.2445314	1.2243226	1.1880325	1.145079	1.1019846	1.0316122	0.97569805	0.887715	0.7852023	0.73399985	0.63608456	0.5674878	0	0	0	
3	0.57058966	1.0482665	1.0941075	1.0738122	1.1061991	1.2035688	1.2255753	1.221732	1.221409	1.2342674	1.2221268	1.1831582	1.1408279	1.074357	1.0168605	0.9363852	0.85078496	0.7543217	0.64063627	0.52999765	0	0	0	0	
3	0	0.7471741	0.8058946	0.87403995	0.9099602	0.8965596	0.9011894	0.91361105	0.8821087	0.82323414	0.744898	0.6610426	0.58381104	0.50980693	0	0	0	0	0	0	0	0	0	0	
3	0	0.52357817	0.6245848	0.6206872	0.6489991	0.6499322	0.61760324	0.6198542	0.60409105	0.56951576	0.5218801	0	0	0	0	0	0	0	0	0	0	0	0	0	
3	0.6022357	1.0432936	0.93968177	1.0579218	1.1474929	1.1805377	1.1726663	1.1781963	1.1788067	1.1341456	1.0590764	0.9648475	0.9120814	0.8630332	0.8024847	0.7556354	0.6989589	0.6421046	0.56272477	0	0	0	0	0	
3	0.5434655	0.96506685	0.99930733	0.9762173	0.99997437	1.0320238	1.0659969	1.055149	0.99941343	0.9241062	0.94662505	0.9231154	0.880471	0.8119722	0.73973453	0.6705989	0.59255993	0.5125067	0	0	0	0	0	0	
3	0	0.79272276	0.5972105	0.58744574	0.5688396	0.71150523	0.6520065	0.6039228	0.59336793	0.56692296	0.5291949	0	0	0	0	0	0	0	0	0	0	0	0	0	
3	0	0	0.504481	0	0.5206396	0.5180197	0	0	0	0	0	0	0	0	0	0	0	0	0	0	0	0	0	0	
3	0.63495153	1.1496594	1.2491884	1.2479444	1.2356861	1.2169459	1.204926	1.1948117	1.174393	1.1413504	1.0900586	1.0283315	0.9704839	0.9071808	0.8446244	0.779185	0.7004031	0.62992954	0.54650414	0	0	0	0	0	
3	0.5518899	1.0156909	0.98198617	1.1491013	1.153648	1.101935	1.030546	0.95651424	0.8723777	0.83386093	0.82686037	0.8119233	0.7736333	0.70561886	0.62879455	0.5555473	0	0	0	0	0	0	0	0	
3	0	0.60354817	0	0.51589745	0.5608598	0.5429948	0.519247	0	0	0	0	0	0	0	0	0	0	0	0	0	0	0	0	0	
3	0.54294115	1.0671905	1.2664788	1.2357504	1.155869	1.0714735	0.98719734	0.972406	0.9608832	0.94869477	0.93571234	0.9177356	0.9000761	0.87108654	0.8304938	0.760747	0.68418616	0.60079	0.51348215	0	0	0	0	0	
3	0.6255454	1.1174574	1.2379792	1.2408303	1.2168361	1.1767752	1.1265297	1.0662907	0.9976832	0.9230488	0.87558967	0.83862025	0.7965135	0.55776644	0	0	0	0	0	0	0	0	0	0	
3	0	0.58458173	0.6666576	0.6497054	0.6065106	0.57161385	0.55184346	0.5169363	0	0	0	0	0	0	0	0	0	0	0	0	0	0	0	0	
3	0.56236774	1.1015487	1.3089634	1.2924098	1.2472875	1.2140352	1.2021735	1.2235276	1.2278541	1.2186196	1.19985	1.1775334	1.1452968	1.0960456	1.0361894	0.9695269	0.8708912	0.78530467	0.67397356	0.5625571	0	0	0	0	
3	0.505648	1.0142959	1.1351253	1.1355267	1.0533142	0.9870024	0.9630584	0.9259496	0.76240647	0.7038078	0.6354086	0.5611168	0	0	0	0	0	0	0	0	0	0	0	0	
3	0	0.68263674	0.57431835	0.53575724	0.53168094	0	0	0	0	0	0	0	0	0	0	0	0	0	0	0	0	0	0	0	
3	0.6106766	1.1289792	1.2854306	1.2755183	1.2106136	1.1432409	1.0885757	1.0644436	1.0321424	0.990636	0.9310143	0.85673934	0.7611528	0.67128444	0.6618481	0.62387383	0.58961827	0.53351545	0	0	0	0	0	0	
3	0.5874333	1.0994714	1.033346	0.8680472	0.70395386	0.65073806	0.5994781	0.54639494	0	0	0	0	0	0	0	0	0	0	0	0	0	0	0	0	
3	0	0.6163819	0.5219255	0	0	0	0	0	0	0	0	0	0	0	0	0	0	0	0	0	0	0	0	0	
3	0	0.7796199	0.7447758	0.7573252	0.71609074	0.7418313	0.77076524	0.76251495	0.73483473	0.705465	0.665533	0.614681	0.5637687	0.51220375	0	0	0	0	0	0	0	0	0	0	
3	0	0.81266075	0.7847183	0.7540673	0.73804075	0.74889237	0.7495355	0.72919446	0.6970191	0.65644854	0.60577184	0.55336255	0.503359	0	0	0	0	0	0	0	0	0	0	0	
3	0	0.6217526	0	0.5156891	0.5297684	0.51769996	0	0	0	0	0	0	0	0	0	0	0	0	0	0	0	0	0	0	
3	0.6092791	1.1172065	1.2851402	1.3202608	1.2944233	1.2725154	1.2671796	1.2705758	1.2700431	1.2597135	1.2374498	1.2135806	1.1908727	1.1492093	1.1167301	1.0635515	0.9737898	0.89185375	0.7870002	0.656697	0.52377814	0	0	0	
3	0.5890513	1.0839596	1.1614864	1.2318498	1.2369288	1.2395399	1.2746571	1.2638739	1.2280664	1.1824532	1.1283251	1.071592	1.0071366	0.9288383	0.8459555	0.7586293	0.6671657	0.5794381	0	0	0	0	0	0	
3	0	0.57955396	0.55264056	0	0.6694676	0.64186645	0.59968466	0.5549142	0.5058134	0	0	0	0	0	0	0	0	0	0	0	0	0	0	0	
3	0.62831366	1.1796939	1.3059883	1.2937534	1.2494389	1.2257814	1.2239187	1.2307105	1.2352366	1.2352616	1.2566128	1.2500726	1.2419839	1.2439942	1.2127153	1.2009492	1.1531211	1.0915406	1.0511546	0.95803416	0.8181407	0.71539116	0.5946296	0	
3	0.5522738	0.86754245	0.9548745	0.9682773	0.9236638	0.9915547	1.0088762	0.9856763	0.9237958	0.8468427	0.7894175	0.7178217	0.6433376	0.5642311	0	0	0	0	0	0	0	0	0	0	
3	0	0.63119537	0.60147244	0.5784896	0.5593109	0.56349355	0.5777837	0.5853744	0.5784513	0.5576009	0.5246535	0	0	0	0	0	0	0	0	0	0	0	0	0	
3	0.63957524	1.115332	1.3195543	1.3027496	1.2780224	1.257965	1.2667338	1.2452381	1.2117157	1.247568	1.2592533	1.2465432	1.2360008	1.2328347	1.245135	1.2434938	1.201938	1.1831055	1.1574012	1.0735058	0.9333573	0.8981037	0.7976253	0.574615	
3	0.5697151	1.0056895	1.1344174	1.1519992	1.179339	1.1549547	1.1071186	1.0630295	1.0775381	1.0646789	1.018944	0.9431159	0.8542236	0.75761265	0.6640932	0.5793924	0	0	0	0	0	0	0	0	
3	0	0.5160228	0.62022865	0.5546643	0.6408798	0.68575275	0.68112785	0.64368033	0.58721715	0.53343374	0	0	0	0	0	0	0	0	0	0	0	0	0	0	
3	0.5887122	1.1076294	1.3177018	1.2943236	1.2463093	1.2279407	1.2356783	1.2324337	1.2200583	1.2023538	1.1816763	1.1552945	1.1131239	1.0733632	1.004106	0.9203097	0.8390669	0.7420373	0.6272821	0.51462173	0	0	0	0	
3	0.8047883	1.2349317	1.2983254	1.2726382	1.2713039	1.2434609	1.250167	1.243759	1.2231433	1.200288	1.1675938	1.132401	1.0827546	1.031633	0.9588489	0.8649556	0.7748876	0.6829276	0.58275807	0	0	0	0	0	
3	0.6974301	1.2373271	1.281078	1.2819285	1.2553916	1.2177542	1.180317	1.1386967	1.0842862	1.022265	0.9435134	0.8602486	0.7791999	0.71264744	0.6436619	0.5750334	0.54093075	0.5250208	0.5209814	0	0	0	0	0	
3	0.6030792	0.8619523	1.1796311	1.1782358	1.0894434	0.97585225	0.8442739	0.7915827	0.71982837	0.999938	0.97116643	0.9205788	0.85500735	0.78753555	0.70715195	0.63512224	0.55624	0	0	0	0	0	0	0	
3	0.78500956	1.2761922	1.3063234	1.286663	1.2740932	1.2683532	1.2621986	1.2516396	1.2376524	1.2187588	1.1942657	1.1611636	1.1179488	1.0711458	1.0063038	0.92037076	0.84078616	0.74037975	0.6173204	0.5094709	0	0	0	0	
3	0.7566159	1.1895245	1.2737283	1.2506974	1.270981	1.2789884	1.2771145	1.2573079	1.2337126	1.2095351	1.1815432	1.1452918	1.0927225	1.0395434	0.9604863	0.9063396	0.841657	0.7632398	0.709138	0.63707614	0.5425501	0	0	0	
3	0.6149703	1.1870673	1.3168975	1.2901287	1.2532858	1.2355956	1.2261657	1.2076422	1.2191454	1.2233162	1.2120738	1.1829844	1.1317114	1.0800663	1.003777	0.93118614	0.8448444	0.7376508	0.6172593	0.5049867	0	0	0	0	
3	0.6965568	1.1785586	1.2587571	1.2993921	1.2697682	1.225205	1.1888463	1.1519202	1.141487	1.1234839	1.1039698	1.0940294	1.0859807	1.0655248	1.0494657	1.0093838	0.940578	0.9134423	0.87364703	0.80256647	0.6891923	0.6270826	0.5094763	0	
3	0.76400447	1.2663585	1.2786242	1.2835222	1.289364	1.2650299	1.2372899	1.2108283	1.1770258	1.1935683	1.1872845	1.1562725	1.1038847	1.0410875	0.9659165	0.88287103	0.80342585	0.7062234	0.6077003	0.5087304	0	0	0	0	
3	0.74414647	1.2516094	1.286749	1.3330486	1.3244435	1.3055844	1.3070495	1.2832961	1.2894111	1.2669837	1.2276018	1.2370723	1.2614962	1.2550231	1.2745092	1.297374	1.253519	1.2360308	1.2068229	1.2115694	1.1766504	1.030102	0.8634065	0.63168234	
3	0.75344294	1.2411844	1.2992073	1.2856334	1.2655019	1.2991108	1.2692363	1.23452	1.2235372	1.2216128	1.1779668	1.105444	1.1004361	1.092537	1.0413733	0.99360627	0.8994698	0.78934014	0.6744049	0.5693841	0.507908	0	0	0	
3	0.6741741	1.1585966	1.3015366	1.3149347	1.2812176	1.259126	1.2452743	1.233464	1.2619646	1.2611861	1.2411176	1.2088076	1.1635766	1.1197337	1.0500369	0.99917006	0.91516125	0.8107946	0.7628288	0.7148424	0.67360747	0.59908265	0	0	
3	0.5735399	1.0506009	1.132769	1.1448312	1.1596787	1.1556776	1.1336621	1.1085271	1.0768727	1.0397619	0.98833543	0.91382307	0.83304733	0.7346031	0.64060813	0.5682184	0	0	0	0	0	0	0	0	
3	0	0.81160295	0.8557474	0.8430936	0.8083556	0.8223868	0.8532281	0.8502786	0.8133562	0.7515308	0.6730252	0.59185016	0.5183757	0	0	0	0	0	0	0	0	0	0	0	
3	0	0.634596	0.59329545	0.5052022	0	0	0	0	0	0	0	0	0	0	0	0	0	0	0	0	0	0	0	0	
