3	0.67599803	1.1732565	1.2001019	1.212873	1.2471205	1.2656069	1.2628474	1.2520634	1.2359338	1.2322012	1.2450839	1.2484549	1.2404404	1.2151974	1.1970041	1.1573399	1.0873893	1.0453846	0.9596268	0.8289775	0.7302576	0.6959554	0.5717299	0	
3	0.5417044	0.7535513	1.054909	1.0783302	1.1311646	1.2040889	1.2379136	1.2439909	1.2223556	1.1851788	1.1328593	1.0767188	1.0037652	0.93352705	0.84099966	0.75278276	0.65506667	0.56322026	0	0	0	0	0	0	
3	0	0.7751222	0.7548344	0.6201479	0.6187975	0.5859114	0.5553016	0.5032291	0.70757735	0.653072	0.5136408	0	0	0	0	0	0	0	0	0	0	0	0	0	
3	0	0	0	0	0	0.5212267	0.5495971	0.54966366	0.52784055	0	0	0	0	0	0	0	0	0	0	0	0	0	0	0	
3	0	0.97955555	1.2222233	1.2994996	1.3117471	1.2982501	1.2844326	1.2758372	1.2729169	1.2673254	1.2596887	1.2488357	1.225637	1.2178148	1.1753757	1.1613997	1.113161	1.0246861	0.94785035	0.8497773	0.7174655	0.5679945	0	0	
3	0.71775824	1.1599628	1.3170888	1.3396335	1.3129733	1.326729	1.2951748	1.295527	1.3311706	1.3311424	1.3192766	1.3234904	1.3015146	1.302276	1.2726794	1.2469196	1.2540318	1.2411168	1.1717045	1.1382188	1.1228418	1.0476452	0.8810071	0.5937137	
3	0.6185447	1.1082945	1.264975	1.2648405	1.2283741	1.2278396	1.2264183	1.2181662	1.1924562	1.2009534	1.2038493	1.161846	1.0903143	1.0100878	0.92269194	0.82433313	0.7322117	0.62660855	0.5258112	0	0	0	0	0	
3	0.5223426	1.0452453	1.1991452	1.1802081	1.0998898	1.0143937	0.93389446	0.868352	0.7928148	0.7210235	0.65155494	0.59079844	0.5390996	0	0	0	0	0	0	0	0	0	0	0	
3	0	0.9056808	0.84984094	0.8394835	0.8082312	0.752045	0.724298	0.6794942	0.618045	0.5525074	0	0	0	0	0	0	0	0	0	0	0	0	0	0	
3	0.58518815	1.0897759	1.3245851	1.3255901	1.2930478	1.2889	1.287092	1.2847934	1.28025	1.2767994	1.2942985	1.3077154	1.284407	1.2795485	1.2392663	1.2060751	1.1890723	1.135531	1.0602174	0.9787886	0.8793428	0.74217623	0.6075176	0	
3	0.6556557	1.1995897	1.2733771	1.3035705	1.2943058	1.3182335	1.3076284	1.28008	1.254019	1.2780515	1.2411494	1.2247986	1.2062556	1.1550647	1.07352	1.0211953	0.9444909	0.8383951	0.741505	0.62400097	0.5014158	0	0	0	
3	0.539065	0.9977456	1.0460279	1.0731034	1.1273696	1.1529144	1.1614596	1.1587896	1.145081	1.178752	1.2111822	1.2014805	1.150889	1.0911869	1.0023763	0.91237944	0.82438815	0.72155905	0.59899807	0	0	0	0	0	
3	0	0.62004703	0.6328943	0.7067344	0.7407143	0.78040165	0.8278054	0.8338895	0.8084639	0.76216	0.7007222	0.6304349	0	0	0	0	0	0	0	0	0	0	0	0	
3	0	0	0	0.5282276	0.5556153	0.5298527	0	0	0	0	0	0	0	0	0	0	0	0	0	0	0	0	0	0	
3	0.59907573	1.1167362	1.3316771	1.3047928	1.267792	1.2523748	1.2703362	1.265653	1.2607719	1.2510707	1.2314456	1.2119797	1.1884754	1.148813	1.1124681	1.0615237	0.9749121	0.8814582	0.7795186	0.6529799	0.52410364	0	0	0	
3	0.64200515	1.1769747	1.3356862	1.3093909	1.307611	1.3065579	1.3193173	1.2985635	1.2734376	1.251631	1.2323272	1.2077771	1.1868196	1.1515589	1.1119012	1.0407633	0.9787712	0.8951521	0.7718201	0.65963525	0.54275006	0	0	0	
3	0.57713395	0.88247997	1.0404997	1.0428064	0.95742613	0.9235296	0.88250476	0.83349854	0.7768708	0.7313768	0.6878723	0.6377535	0.577719	0.51905566	0	0	0	0	0	0	0	0	0	0	
3	0	0.59654987	0.6922507	0.8083928	0.8320824	0.80776995	0.7544738	0.6910232	0.6236001	0.5611336	0.50030786	0	0	0	0	0	0	0	0	0	0	0	0	0	
3	0.570839	1.0397637	1.2664686	1.2715927	1.2420115	1.2482984	1.2606806	1.2997288	1.2854804	1.2481079	1.2369071	1.2275834	1.1854864	1.1446406	1.1013151	1.0913229	1.1040624	1.0329489	0.8926868	0.7939773	0.68884486	0.5803725	0	0	
3	0.57359725	1.1237304	1.1967674	1.1418562	1.1378001	0.98996985	0.99975836	1.0605233	1.0801853	1.0606159	1.0036794	0.91961974	0.8283608	0.73154736	0.63858944	0.55808055	0	0	0	0	0	0	0	0	
3	0	0.7899919	0.71484286	0.63917834	0.64941835	0.6179651	0.560142	0.52734464	0.51036924	0	0	0.555212	0.5050754	0	0	0	0	0	0	0	0	0	0	0	
3	0.57263595	0.9806479	1.1188797	1.0273129	0.9857473	0.98771185	0.94018835	0.8531704	0.8064161	0.76905453	0.72492117	0.6807243	0.63396436	0.5921187	0.53736204	0	0	0	0	0	0	0	0	0	
3	0.54316384	1.0706847	1.1860892	1.2518833	1.23847	1.2082691	1.1744837	1.1368414	1.0818492	1.0151339	0.93000627	0.83613604	0.7663027	0.70298284	0.63702136	0.57013303	0	0	0	0	0	0	0	0	
3	0.5386537	1.0851932	1.2544674	1.3175025	1.2784333	1.2842923	1.2937045	1.285697	1.2699332	1.2612807	1.2528466	1.2488216	1.2461301	1.2242048	1.2244673	1.1887603	1.1710789	1.1353567	1.0445397	0.93644017	0.86076397	0.7361235	0.554902	0	
3	0.6416715	1.137088	1.31394	1.3142724	1.2992805	1.2565923	1.2221997	1.1944857	1.1565303	1.1114957	1.0527283	1.0466216	1.0062025	0.9434568	0.8493976	0.74877506	0.6508985	0.5646103	0	0	0	0	0	0	
3	0.579514	1.0319788	1.0803577	1.0099803	0.92155653	0.8235313	0.7701578	0.7682414	0.7584169	0.72808	0.6805881	0.62555116	0.5717037	0.51592207	0	0	0	0	0	0	0	0	0	0	
3	0	0.7432639	0.7133762	0.6040665	0.55550003	0.52129155	0	0	0	0	0	0	0	0	0	0	0	0	0	0	0	0	0	0	
3	0.7039514	1.1618543	1.3147172	1.2948023	1.2690818	1.2516025	1.234566	1.2117846	1.1798475	1.1420816	1.0934372	1.0709397	1.0453806	0.99070466	0.90935296	0.80958945	0.71170735	0.6095983	0.50970083	0	0	0	0	0	
3	0	0.79457563	0.78965974	0.9928154	1.0087502	0.9306308	0.834824	0.81731534	0.7687478	0.7257985	0.7163513	0.678889	0.6288897	0.5585885	0	0	0	0	0	0	0	0	0	0	
3	0.6815429	1.1893364	1.3148255	1.2947338	1.2701705	1.2617329	1.248446	1.2326896	1.2106154	1.1847395	1.1536	1.1456385	1.111804	1.0678318	0.98481905	0.90215003	0.7985359	0.6963213	0.596618	0.5079205	0	0	0	0	
3	0.5219759	0.866984	0.8396931	0.8295373	0.76829743	0.67450136	0.61838824	0.6080709	0.59363204	0.5721253	0.53228277	0	0	0	0	0	0	0	0	0	0	0	0	0	
3	0	0.59656924	0.57473683	0.51251405	0	0	0	0	0	0	0	0	0	0	0	0	0	0	0	0	0	0	0	0	
3	0	0.9328853	0.7973147	0.717987	0.63266796	0.6074098	0.5923775	0.5429923	0.52094036	0	0	0	0	0	0	0	0	0	0	0	0	0	0	0	
3	0	0.87434065	0.85224694	0.7197122	0.602739	0.5483583	0.519324	0	0	0	0	0	0	0	0	0	0	0	0	0	0	0	0	0	
3	0	0.6192489	0.6096958	0.5828311	0.5586667	0.53270394	0	0	0	0	0	0	0	0	0	0	0	0	0	0	0	0	0	0	
3	0.60723305	1.1440916	1.1837418	1.2387804	1.2841002	1.2819204	1.2530906	1.2162168	1.1814067	1.1426592	1.0893523	1.028022	0.9573493	0.8796174	0.805632	0.7275152	0.6500229	0.56011015	0	0	0	0	0	0	
3	0	0.78807974	0.87559325	0.89773715	0.7946866	0.81426835	0.8206843	0.824942	0.9337317	0.93729097	0.9059542	0.84124064	0.76765573	0	0	0	0	0	0	0	0	0	0	0	
3	0	0.57976305	0.62033695	0.63804865	0.65341353	0.6517423	0.62552434	0.5838033	0.53355646	0	0	0	0	0	0	0	0	0	0	0	0	0	0	0	
3	0	0.6151394	0.67700255	0.7376717	0.76008856	0.74423814	0.7671786	0.7679331	0.74683034	0.70835274	0.65510225	0.59376836	0.53161645	0	0	0	0	0	0	0	0	0	0	0	
3	0	0	0.5359177	0.5348026	0.5608517	0.5606689	0.53488827	0.5069199	0	0	0	0	0	0	0	0	0	0	0	0	0	0	0	0	
3	0	0.9477789	0.9697431	0.84445965	0.80148876	0.78159875	0.7514941	0.7429802	0.714208	0.6741023	0.6271108	0.57866293	0.5288794	0	0	0	0	0	0	0	0	0	0	0	
3	0	0.83376706	0.89356405	0.82552475	0.731451	0.6401776	0.58557534	0.59494543	0.5906208	0.56210387	0.5147921	0	0	0	0	0	0	0	0	0	0	0	0	0	
3	0	0.6534724	0.6027708	0.5876528	0.54593	0	0	0	0	0	0	0	0	0	0	0	0	0	0	0	0	0	0	0	
3	0.6648214	1.1686276	1.322042	1.3010141	1.2827066	1.2562801	1.2371399	1.2152289	1.2013545	1.1843063	1.1598084	1.1221092	1.0869976	1.0562345	0.9932237	0.9309804	0.82857543	0.725153	0.60645556	0.50315577	0	0	0	0	
3	0.6241103	1.1300724	1.0444058	1.1516495	1.195485	1.2028065	1.1865561	1.1512814	1.1020646	1.04247	1.0098696	0.9891089	0.9328904	0.8639761	0.7691355	0.66909117	0.578208	0	0	0	0	0	0	0	
3	0	0.6362073	0.57583594	0.6681901	0.7094016	0.7069393	0.66706145	0.6077044	0.541064	0	0	0	0	0	0	0	0	0	0	0	0	0	0	0	
3	0.5246332	0.9905463	1.1397775	1.1714593	1.2355987	1.2262107	1.1955042	1.1649582	1.1300896	1.0906265	1.0383608	0.972593	0.90788233	0.8418184	0.7656659	0.68417525	0.5960772	0.5065475	0	0	0	0	0	0	
3	0	0.8758123	0.80312055	0.7802589	0.77572817	0.74203104	0.7349746	0.73301286	0.7040705	0.6902217	0.6582895	0.61229396	0.5612352	0.5039659	0	0	0	0	0	0	0	0	0	0	
3	0	0.63573974	0.59539753	0.55323434	0.52974707	0	0	0	0	0	0	0	0	0	0	0	0	0	0	0	0	0	0	0	
3	0	0.9351545	0.92836964	0.86334646	0.7716759	0.6407016	0.57392126	0.5440329	0.51023394	0	0	0	0	0	0	0	0	0	0	0	0	0	0	0	
3	0	0.58988535	0.5759665	0.50144786	0	0	0	0	0	0	0	0	0	0	0	0	0	0	0	0	0	0	0	0	
3	0	0.9618521	1.0652752	0.8903062	0.79925424	0.7802127	0.73307335	0.66678625	0.62644637	0.5876066	0.5526191	0.51857954	0	0	0	0	0	0	0	0	0	0	0	0	
3	0	0.8667969	0.9703096	0.8566313	0.726398	0.6084629	0.5992017	0.5661373	0.5123985	0	0	0	0	0	0	0	0	0	0	0	0	0	0	0	
3	0.560524	1.0613911	1.3056222	1.306917	1.2809489	1.2646255	1.2543191	1.2408483	1.2244092	1.2221794	1.2222267	1.2101296	1.2002056	1.1673806	1.1262733	1.0510932	0.98715734	0.90282595	0.7795981	0.6776116	0.55449706	0	0	0	
3	0.57725036	1.1615485	1.3102459	1.3355135	1.298689	1.2702804	1.25936	1.2474953	1.2330706	1.2127589	1.1854622	1.1460152	1.1058859	1.0432158	0.9793871	0.89091355	0.8008168	0.6978005	0.58611447	0	0	0	0	0	
3	0	0.5768161	0.6968647	0.693633	0.6688088	0.73896873	0.76533747	0.7515932	0.7058313	0.5351651	0.5036031	0.5097988	0	0	0	0	0	0	0	0	0	0	0	0	
3	0	0	0.55030835	0.54952633	0.5247018	0	0	0	0	0	0	0	0	0	0	0	0	0	0	0	0	0	0	0	
3	0.6328679	1.1516576	1.2670174	1.309538	1.2849593	1.2647061	1.2539552	1.2616664	1.2325643	1.2148002	1.1886853	1.1485462	1.1641457	1.1596819	1.1035022	1.046633	0.95817184	0.84694403	0.75085264	0.6383759	0.52661353	0	0	0	
3	0.5732418	1.0567434	1.1753895	1.236108	1.264849	1.2473049	1.2809697	1.2517515	1.2072387	1.1716075	0.9834579	0.9083902	0.8391719	0.76489717	0.6862113	0.6049662	0.5281212	0	0	0	0	0	0	0	
3	0.5179918	0.9555646	1.0764914	1.12522	1.1946126	1.2194439	1.2038254	1.1561519	1.0898428	1.0183938	0.9390063	0.85943645	0.7865742	0.7124002	0.63661873	0.5595903	0	0	0	0	0	0	0	0	
3	0	0.79278815	0.77584153	0.6519385	0.5811589	0.5194542	0.5058561	0	0	0	0	0	0	0	0	0	0	0	0	0	0	0	0	0	
3	0	0.62031746	0.771789	0.7449335	0.69992405	0.6614365	0.6295386	0.5928209	0.5458154	0	0	0	0	0	0	0	0	0	0	0	0	0	0	0	
3	0.6440347	1.2008568	1.2933549	1.2899551	1.2673632	1.2487097	1.2399957	1.2338077	1.2187846	1.1959975	1.1589401	1.1169348	1.0653075	1.0019776	0.9132916	0.83195484	0.73298365	0.6256467	0.5302446	0	0	0	0	0	
3	0.6195523	1.0698549	1.2050354	1.1316094	1.1142673	1.0817133	1.038345	0.9863802	0.92359793	0.85518736	0.7773538	0.69558275	0.6310344	0.56630147	0	0	0	0	0	0	0	0	0	0	
3	0.52914745	0.95556855	0.8664816	0.7727668	0.70839965	0.66296726	0.61048657	0.5524828	0	0	0	0	0	0	0	0	0	0	0	0	0	0	0	0	
3	0	0.78983366	0.7023694	0.56997705	0	0	0	0	0	0	0	0	0	0	0	0	0	0	0	0	0	0	0	0	
3	0	0.55010325	0	0	0	0	0	0	0	0	0	0	0	0	0	0	0	0	0	0	0	0	0	0	
3	0	1.0035982	1.0683949	1.0621978	1.0229657	0.9647059	1.0044789	1.0445272	1.0435392	1.0157027	0.96209174	0.8899537	0.80955917	0.7139402	0.6495267	0.6169933	0.57672375	0.52685344	0	0	0	0	0	0	
3	0	0.92647696	0.7667186	0.8218203	0.8630612	0.8026211	0.77486444	0.81811243	0.84238565	0.84211826	0.82074195	0.7803177	0.71873915	0.64957154	0.56924826	0	0	0	0	0	0	0	0	0	
3	0	0.69614637	0.7053617	0.62940025	0.57665586	0	0	0	0	0	0	0	0	0	0	0	0	0	0	0	0	0	0	0	
3	0	0	0.5285605	0	0	0	0	0	0	0	0	0	0	0	0	0	0	0	0	0	0	0	0	0	
3	0.6977435	1.1803179	1.3165565	1.2864983	1.2541211	1.2321234	1.2053277	1.1729807	1.1296097	1.0812645	1.0215871	0.94579273	0.87545055	0.7921177	0.70311123	0.6206501	0.5470979	0	0	0	0	0	0	0	
3	0.7058153	1.0801018	1.3257623	1.2887701	1.2630785	1.23949	1.2158386	1.1864984	1.1450939	1.0976685	1.0404241	0.9671083	0.89104605	0.8168267	0.73804605	0.6564512	0.5773971	0	0	0	0	0	0	0	
3	0.51448655	0.9297484	1.0423317	1.0019543	0.89912355	0.7921797	0.7527938	0.70454663	0.6408152	0.5785091	0.5188474	0	0	0	0	0	0	0	0	0	0	0	0	0	
3	0.5575446	1.1407887	1.2946922	1.2495121	1.2039504	1.1872458	1.1987007	1.182263	1.162218	1.169556	1.1832902	1.1947551	1.196104	1.176568	1.1558776	1.101229	1.0093865	0.9421227	0.84031355	0.7082688	0.5953278	0	0	0	
3	0.59510165	1.0909929	1.2676808	1.2724417	1.255899	1.2060138	1.1530056	1.1037766	1.0471056	0.9869564	0.914704	0.8445196	0.7914984	0.72852755	0.6612309	0.5962146	0.5221078	0	0	0	0	0	0	0	
3	0.6131998	1.2092707	1.3041012	1.3012772	1.3096687	1.2863747	1.2663382	1.2514472	1.2383761	1.2206142	1.1966816	1.1630642	1.1226269	1.0726591	1.0097098	0.9209445	0.8349313	0.7321976	0.6058488	0	0	0	0	0	
3	0.6403144	1.0067153	1.2815732	1.2512174	1.2028892	1.236019	1.246583	1.2252781	1.1876246	1.1429718	1.0863266	1.0227683	0.9535678	0.87864614	0.8023244	0.7288443	0.64258957	0.5620102	0	0	0	0	0	0	
3	0	0.56749076	0.67010397	0.6536099	0.64228517	0.6704078	0.69291395	0.6967444	0.68482363	0.65827674	0.61229926	0.55428076	0	0	0	0	0	0	0	0	0	0	0	0	
3	0	0.8097224	0.66390866	0.6305609	0.6421705	0.64690864	0.64192533	0.6244747	0.5852332	0.53306586	0	0	0	0	0	0	0	0	0	0	0	0	0	0	
3	0.505847	0.8988057	0.8735061	0.86192405	0.79327625	0.76133466	0.7757773	0.73063505	0.69741476	0.6813442	0.6444484	0.5948043	0.5393739	0	0	0	0	0	0	0	0	0	0	0	
3	0.6114526	1.0334023	1.0300776	0.91623074	0.8119951	0.7765591	0.7509958	0.7118233	0.6634864	0.6157942	0.5631871	0.5154157	0	0	0	0	0	0	0	0	0	0	0	0	
3	0	1.0273015	1.0468659	0.8780278	0.7940809	0.6966342	0.6078385	0.5563374	0.5160753	0	0	0	0	0	0	0	0	0	0	0	0	0	0	0	
3	0	1.0572122	0.8654433	0.9016428	0.92541707	0.91985166	0.88626844	0.8339108	0.7714406	0.71034306	0.647898	0.5866203	0.5289194	0	0	0	0	0	0	0	0	0	0	0	
3	0.6099239	1.0693107	1.1061808	0.96275604	0.90378857	0.87894547	0.85082227	0.8138932	0.7662287	0.70970553	0.643846	0.5736912	0.5083972	0	0	0	0	0	0	0	0	0	0	0	
3	0	0.9942799	1.1205428	1.0555717	0.98448426	0.9380111	0.933657	0.9000174	0.85376346	0.82732195	0.7840352	0.730464	0.6746051	0.613214	0.5558309	0	0	0	0	0	0	0	0	0	
3	0.6602978	1.0970621	1.2544471	1.1595796	1.0827886	0.9667295	0.9645731	1.014184	1.0092582	0.96057266	0.88278764	0.7989726	0.7180331	0.6352778	0.57182854	0.51587933	0	0	0	0	0	0	0	0	
3	0.62967354	1.139041	1.3076653	1.279584	1.2428846	1.2312971	1.2288364	1.2279044	1.2246337	1.2139095	1.19207	1.1537621	1.1111724	1.04648	0.9803549	0.8913534	0.80821997	0.7106324	0.60928756	0.51404756	0	0	0	0	
3	0.55719936	1.1133994	1.1705002	1.1095325	0.98864985	0.97067225	0.94588345	0.90736914	0.85901797	0.7995315	0.73198456	0.66128397	0.76194084	0.6926841	0.6242536	0.55867815	0	0	0	0	0	0	0	0	
3	0.5652855	1.135437	1.3044734	1.2409256	1.1758114	1.120281	1.0676091	1.0091419	0.9551472	0.9057823	0.8558278	0.7943466	0.72841746	0.64889985	0.5896628	0.52993566	0	0	0	0	0	0	0	0	
3	0	0.85658324	0.8935517	0.87463224	0.8279688	0.78949106	0.74143404	0.6771233	0.5972186	0.54085314	0	0	0	0	0	0	0	0	0	0	0	0	0	0	
3	0.6354268	1.1461107	1.184797	1.0302292	0.91142726	0.8024519	0.7379811	0.69901896	0.6511846	0.60248184	0.55358046	0.5025357	0	0	0	0	0	0	0	0	0	0	0	0	
3	0	0.7106758	0.67176616	0.64451575	0.5786734	0	0	0	0	0	0	0	0	0	0	0	0	0	0	0	0	0	0	0	
3	0.57287306	1.0435562	1.0367407	0.93470925	0.8974008	0.85039717	0.817485	0.774989	0.7233617	0.6762942	0.62676704	0.57263756	0.52023834	0	0	0	0	0	0	0	0	0	0	0	
3	0	0.5806231	0.60447437	0.61259836	0.5840416	0.53603834	0	0	0	0	0	0	0	0	0	0	0	0	0	0	0	0	0	0	
3	0.55385077	1.0425531	1.1293836	1.1574631	1.1267298	1.0604529	0.98911685	0.9374044	0.9115345	0.8693571	0.80662847	0.7382264	0.66349626	0.58899164	0.5230008	0	0	0	0	0	0	0	0	0	
3	0	0.70284885	0.6704574	0.6895601	0.65021306	0.6219645	0.6016657	0.57700044	0.5403823	0	0	0	0	0	0	0	0	0	0	0	0	0	0	0	
3	0.5938654	1.0695434	1.1473328	1.1935495	1.2184687	1.2186881	1.1934131	1.1412657	1.0737146	0.999701	0.9198007	0.8756969	0.8276612	0.7675659	0.70960057	0.6477383	0.57532126	0.5110153	0	0	0	0	0	0	
3	0	1.0073087	0.90184355	0.82441396	0.7842649	0.73393303	0.6753332	0.6181907	0.5634018	0.52015024	0	0	0	0	0	0	0	0	0	0	0	0	0	0	
3	0	0.7675275	0.7838808	0.607583	0	0	0	0	0	0	0	0	0	0	0	0	0	0	0	0	0	0	0	0	
3	0.5845638	1.1008668	1.2859826	1.333993	1.320952	1.2996055	1.2806832	1.2762548	1.2645469	1.2587174	1.2537959	1.2506042	1.2525449	1.2378863	1.2341343	1.1914748	1.1876093	1.1461406	1.0515604	0.94579357	0.86561984	0.7365613	0.5541323	0	
3	0.57552886	1.0517055	1.1024652	1.0843583	1.0616773	1.0532582	1.046951	1.0224208	0.97805524	0.9231381	0.857087	0.7844007	0.7102848	0.69273275	0.6684205	0.611179	0.5509083	0	0	0	0	0	0	0	
3	0	0.92999077	0.83392316	0.69129753	0.63265634	0.55432165	0.55645776	0.5658446	0.57101655	0.565327	0.54440665	0.5083586	0	0	0	0	0	0	0	0	0	0	0	0	
3	0	0.6196311	0.6150386	0.5634788	0.5177592	0	0	0	0	0	0	0	0	0	0	0	0	0	0	0	0	0	0	0	
3	0.6013652	1.1810055	1.3341308	1.3117033	1.2770611	1.2633821	1.2754252	1.2846216	1.2841251	1.2802187	1.26911	1.2539444	1.2479454	1.2328149	1.2144262	1.1784014	1.1610985	1.10515	0.99407	0.9224681	0.82370645	0.68181974	0.52283734	0	
3	0.5968604	0.98876905	1.2770869	1.2704374	1.2293067	1.1974336	1.1607128	1.1081451	1.0708086	1.0144495	0.9364815	0.849726	0.7665275	0.682037	0.6011449	0.5287075	0	0	0	0	0	0	0	0	
3	0	0.7223803	0.64812917	0.64796174	0.6734887	0.6419029	0.58493936	0.5413369	0	0	0	0	0	0	0	0	0	0	0	0	0	0	0	0	
3	0.5930665	1.1438875	1.3300018	1.319588	1.2862356	1.274711	1.2838978	1.2898638	1.2867537	1.2813448	1.2735635	1.2613964	1.2598407	1.2481719	1.234496	1.205655	1.1958252	1.145768	1.0372429	0.99452114	0.90272284	0.7559984	0.61136276	0	
3	0.55857295	0.9965088	1.1952415	1.2351446	1.1775098	1.1108148	1.0567745	1.0785102	1.0590476	1.0132791	0.94838935	0.86400074	0.77596986	0.6796139	0.59303135	0.5142628	0	0	0	0	0	0	0	0	
3	0	0.53270245	0.5056211	0	0	0	0	0	0	0	0	0	0	0	0	0	0	0	0	0	0	0	0	0	
3	0.6627082	1.0764263	1.265058	1.2537531	1.2101604	1.2421507	1.2423061	1.2128183	1.1957574	1.177235	1.1573484	1.1161736	1.0533127	0.9727661	0.92938876	0.90320015	0.9139454	0.8456642	0.77195895	0.67023015	0.5575986	0	0	0	
3	0.5871351	1.1307397	1.1672342	1.0722648	1.0607612	1.0390335	1.0187732	0.979379	0.9202299	0.84910125	0.784416	0.70688486	0.62989056	0.55418634	0	0	0	0	0	0	0	0	0	0	
3	0	0.82834387	0.68156606	0.64978206	0.6507713	0.6494771	0.64133275	0.60870314	0.5625353	0.5138602	0	0	0	0	0	0	0	0	0	0	0	0	0	0	
3	0	0.54635763	0.5052604	0.50244325	0	0	0	0	0	0	0	0	0	0	0	0	0	0	0	0	0	0	0	0	
3	0.6135055	1.1054267	1.2397028	1.3121803	1.2791406	1.2496427	1.2464345	1.2363062	1.2049148	1.1655153	1.1182147	1.0590562	0.98338306	0.90313673	0.83764505	0.7847001	0.72316223	0.67545235	0.5985133	0.5444405	0	0	0	0	
3	0.5738994	0.8881605	1.0356474	1.1165489	1.0751902	1.0271535	0.96702427	0.9011042	0.81291497	0.70050067	0.64499986	0.58591646	0.52905786	0	0	0	0	0	0	0	0	0	0	0	
3	0	0.79275006	0.7217607	0.64822453	0.613758	0.588198	0.553752	0.5082444	0	0	0	0	0	0	0	0	0	0	0	0	0	0	0	0	
3	0	0.5841081	0.59600884	0	0	0	0	0	0	0	0	0	0	0	0	0	0	0	0	0	0	0	0	0	
3	0.62007445	1.0037916	1.1714708	1.1498029	1.1408131	1.1376387	1.1346735	1.1222155	1.1228832	1.1032132	1.0508411	0.9822422	0.8976103	0.8088772	0.78673756	0.74146104	0.66014594	0.59064305	0.5066568	0	0	0	0	0	
3	0.5122272	0.90696335	0.9764084	0.93449503	0.898066	0.9396216	0.9680213	0.98244584	0.97477454	0.93922997	0.8749419	0.7947613	0.7133093	0.6292238	0.5505768	0	0	0	0	0	0	0	0	0	
3	0	0.64250433	0.5692398	0.51817423	0.5400112	0.55560464	0.5471869	0.51951027	0	0	0	0	0	0	0	0	0	0	0	0	0	0	0	0	
3	0.6059376	1.1157571	1.2402894	1.2000507	1.224442	1.2644783	1.2636578	1.2350813	1.1915036	1.1483773	1.1008642	1.0392796	0.97412175	0.8867558	0.799024	0.70193547	0.60544866	0.54183936	0	0	0	0	0	0	
3	0.5730258	0.8312854	1.1505888	1.0560741	0.7568107	0.7356969	0.7185719	0.76898956	0.7633209	0.74732196	0.71740353	0.6695155	0.61889327	0.55460864	0	0	0	0	0	0	0	0	0	0	
3	0	0.5818513	0.6221701	0.5254509	0	0.60093355	0.5832367	0.5532092	0.51310855	0	0	0	0	0	0	0	0	0	0	0	0	0	0	0	
3	0.63619214	1.1385194	1.3386927	1.3135145	1.2857842	1.2797513	1.2773429	1.271205	1.2660217	1.2572826	1.2459143	1.2296867	1.2041289	1.185966	1.140988	1.1032789	1.0499667	0.96107674	0.8614342	0.76241577	0.6405376	0.5061687	0	0	
3	0	0.95171833	1.1313269	1.1118342	1.0124909	0.9074613	0.830306	0.764057	0.74462336	0.7011077	0.64262235	0.5754142	0.5109341	0	0	0	0	0	0	0	0	0	0	0	
3	0.6209541	1.0740113	1.226742	1.1299596	1.1240454	1.151654	1.1662941	1.2183641	1.2458969	1.2468013	1.2330363	1.2106187	1.1792521	1.1497266	1.0964378	1.0322659	0.9632939	0.86273044	0.76229906	0.643792	0.544062	0	0	0	
3	0.59336203	1.0709311	1.0911311	1.0871835	1.1500691	1.1947101	1.1977341	1.1696765	1.1245905	1.0676064	0.9924565	0.801216	0.73368	0.76481664	0.69147664	0.6139948	0.5412477	0	0	0	0	0	0	0	
3	0.53828186	0.9104816	0.93326396	0.8925095	0.8858588	0.7202928	0.7158625	0.6948088	0.65412545	0.6026302	0.54217404	0	0	0	0	0	0	0	0	0	0	0	0	0	
3	0	0.64559585	0.6576262	0.561601	0.50415486	0	0	0	0	0	0	0	0	0	0	0	0	0	0	0	0	0	0	0	
3	0.61723405	1.1533716	1.305506	1.2620008	1.2102884	1.1885978	1.2031987	1.2150381	1.2135032	1.2004755	1.1690352	1.122573	1.069166	0.9959154	0.9274117	0.86831105	0.7833205	0.7125362	0.6136099	0.52962923	0	0	0	0	
3	0	0.91706735	1.1265941	1.2219672	0.76817185	0.6961057	1.130792	1.1156008	1.0453814	0.9551995	0.8532377	0.6490676	0.58606124	0.5108774	0	0	0	0	0	0	0	0	0	0	
3	0	0.6727172	0.70104766	0.59869814	0.6294619	0.6514772	0.6514442	0.625431	0.57544714	0.516346	0	0	0	0	0	0	0	0	0	0	0	0	0	0	
3	0	0	0.50026023	0	0	0	0	0	0	0	0	0	0	0	0	0	0	0	0	0	0	0	0	0	
3	0.53975403	1.0083247	0.9849405	0.94089454	0.90859103	0.9262593	0.93182135	0.96318686	0.95297104	0.92896426	0.95038104	0.95890313	0.952248	0.9138184	0.85064113	0.7659063	0.6722692	0.5695771	0	0	0	0	0	0	
3	0	0.9359384	0.9739296	0.9699415	1.0150802	1.0260543	1.0108739	0.97148657	0.67440474	0.9357025	0.90113854	0.84352213	0.76240635	0.6731051	0.5789841	0	0	0	0	0	0	0	0	0	
3	0	0.7636026	0.67900336	0.66408545	0.71453935	0.73659664	0.7315537	0.7062766	0.6652437	0.6156513	0.557868	0	0	0	0	0	0	0	0	0	0	0	0	0	
3	0	0.57078534	0.5040224	0	0	0	0	0	0	0	0	0	0	0	0	0	0	0	0	0	0	0	0	0	
3	0.5247596	0.945048	1.0894096	1.0171927	0.90290475	0.80825454	0.7641362	0.7007712	0.6589871	0.64004683	0.60854274	0.56470776	0.5128325	0	0	0	0	0	0	0	0	0	0	0	
3	0	0.8521682	0.7110364	0.6897497	0.6556496	0.6432109	0.57157314	0.51089764	0	0	0	0	0	0	0	0	0	0	0	0	0	0	0	0	
3	0.6216182	1.1301166	1.3069193	1.2773095	1.2367152	1.2102677	1.1808795	1.1533723	1.1304286	1.0856365	1.0704879	1.0524132	1.0015955	0.9363599	0.84598184	0.7529968	0.6602952	0.60339266	0.53675914	0	0	0	0	0	
3	0.6019916	0.90750384	1.187489	1.2266418	1.1770786	1.1258649	1.0689402	0.9997542	0.93964523	0.88317347	0.8268634	0.761844	0.70225114	0.6317374	0.5619878	0	0	0	0	0	0	0	0	0	
3	0	0	0	0	0.521175	0.50147504	0	0	0	0	0	0	0	0	0	0	0	0	0	0	0	0	0	0	
3	0	0.87958163	0.85842526	0.9764189	1.09544	1.1605864	1.1822912	1.167058	1.1230414	1.067881	1.0024625	0.9255286	0.8582424	0.78073466	0.70129776	0.6280304	0.54758596	0	0	0	0	0	0	0	
3	0	0.69734484	0.806885	0.83821326	0.89029187	0.8867801	0.91241854	0.93423206	0.923969	0.8835879	0.8190883	0.7356805	0.65448636	0.58019507	0.5091919	0	0	0	0	0	0	0	0	0	
3	0	0.63684446	0.63147706	0.6126079	0.55986035	0.51778764	0	0	0	0	0	0	0	0	0	0	0	0	0	0	0	0	0	0	
3	0.6772271	1.1776874	1.1463388	1.1250699	1.0579267	1.0660831	1.0429575	1.0003959	0.9552427	0.9079708	0.8493715	0.7972254	0.75166833	0.6988261	0.6476892	0.58387685	0.5219251	0	0	0	0	0	0	0	
3	0.5077921	0.83916503	0.7748359	0.7370842	0.7967909	0.8363683	0.8485783	0.84324473	0.81539536	0.79926133	0.75602496	0.6968492	0.6337149	0.56917304	0.50959134	0	0	0	0	0	0	0	0	0	
3	0.6521675	1.1397101	1.2953621	1.2954682	1.2731421	1.2570074	1.2422917	1.2238877	1.2232616	1.2179145	1.2050118	1.1832951	1.1459513	1.098127	1.0288754	0.9613443	0.874051	0.7892304	0.707413	0.60686696	0.5193591	0	0	0	
3	0.6098265	1.1224053	1.1443722	1.0479746	0.92295307	0.89440787	0.87499493	0.8435593	0.79975015	0.7530533	0.6970575	0.64440733	0.5967471	0.5415356	0	0	0	0	0	0	0	0	0	0	
3	0	0.53656316	0.5471092	0.6248301	0.609971	0.65010375	0.667138	0.65755504	0.62963843	0.5914023	0.5445762	0	0	0	0	0	0	0	0	0	0	0	0	0	
3	0.6216758	1.1149265	1.3084519	1.3271229	1.2966523	1.2957069	1.2908301	1.2920514	1.2839456	1.2744713	1.2683142	1.265561	1.2586931	1.2457674	1.2395258	1.2208008	1.1785204	1.1697981	1.112065	0.9935435	0.9336215	0.8569136	0.713693	0	
3	0.57370466	1.10452	1.2477918	1.240122	1.2002232	1.1467144	1.1745757	1.1681052	1.1150787	1.0405155	0.9515138	0.8589657	0.7670077	0.69918	0.63805914	0.5745753	0.5022872	0	0	0	0	0	0	0	
3	0	0.7453427	0.6893145	0.7219787	0.72594595	0.7777708	0.80815643	0.7878801	0.7345421	0.66720015	0.6022087	0.53961146	0	0	0	0	0	0	0	0	0	0	0	0	
3	0	0	0.5046153	0	0	0	0	0	0	0	0	0	0	0	0	0	0	0	0	0	0	0	0	0	
3	0.5864292	1.0857809	1.3249027	1.3199006	1.2841918	1.2670145	1.2654507	1.2669756	1.2545418	1.2378145	1.2205229	1.2054458	1.1856288	1.1599193	1.1325123	1.1019274	1.0343076	0.9745203	0.8928826	0.7647852	0.6443807	0.52371967	0	0	
3	0.5992633	1.1042575	1.2315352	1.2756712	1.2250419	1.171228	1.1159045	0.99237937	0.9414144	0.8546913	0.75083536	0.67068005	0.6185037	0.6158575	0.5627104	0	0	0	0	0	0	0	0	0	
3	0	0.6943481	0.75603354	0.59683853	0.7470948	0.69948786	0.6451208	0.59525865	0.53414065	0	0	0	0	0	0	0	0	0	0	0	0	0	0	0	
3	0.5836887	1.0965025	1.083795	1.128549	1.0653158	0.9969201	0.9443759	0.90003	0.84849584	0.8167348	0.78908014	0.75559205	0.7217473	0.6758915	0.6236755	0.5674112	0.50397205	0	0	0	0	0	0	0	
3	0	0.6422449	0.64068836	0.6661874	0.6473822	0.6183104	0.6003237	0.58422345	0.5596639	0.52510935	0	0	0	0	0	0	0	0	0	0	0	0	0	0	
3	0.664107	1.0250691	1.1416776	1.1563694	1.1265771	1.1083089	1.0531826	1.0329906	0.994693	0.9769165	0.98192656	1.0119414	1.0036769	0.9934569	0.94671327	0.9418906	0.87191856	0.77727336	0.66620886	0.54539067	0	0	0	0	
3	0	0.72272426	0.6661023	0.87869424	0.8945022	0.89741707	0.77271885	0.7411775	0.6924991	0.6632039	0.6166933	0.5581375	0	0	0	0	0	0	0	0	0	0	0	0	
3	0	0.56537086	0.61609167	0.579474	0.5254383	0.7044601	0.710599	0.68181545	0.6301966	0.57226187	0.51132864	0	0	0	0	0	0	0	0	0	0	0	0	0	
3	0	0.5241885	0.5053189	0	0	0	0	0	0	0	0	0	0	0	0	0	0	0	0	0	0	0	0	0	
3	0	1.0020847	1.2720227	1.3024247	1.2587744	1.2156079	1.1872551	1.1341354	1.078694	1.0125563	0.93214697	0.8610623	0.799482	0.77773404	0.77631193	0.7631513	0.7211665	0.6437494	0.5650822	0	0	0	0	0	
3	0.60154086	1.011503	1.1334664	1.2196566	1.2828321	1.2756159	1.2703743	1.26327	1.251321	1.2383822	1.2185534	1.1932184	1.1684319	1.1177785	1.0763605	1.010611	0.9229151	0.8419234	0.72377986	0.6119447	0	0	0	0	
3	0	0.9828697	1.1280662	1.055281	0.9652268	0.90209097	0.86499137	0.8024854	0.72273856	0.6447527	0.56997454	0	0	0	0	0	0	0	0	0	0	0	0	0	
3	0	0.7583728	0.90172607	0.7969738	0.7083836	0.6782542	0.64928466	0.60932463	0.56130165	0.5134924	0	0	0	0	0	0	0	0	0	0	0	0	0	0	
3	0	0.55553573	0.5777685	0.512425	0	0	0	0	0	0	0	0	0	0	0	0	0	0	0	0	0	0	0	0	
3	0	0	0.6021612	0.6746306	0.69447416	0.69675535	0.69224143	0.68168414	0.66769236	0.64836276	0.6213732	0.5866851	0.5486395	0.5004727	0	0	0	0	0	0	0	0	0	0	
3	0.667252	1.1736312	1.3290073	1.3117766	1.2838554	1.2663457	1.2547523	1.2421794	1.2216179	1.2387819	1.2441739	1.2377745	1.2176821	1.1773874	1.128759	1.0534762	0.9985952	0.9164254	0.79089636	0.6904987	0.5690018	0	0	0	
3	0.5814589	0.99901044	1.15089	1.2455437	1.2410848	1.2734982	1.2757109	1.2790803	1.2568702	1.1364154	1.2196832	1.2011055	1.1891618	1.1322981	1.0654659	0.97512937	0.8702116	0.7788763	0.66077596	0.55554247	0	0	0	0	
3	0	0.7710903	0.8660643	0.84585357	0.827066	0.7991307	0.7557239	0.87264764	0.87174666	0.8385382	0.7813707	0.70990264	0.63712376	0.5630941	0	0	0	0	0	0	0	0	0	0	
3	0	0.82326114	0.69705826	0.63525254	0.5810446	0.5333963	0	0	0	0	0	0	0	0	0	0	0	0	0	0	0	0	0	0	
3	0	0.5857186	0.6173786	0.5642308	0.5273991	0	0	0	0	0	0	0	0	0	0	0	0	0	0	0	0	0	0	0	
3	0.6187156	1.1646115	1.3266078	1.2863678	1.309496	1.2967817	1.2713321	1.301903	1.2966204	1.264216	1.2243147	1.1898758	1.1593548	1.1138148	1.0588716	0.99806964	0.903091	0.8242856	0.722641	0.6249318	0.5240176	0	0	0	
3	0.6162775	1.135285	1.2484878	1.0315533	1.2334564	1.2110541	1.1585264	1.0942501	1.0260944	0.96587944	0.8998378	0.83136797	0.7635039	0.6880803	0.6124297	0.53988373	0	0	0	0	0	0	0	0	
3	0	0.7184651	0.70342374	0.75479394	0.80235094	0.8089893	0.77976274	0.72025865	0.6687363	0	0	0	0	0	0	0	0	0	0	0	0	0	0	0	
3	0.60534775	1.1507704	1.3081921	1.3235476	1.28894	1.2743722	1.2734616	1.279724	1.2799884	1.2773398	1.2699238	1.2557809	1.2504433	1.2349632	1.2165864	1.1791269	1.1597556	1.0994109	1.013138	0.95353276	0.84334964	0.7107949	0.62569404	0	
3	0.6209222	1.1176039	1.1884439	1.1621346	1.1766455	1.1839145	1.1913848	1.1584953	1.114853	1.0483731	0.9669163	0.87338203	0.78160316	0.6929764	0.61041397	0.53417367	0	0	0	0	0	0	0	0	
3	0	0	0	0.5532115	0.61639094	0.62992257	0.6025693	0.5561936	0.5437154	0.5180728	0	0	0	0	0	0	0	0	0	0	0	0	0	0	
3	0.5929309	1.1658431	1.2962406	1.3279254	1.2913436	1.2915181	1.2792039	1.2722661	1.2624205	1.2537162	1.2490367	1.2451837	1.2342111	1.2360871	1.2040393	1.202315	1.160019	1.079838	1.0409437	0.955316	0.823429	0.7001583	0.58512604	0	
3	0.5228033	1.0145046	1.0363086	1.015864	1.219532	1.2106444	1.1666361	0.9253845	1.0392473	0.97352487	0.9015674	0.82461053	0.74796563	0.66860634	0.5917576	0.516966	0	0	0	0	0	0	0	0	
3	0	0.65017635	0.7012232	0.6302261	0.5826332	0.5995971	0.6196162	0.61314046	0.5828682	0.54091674	0	0	0	0	0	0	0	0	0	0	0	0	0	0	
3	0.608325	1.1293576	1.3295639	1.3093995	1.2748295	1.2575009	1.2458358	1.2270147	1.2081484	1.2141848	1.2232631	1.2321321	1.2296542	1.2297183	1.2089573	1.1858333	1.1180747	1.0635761	0.99498457	0.8777845	0.76252586	0.65757674	0.5019232	0	
3	0.5085069	0.5790084	0.9259852	0.92457664	0.9246973	0.90614265	0.94606316	0.9519124	0.92784524	0.88063645	0.8142714	0.7360747	0.6605478	0.5810449	0.5048983	0	0	0	0	0	0	0	0	0	
3	0.6089132	1.117999	1.2566322	1.271029	1.2664397	1.2351068	1.2267512	1.2277554	1.2321553	1.2246981	1.2028391	1.1984874	1.2175163	1.1986785	1.1465623	1.0766085	0.9775044	0.8884235	0.7955363	0.67801696	0.5513095	0	0	0	
3	0.7367855	1.2137992	1.2865435	1.2641735	1.2584058	1.3211123	1.3269612	1.3103055	1.2965945	1.2660705	1.2444577	1.2338548	1.2161058	1.1879512	1.158244	1.119669	1.0421972	0.972501	0.88159555	0.75147396	0.634706	0.5120845	0	0	
3	0.68955857	1.2117704	1.1738465	1.2530051	1.2452289	1.2729036	1.1726462	1.1502426	1.1539919	1.160504	1.2373601	1.2093621	1.170019	1.1363057	1.0805343	1.0128963	0.9411778	0.8382021	0.7286767	0	0	0	0	0	
3	0.7076588	1.1734933	1.241198	1.3088905	1.2906684	1.2538553	1.2255117	1.1981329	1.1626403	1.1180849	1.0581359	0.9880642	0.9194721	0.8428765	0.7686527	0.6871028	0.5984305	0.5199488	0	0	0	0	0	0	
3	0.66080976	1.2072936	1.3342667	1.3178781	1.2917837	1.2637527	1.2561351	1.236642	1.2462003	1.2537724	1.2369422	1.2163398	1.1972761	1.2159405	1.2165576	1.1494298	1.0787162	0.99357563	0.875331	0.7667698	0.6583517	0.52246565	0	0	
3	0.5683972	1.0966189	1.235324	1.2623463	1.2372355	1.1852623	1.126709	1.09387	1.0588837	1.0108993	0.9537237	0.8815082	0.8004525	0.69878095	0.62254685	0.57968956	0.54390764	0	0	0	0	0	0	0	
3	0.65057915	1.1475413	1.2809592	1.2932855	1.2926478	1.3079039	1.2947434	1.2713621	1.2456634	1.2250065	1.2046447	1.2224038	1.2118431	1.2076335	1.1654891	1.1400633	1.0728034	1.0005232	0.92572325	0.8039937	0.7115077	0.5967622	0	0	
3	0.59575146	1.186294	1.3107028	1.3111751	1.3097615	1.279344	1.2579216	1.2449236	1.2256248	1.2021621	1.1729393	1.1359	1.0806309	1.0251385	0.93997973	0.8619593	0.76025057	0.6733335	0.5835223	0.508692	0	0	0	0	
3	0.72529316	1.2358326	1.2372605	1.2840389	1.2956595	1.2903311	1.2817435	1.2751873	1.2742189	1.268965	1.2615722	1.2507122	1.2431787	1.244032	1.2106134	1.1669439	1.123393	1.0393645	0.95893776	0.8664	0.7370754	0.6302598	0.53216386	0	
3	0.50605214	1.0499427	1.2121673	1.2041906	1.2065445	1.2024201	1.1888875	1.1561582	1.1050886	1.0420926	0.9668645	0.88903874	0.81616724	0.74101514	0.6642079	0.5890401	0.51228005	0	0	0	0	0	0	0	
3	0.6393191	1.1545458	1.2457376	1.2916853	1.3136913	1.300833	1.2866534	1.2787409	1.2845914	1.2866122	1.3082106	1.2935485	1.2638249	1.2238146	1.183825	1.1284381	1.1427575	1.1280102	1.1779922	1.1624134	1.0626179	0.8911498	0.7740608	0.5839438	
3	0.6083514	1.1430522	1.2086577	1.3082609	1.2862326	1.2609864	1.3009903	1.2926111	1.2607974	1.2470378	1.2662317	1.2718526	1.2604185	1.2514073	1.2120703	1.1990062	1.1639078	1.0875665	1.0344461	0.95726895	0.83278084	0.69748515	0.5904635	0	
3	0.577228	1.0986509	1.3016111	1.312571	1.2821912	1.2681295	1.2488377	1.2259085	1.2026976	1.197353	1.1600491	1.0938303	1.029755	0.94121504	0.84813195	0.75151855	0.6428199	0.5688437	0	0	0	0	0	0	
3	0	0.90693116	1.0938072	1.1258861	1.0926802	1.075908	1.0292342	0.9780439	0.9553333	0.917906	0.86893785	0.8072415	0.7448613	0.67965305	0.6116505	0.5456606	0	0	0	0	0	0	0	0	
3	0	0.7203349	0.6937848	0.70527375	0.6706222	0.6690825	0.65604985	0.629762	0.5885672	0.5429586	0	0	0	0	0	0	0	0	0	0	0	0	0	0	
3	0	0.5591264	0.5832062	0.5490264	0.5026375	0	0	0	0	0	0	0	0	0	0	0	0	0	0	0	0	0	0	0	
3	0.6219027	1.1571156	1.313205	1.2664914	1.2096469	1.1750242	1.1818987	1.2005397	1.2071503	1.1966873	1.1713136	1.1297174	1.0740097	1.0090212	0.9306457	0.84478587	0.7557818	0.6558148	0.5601869	0	0	0	0	0	
3	0	0.77924806	0.6073127	0.5626361	0.8140056	0.7983546	0.7393656	0.58614105	0.533033	0	0	0	0	0	0	0	0	0	0	0	0	0	0	0	
3	0	0.5765491	0.59636575	0.52819216	0	0	0	0	0	0	0	0	0	0	0	0	0	0	0	0	0	0	0	0	
