7	0	0	0.52491593	0.7676023	0.88441384	0.8913674	0.85478944	0.98862714	1.0718162	1.0781313	1.0481938	1.0462551	1.1043245	1.1453605	1.1901805	1.2046534	1.2766733	1.2763693	1.3258787	1.3452864	1.3330742	1.2411283	1.0671827	1.2065703	
7	0	0	0	0.532583	0	0.51268595	0.582109	0.61741537	0.7570599	0.7883748	0.8914746	0.9880763	1.0305367	1.0330392	1.0670508	1.1483696	1.2487079	1.2575434	1.3093705	1.3724517	1.2997985	1.2052457	1.0331074	1.1715899	
7	0	0	0	0	0	0	0	0	0	0	0	0.5714395	0	0	0	0.8232453	0	0	0	0	0	0	0	0	
7	0	0	0.65828717	0.778262	0.84844697	0.97613347	0.9987594	1.0524848	1.0903049	1.1081555	1.1054944	1.08539	1.0446243	1.0716872	1.1186138	1.1898401	1.2377928	1.2634696	1.3068838	1.3783214	1.338729	1.2446418	1.0839293	1.2369531	
7	0	0	0	0	0	0.68830407	0	0	0.88612175	0	0.8960606	0.9780314	1.0080918	1.0353771	1.0780184	0.771422	0	1.1579825	1.2310709	1.2411249	1.2561605	1.2381508	1.0345027	1.1492176	
7	0	0	0	0.5023157	0.62758344	0.69387364	0.75497895	0.79112124	0.9105855	1.0073006	1.0638543	1.0965981	1.1425915	1.1468322	1.1431428	1.1106409	1.214006	1.2597396	1.3253782	1.3500108	1.3355355	1.242372	1.0741009	1.2248133	
7	0	0	0	0.5578865	0.6438954	0.6500118	0	0.51980466	0.5417441	0.6767011	0.71472114	0.77546865	0.8352701	0.87375575	0.9198798	1.0207819	1.1156	1.1911942	1.2980111	1.3346312	1.3123491	1.2280527	0.9092101	0	
7	0	0.5368794	0.6903346	0.81793004	0.858426	1.0085058	1.0447865	1.0209559	1.0162917	1.0446948	1.0419102	1.0881846	1.1086318	1.1439556	1.1685568	1.2253644	1.2334927	1.249661	1.3169055	1.3723596	1.331733	1.2469875	1.082536	1.2266349	
7	0	0	0	0	0.58488834	0.6723284	0.69821465	0.7268968	0.7692077	0.78272736	0.8113812	0.81927013	0.8569616	1.006265	1.0711682	1.1276817	1.2249757	1.2676135	1.3323797	1.3684219	1.3410583	1.241583	1.087852	1.240928	
7	0	0	0	0	0	0	0	0	0	0	0	0	0	0	0	0	0	0	0.5410934	0.56381595	0	0	0	0	
7	0	0	0	0	0	0	0	0.70179695	0	0	0	0	0	0	0	0.9994377	0	0	0	0	0	0	0	0	
7	0	0	0	0.7198971	0.8397052	0.8632946	0.84913653	0.82287985	0.84122986	0.83070976	0.89924	0.9449235	1.0124024	1.0493615	1.0859555	1.1378592	1.2214005	1.2525417	1.3304949	1.3694395	1.3432442	1.2448928	1.0891355	1.2387006	
7	0	0	0	0	0	0	0	0	0	0	0.5201921	0.55656266	0.7793038	0.88640773	0.58160245	0.62581575	0.65811753	1.012338	1.1387445	0	0	1.1649795	0	1.0667266	
7	0	0	0	0.60699266	0.69716495	0.72932476	0.8052689	0.85471547	0.87453234	0.86773366	0.9422437	1.0072448	1.084554	1.1685517	1.2316283	1.2672099	1.2878816	1.2749691	1.2975329	1.3572999	1.3468975	1.2478601	1.0788298	1.2416307	
7	0	0	0	0	0.57675564	0.6767365	0.71688706	0.74783325	0.8448467	0.89682126	0.89407474	0.8679722	0.90805787	1.0230993	1.1003203	1.1283962	1.1832161	1.2128296	1.312192	1.3612524	1.3327674	1.246337	1.0801878	1.2067745	
7	0	0	0	0	0.51214653	0.69345254	0.7722473	0.82793015	0.7958654	0.91919947	0.98727673	1.0328983	1.0684603	1.1046498	1.0956244	1.1072617	1.0755509	1.1760848	1.2767054	1.2351383	1.2632023	1.2170911	1.0690707	1.2072736	
7	0	0	0	0.5485642	0.63097763	0.6835483	0.7142168	0.7875753	0.9094484	0.8137787	0.8773025	0.943254	0.9694996	1.0643917	1.1365669	1.1794394	1.1839663	1.2415844	1.3181185	1.3512214	1.3351449	1.2388444	1.0738653	1.2334038	
7	0	0	0	0	0	0	0	0	0.53338116	0.5677803	0.5825317	0.57866377	0.5656035	0	0	0	0.56620955	0	0	0	0	0.69117	0.93294626	0	
7	0	0	0.57843655	0.6453519	0.62006223	0.71218485	0.76962787	0.86107594	0.9147363	1.0168889	1.0720719	1.163473	1.2154232	1.2376664	1.2498088	1.2473606	1.2838783	1.292762	1.3492763	1.3767874	1.3426676	1.2503216	1.0828226	1.2422357	
7	0	0	0	0	0	0.5277822	0.5188236	0.55301344	0.66509855	0.72324574	0.7857685	0.8319019	0.92867154	1.0547242	1.1473095	1.188318	1.2730552	1.2864608	1.3310009	1.3659426	1.3395556	1.2339661	1.0817196	1.2380636	
7	0	0	0	0	0	0	0	0.8111052	0	0	0	0	0	0	0	1.0115848	0	0	0	0	0	0	0	0	
7	0	0	0	0.6402875	0.8063877	0.8953318	0.91200995	0.9261379	0.9712732	0.99067247	0.999273	1.0879104	1.1206025	1.1519222	1.1597944	1.1633483	1.1941465	1.2377834	1.2897246	1.3368015	1.3358217	1.2371787	1.0643318	1.2327701	
7	0	0	0	0	0	0	0	0	0.5667655	0.60456985	0.6092882	0	0	0	0	0	0	0	0	0.99246037	1.0225797	0.99862105	0	0.88598186	
7	0	0	0.57618964	0.74015844	0.832782	0.8680113	0.93037194	0.9341359	0.97876483	0.972453	1.0495441	1.114984	1.1633267	1.2120723	1.2543823	1.2456411	1.2409201	1.266127	1.3311056	1.3712368	1.337851	1.2473278	1.0815109	1.239586	
7	0	0	0	0.5421441	0.59035087	0.51368976	0.63801855	0.71432394	0.74228793	0.72394884	0.6856288	0.7827362	0.84766227	0.9034684	0.9621481	0.98848885	1.1199822	1.1433556	1.2832198	1.3617404	1.3293474	1.2451358	1.0696222	1.2250159	
7	0	0	0	0.57664007	0.6618362	0.68886006	0.7575347	0.79816157	0.8433782	0.8501007	0.8755437	0.8978566	0.95080084	0.9842172	1.0898412	1.1792535	1.2297962	1.2355171	1.3031601	1.3596364	1.3334441	1.2205346	1.0548491	1.2197616	
7	0	0	0	0.5715613	0.64174515	0.73213226	0	0.50718194	0.7713515	0.8195432	0.82121044	0.7922252	0.8162263	0.88284093	0.9356435	0.9599459	1.0895283	1.1624175	1.2484194	1.3117771	1.2720225	1.174321	1.0407766	1.1652983	
7	0	0	0	0.6115758	0.6926019	0.7404719	0.77810884	0.8272668	0.8446328	0.83182317	0.86729324	0.8978868	0.9209495	0.96086514	0.9914105	1.0350237	1.1156241	1.1373124	1.2672572	1.348183	1.3392056	1.2317536	1.0404925	1.239386	
7	0	0	0	0	0.6075633	0.5953901	0.72174567	0.76336783	0	0.75428826	0.83511233	0.9029833	0.9470857	0.9644426	0.98478466	1.0536808	1.1963944	1.2668546	1.3000457	1.3463553	1.3104911	1.1549716	1.0830489	1.2094814	
7	0	0	0.55478936	0.60077494	0.6801121	0.7861878	0.8051334	0.866808	0.88964605	0.8916147	0.9176856	0.98014593	1.015292	1.0413908	1.0714723	1.1221435	1.1925745	1.2257456	1.2819414	1.3418756	1.3440446	1.2357031	1.0739202	1.196393	
7	0	0	0	0.51547813	0.596536	0.7063663	0.5451489	0.6236632	0.8078869	0.73443663	0.7393269	0.7863873	0.9758838	0.9264763	0.9840133	1.0230103	1.1123626	1.2165673	1.2924234	1.3111274	1.3030651	1.2336854	1.0460259	1.1969948	
7	0	0	0.5284351	0.7020902	0.7874032	0.8154855	0.79810125	0.9408407	1.0272992	1.0848346	1.1086872	1.1388742	1.2303886	1.2755853	1.2728049	1.2708613	1.2781585	1.2828605	1.3434379	1.3785055	1.3316783	1.2391815	1.0844421	1.2353599	
7	0	0	0	0.55782825	0.6026764	0.7133812	0.73379695	0.7065457	0.7234475	0.75632536	0.7944921	0.7959917	1.1094472	1.1003097	1.1143352	1.1476734	1.2098396	1.2267263	1.2935715	1.3739871	1.3350306	1.2452517	1.0824096	1.2414234	
7	0	0	0	0	0	0	0	0.53391904	0.5683272	0	0.66622025	0	0.7556133	0.8312042	0	0	0	0	1.1031787	1.2173159	0.6212771	0	0	0	
7	0	0	0.57099366	0.67644036	0.76543987	0.89968103	0.96127325	0.9475255	1.0192664	1.0396943	0.9953049	1.0406629	1.1041234	1.1612322	1.1839968	1.2302121	1.2593007	1.2800168	1.335856	1.3788099	1.3455584	1.2468565	1.0770313	1.2427379	
7	0	0	0	0	0.51315916	0.5406255	0.54694533	0.6153534	0.73077023	0.80327284	0.86301136	0.8923762	0.89635295	0.873205	0.9983554	1.0557756	1.1216547	1.1803136	1.2370183	1.3506099	1.3417485	1.2208135	1.0628327	1.2182438	
7	0	0	0	0	0	0	0	0	0	0	0	0	0	0	0	0.83721703	0	0	0	0	0	0	0	0	
7	0	0	0	0.61672324	0.69356465	0.75364107	0.7646525	0.828962	0.90859735	0.9825824	1.0188698	1.0558779	1.1036596	1.1224009	1.1518599	1.1692824	1.2356032	1.26253	1.3221588	1.3534648	1.3429835	1.2338458	1.0832963	1.2335527	
7	0	0	0	0	0.52200556	0.5605235	0.5619493	0.53433543	0.63206226	0	0.65587765	0.65260154	0.74634147	0.8275378	0.9030362	1.0031447	1.0865437	0.80593073	1.2485	1.3060837	1.3013028	0	1.0719846	1.2009721	
7	0	0	0.629004	0.73932225	0.8342363	0.9129206	0.948156	1.0291082	1.0473887	1.0930232	1.176744	1.2360828	1.2519239	1.2328444	1.2296472	1.2164079	1.2515825	1.2627972	1.3263601	1.3700701	1.3403553	1.2356454	1.0758804	1.2286768	
7	0	0	0.65881914	0.6772065	0.8020475	0.8653301	0.91724735	1.0024188	1.0133648	0.9598069	0.94266754	0.9899987	1.0312549	1.0838234	1.1376508	1.1653701	1.2300816	1.2661315	1.3250517	1.3663445	1.328546	1.2486391	1.0811821	1.2336739	
7	0	0	0	0	0	0	0	0	0.6244188	0	0.7024677	0.7429132	0.77685624	0.7970838	0.8409323	0.9254434	0.9807917	1.0607655	1.1418436	1.2406738	1.2075645	1.1292455	1.0436184	1.1199158	
7	0	0	0.6202838	0.7947651	0.8505787	0.95035934	0.97819024	1.017192	0.98436636	0.9715711	0.9860671	1.032622	1.0788498	1.0994103	1.1314039	1.1852223	1.2303195	1.2586759	1.3358892	1.3675244	1.3459167	1.2440351	1.087125	1.2088029	
7	0	0	0.51099896	0.6643587	0.80236864	0.8559153	0.76115835	0.7657968	0.8168835	0.62547827	0.7961143	0.80654925	0.81997895	0.9251983	1.0461252	1.0942589	1.1532551	1.1889566	1.2884893	1.3677614	1.3314064	1.2172579	1.056574	1.2171487	
7	0	0	0	0	0	0	0	0	0	0	0	0	0	0	0	0	0	0	0	0.63796335	0	0	0	0	
7	0	0	0.5415289	0.7075011	0.7836898	0.8590108	0.86610144	0.8549198	0.9755225	1.0713928	1.1085161	1.1050808	1.0804958	1.0601101	1.0714004	1.0976361	1.171719	1.2373089	1.294167	1.3483502	1.3340514	1.2205272	1.058298	1.2136436	
7	0	0	0	0.51412123	0.57580405	0.6965249	0.749337	0.78301096	0.81479067	0.8296605	0.8737257	0.53226995	0.95474887	1.0054042	1.0602708	1.085258	1.1494516	1.2335945	1.3041129	1.3431183	1.3349726	1.2166502	1.0787404	1.2278603	
7	0	0	0	0	0	0	0.84038025	0.9231484	0	0	0	0	0	0	0	0.9373319	0	0	0	0	0	0	0	0	
7	0	0	0.5045494	0.5679743	0.6891295	0.7871598	0.870748	0.8747154	0.9329305	0.9134821	0.9913013	1.0242337	1.0324316	1.0714422	1.1025239	1.1385741	1.2359582	1.2741516	1.3401363	1.3769302	1.3461152	1.2438098	1.0903609	1.2393379	
7	0	0	0	0	0	0	0	0	0	0	0.50326234	0	0.63577557	0.7099244	0.78171474	0.89084107	0.98628163	1.0242542	0	1.0839056	0	1.1576273	0	0.72497237	
7	0	0	0.57747334	0.72436804	0.8574877	0.9204811	0.89864695	0.9265476	0.9126257	0.90541136	0.9468428	0.96493155	1.0411712	1.109629	1.148491	1.1722476	1.2024357	1.2315663	1.2593375	1.3332926	1.339272	1.2338911	1.0609847	1.2128242	
7	0	0	0	0	0	0	0	0	0	0	0	0	0	0	0	0	0	0	0	1.1669654	1.1904047	1.0613381	0	1.0254931	
7	0	0	0.50779396	0.59498024	0.7014093	0.7768822	0.8647758	0.92106456	0.9223886	0.90587157	0.9063036	1.068147	0.9817546	1.0478977	1.0757214	1.1502218	1.2170082	1.2813625	1.2799563	1.3445435	1.3323656	1.2334656	1.0679033	1.2212971	
7	0	0	0	0.53992677	0.59566337	0.6273214	0	0	0.61144376	0.6566179	1.0134274	0	1.0805383	1.0605174	1.0229962	1.0357206	1.0822464	1.1779256	1.2163596	0.7317812	0	0	1.0173651	1.2263215	
7	0	0.5035895	0	0.5866094	0.6742271	0.687302	0.6694294	0.9045646	0.65446836	0.7463062	0.8506367	0.937453	0.99109447	1.0130818	1.0022843	1.1648751	1.0700932	1.0984688	1.1603516	1.2109804	1.288948	1.184296	1.0276995	1.0165524	
7	0	0	0.6550531	0.80418074	0.8845186	0.9555903	0.9253213	0.83024246	0.9814905	1.0076979	0.99986833	1.0652705	1.1741084	1.2439084	1.2645229	1.2533399	1.2658027	1.2437043	1.3463585	1.3626858	1.340631	1.2373807	1.0859188	1.2372779	
7	0	0	0	0	0	0	0	0	0	0.5036082	0.50395304	0	0	0	0	0	0	0	1.0200337	1.0508965	0	0	0	0	
7	0	0	0.54666686	0.6683216	0.6703173	0.7077575	0.76404804	0.79256284	0.8493714	0.861242	0.9492824	0.98735535	0.9776691	1.0409553	1.1228678	1.2221798	1.2809659	1.2547407	1.3014194	1.3712999	1.3419574	1.2432353	1.0905854	1.2328415	
7	0	0	0	0	0	0	0	0	0	0	0	0	0.7401331	0.82007545	0.8776607	0.96095556	1.022905	1.0719007	1.2347937	1.3235488	1.2744596	0	1.0026747	0	
7	0	0	0	0	0.5491555	0.6360143	0.7449903	0.7974631	0.8081696	0.7767821	0.7510416	0.8104523	0.90865844	1.0070614	1.0658159	1.0777636	1.0997066	1.194896	1.243696	1.3403238	1.3093892	1.2444214	1.082663	1.2288644	
7	0	0	0	0.50988144	0.587837	0.6704326	0.7188383	0.73625046	0.7182721	0.7843642	0.8171354	0.8644566	0.9091078	0.98962045	1.0667869	1.1245226	1.1637615	1.2342163	1.2838638	1.3059039	1.3035461	1.2490144	1.0855385	1.237328	
7	0	0	0	0	0	0	0	0	0	0	0	0	0	0	0	0	0	0	1.0670935	0.72348857	0	0	0	0	
7	0	0	0	0	0	0	0.725788	0.717051	0	0	0	0	0	0	0	1.0349205	0	0	0	0	0	0	0	0	
7	0	0	0.5524121	0.57781214	0.6411794	0.7095622	0.6326861	0.6722762	0.70973843	0.71280396	0.693842	0.7610909	0.8187064	0.8692621	0.93868154	0.9280935	1.1174206	1.1826409	1.2813803	1.3459471	1.3304439	1.2452573	1.0699121	1.2325073	
7	0	0	0	0	0	0	0.5882607	0.72026974	0	0	0	0	0	0	0	1.0261222	0	0	0	0	0	0	0	0	
7	0	0	0.54699945	0.5824546	0.6391731	0.68960327	0.6697744	0.6732012	0.8051263	0.8527713	0.9088155	1.0271041	1.1199483	1.1862017	1.2084143	1.2114785	1.2668116	1.2589787	1.3344496	1.3707716	1.3393854	1.248786	1.0877504	1.2441438	
7	0	0	0	0	0	0	0	0	0	0	0	0	0	0	0	0	0	0	0	0	0	0.97659165	0	0	
7	0	0	0.5997103	0.7342318	0.815254	0.8774432	0.86320287	0.8748067	0.82406616	0.8605292	0.8599127	0.8297088	0.78583103	0.74298894	0.7754746	1.1305681	0.8274592	0.8603558	0.8632914	0.9707807	1.1212497	1.1626843	1.0204898	0.99334306	
7	0	0	0.62618166	0.535766	0.70263267	0.82545805	0.87564933	0.9312697	0.94403195	1.0206281	1.0453441	1.0477135	1.042908	1.0208127	1.0667508	1.0973636	1.2554859	1.2999482	1.350061	1.3687254	1.3445528	1.2470816	1.0844272	1.2387214	
7	0	0	0	0	0	0	0	0	0	0.5250441	0	0.53828883	0	0	0	0	0	0	0	0	0	0	1.0093536	0	
7	0	0	0.59081346	0.6723065	0.65038604	0.6826965	0.72240853	0.8334522	0.9189493	0.94093245	0.9349055	0.9218805	0.9933987	1.0522426	1.12267	1.1793824	1.2621351	1.287679	1.3496635	1.3789822	1.3403856	1.242565	1.0851784	1.235452	
7	0	0	0	0	0	0.51447153	0.5901963	0.63820386	0.65348667	0.64787924	0.6887782	0.8015002	0.9310214	1.0239346	1.071102	1.1090013	1.1714053	1.2198952	1.2451017	1.3375363	1.3246776	1.2391055	1.0774752	1.2372663	
7	0	0	0.6956552	0.78602785	0.81724465	0.8334162	0.870437	0.8924842	0.8100348	0.81826043	0.91134036	1.0221077	1.0608875	1.0579953	1.0473267	1.1386471	1.1550936	1.2350355	1.2940722	1.3615727	1.3218058	1.2259414	1.0648237	1.2080443	
7	0	0	0	0	0	0.843644	0.6122592	0.7038856	0.8810437	0.9316489	1.0299677	1.0702482	0.94243413	0.9887302	1.0220789	0.93567187	1.2077571	1.2597729	1.3265997	1.3779552	1.3456106	1.2403201	1.084804	1.2432499	
7	0	0	0.53065926	0.6448139	0.72557974	0.77072114	0.86411875	0.9676626	1.0240673	1.0134978	0.9534359	0.9573058	1.0263033	1.0821733	1.1088102	1.1849475	1.2351259	1.2558968	1.3251878	1.3412662	1.3354698	1.2294984	1.0691508	1.2103683	
7	0	0	0	0	0	0.51873964	0.61038065	0.65966797	0.6729797	0.6595053	0	0.64765835	0.69759357	0.7729671	0.84518003	0.90360683	0.98669606	1.0447006	0	1.0689366	1.1345304	1.0876814	1.0039676	1.0567361	
7	0	0	0	0	0.5988051	0.64879733	0.6848283	0.7264846	0.73883045	0.7638169	0.8313475	0.89573735	0.9464349	1.0270675	1.0546085	1.1228311	1.1868496	1.2305657	1.2980736	1.3653407	1.341314	1.2429234	1.0898788	1.2426534	
7	0	0	0	0	0	0	0	0	0	0	0	0.5098966	0.5264074	0	0	0	0	0	0	0	0	0	0	0	
7	0	0.52179444	0	0	0	0	0.8849359	0.90961695	0	0	0	0	0	0	0	0.7136225	0	0	0	0	0	0	0	0	
7	0	0	0.73952603	0.96194005	1.0130529	1.0297153	0.95192534	0.92888075	0.9156388	0.8976318	0.9486749	0.9673279	0.93999326	0.9472042	0.97756195	1.0409611	1.1291887	1.2090541	1.2942822	1.3559245	1.3150779	1.2358787	1.081268	1.2393456	
7	0	0	0.56530786	0.79182893	0.92666656	0.97525185	1.0609075	1.1045331	1.1188213	1.1018486	1.057713	1.0348613	1.0829259	1.1056275	1.1295224	1.1460229	1.1637253	1.199997	1.2386074	1.3450538	1.3318619	1.2435815	1.0535014	1.1742392	
7	0	0	0	0	0.5014365	0.51205957	0.5741411	0.617056	0.63985723	0.6630447	0.6919325	0.77036387	0.82710284	0.86257887	1.0214468	0	1.1163754	1.1950058	1.2726256	1.3726702	1.1732832	1.2487832	0.9970168	1.2005684	
7	0	0	0.62738734	0.6876274	0.71002686	0.7396638	0.81577563	0.85583586	0.8708217	0.95657444	1.0435547	1.0978714	1.1262493	1.1778656	1.1983849	1.2079008	1.2354034	1.2299496	1.2981733	1.3449602	1.3339806	1.242933	1.0719652	1.2072996	
7	0	0	0	0	0	0	0	0	0	0	0	0	0	0	0	0	0	0	0	0	0	0	0	0.705798	
7	0	0	0.6381978	0.7514695	0.79578483	0.8027525	0.8481337	0.852139	0.91122425	0.90958905	0.918317	0.9278505	0.95722044	1.0047942	1.123771	1.1896449	1.1996986	1.2676454	1.3058537	1.3596939	1.3396335	1.2398373	1.0520912	1.1788758	
7	0	0	0	0	0.54819643	0.60560524	0.6843551	0.7258565	0.74126	0.9252713	1.0088698	1.0616224	1.0835482	1.100766	0.92210907	0.9184634	1.2111171	1.2708182	1.3253881	1.3731784	1.3441316	1.2383243	1.0773847	1.2275075	
7	0	0	0.6166417	0.79548144	0.8459317	0.8582166	0.85635173	0.8829222	0.922064	0.9783862	0.9980344	0.9956097	0.98985356	1.0254498	1.0919055	1.1434277	1.1875454	1.2138216	1.2880698	1.3296822	1.3287493	1.245708	1.0756327	1.2254053	
7	0	0	0	0	0	0	0	0	0	0	0	0	0	0	0	0	0	0	0	0	0	0	0.91187507	0	
7	0	0	0.59700465	0.77411985	0.84011656	0.8205986	0.87076336	0.8746601	0.8402076	0.88202864	0.93811655	0.9904437	1.0221086	1.0490546	1.0729809	1.1568277	1.1205635	1.2044262	1.3037813	1.3262204	1.295221	1.2225837	1.0561473	1.1934657	
7	0	0	0	0	0	0.51075894	0.5267929	0.7880262	0.79770124	0.70678365	0.7730285	0.8362015	1.0086031	0.841929	1.0995884	1.1788852	1.2514876	1.2558254	1.3167039	1.3578241	1.3428473	1.2340904	1.0745163	1.2055389	
7	0	0	0.5230247	0.7169453	0.81230587	0.82810354	0.82783437	0.88268334	1.0066234	1.0635868	1.0909258	1.098936	1.1046699	1.1244162	1.174565	1.2207288	1.199794	1.2168041	1.3124214	1.3777927	1.3407801	1.2353034	1.0729827	1.2325116	
7	0	0	0	0	0.5376134	0.60333824	0.64166135	0.7055935	0.7900085	0.8178946	0.82340074	0.88164896	0.9161446	0.63195175	1.057981	0	1.0530337	1.1076394	1.1809877	1.1490933	0	1.2025155	1.0232465	1.1017166	
7	0	0.50411063	0	0	0	0	0	0.97013575	0	0	0	0	0	0	0	1.0406537	0	0	0	0	0	0	0	0	
7	0	0	0.6674045	0.6874258	0.82627237	0.95132697	0.96427536	0.80060613	0.9572461	0.9023494	0.92302454	0.98278016	1.0320969	1.0856102	1.1273624	1.1594719	1.2040641	1.275722	1.2936959	1.3646467	1.3373882	1.2428467	1.0877076	1.2245495	
7	0	0	0	0	0	0	0	0	0	0	0	0	0	0	0	0	0	0	0	0.9354839	0.99978375	0.9829264	0	0	
7	0	0	0.62178993	0.6422279	0.7471012	0.86895883	0.889262	0.843795	0.84773946	0.9560359	1.0338618	1.0740196	1.090265	1.0939753	1.1083337	1.1668128	1.2240558	1.2707086	1.3220989	1.3568323	1.3299066	1.2302482	1.0726547	1.2255502	
7	0	0	0	0	0.50508183	0	0.5856625	0.6368246	0.6699879	0.7023566	0.70966935	0.6977692	0.673624	0	0	1.0073147	0	0	0	0	1.1695216	1.1588134	0	0	
7	0	0	0	0	0	0	0.7927163	0.7851724	0	0	0	0	0	0	0	1.1471443	0	0	0	0	0	0	0	0	
7	0	0	0.61134875	0.7356329	0.79247516	0.78170955	0.7842349	0.83187044	0.86469597	0.98488533	1.0602545	1.0945629	1.0957881	1.0674093	1.0978432	0.9379229	1.1753256	1.2499251	1.2466968	1.2846177	1.2995844	1.1927168	1.0439043	1.1746249	
7	0	0	0.6239329	0.69558483	0.780741	0.8968536	0.93366873	0.9411136	0.99541676	1.0336205	1.0329648	1.0443108	1.0552658	1.0537056	1.0381213	1.0918871	1.1772182	1.2088325	1.24533	1.3509066	1.3343956	1.1959444	1.0191518	1.2085037	
7	0	0	0	0.59813213	0.6988924	0.7490301	0.7485082	0.7555045	0.7369256	0.8038308	0.9046495	0.9531135	1.0007175	1.065312	1.1036484	1.1195332	1.0349165	1.0751758	1.1622353	1.2159127	1.2739139	1.2055625	1.0322907	1.1363981	
7	0	0	0.61624473	0.70469725	0.7395982	0.7362211	0.7892911	0.8160674	0.8590559	0.93685883	0.9629967	0.9509018	0.9653985	1.0112346	1.06471	1.1456039	1.1882781	1.2247281	1.2774506	1.3670712	1.333979	1.2344282	1.0371319	1.156024	
7	0	0	0	0.5951348	0.62935555	0.6303746	0	0	0.798771	0	0.8784455	0.60240173	0.88478476	0.74633723	0.8130081	0.86387855	0.8897193	1.1264094	1.282249	1.3135386	1.2580752	1.0437093	1.058592	1.1864214	
7	0	0	0.5641757	0.6616183	0.744915	0.8353986	0.83578885	0.78476596	0.815181	0.88759595	0.9487932	0.9707748	0.9655612	0.96201295	1.0154063	1.0727496	1.1049297	1.2129916	1.2679461	1.3614004	1.322049	1.2121192	1.0737114	1.2085484	
7	0	0	0	0	0	0	0	0	0	0	0.5232051	0.58645606	0.67114383	0.751829	0.8201624	0.8644588	0.9315377	0.9985561	0.9990566	0	0.9495324	0	0	0.84408265	
7	0	0	0	0.626882	0.7979097	0.8927408	0.907601	0.92196083	0.9672751	0.97415924	0.9622049	0.9538694	0.99885005	1.0749753	1.11662	1.1180481	1.1699821	1.2173905	1.2574419	1.3478901	1.3370444	1.2357224	1.0769536	1.2228885	
7	0	0	0	0	0	0	0	0	0	0	0	0	0	0	0	0	0	0	0	0.5447515	0.5333634	0	0	0	
7	0	0	0.52228487	0.5960555	0.65858	0.733333	0.7785408	0.82756025	0.88337654	0.90526325	0.89678174	0.89900404	0.9077385	0.90654975	0.9967376	1.1142818	1.1336899	1.2128012	1.3142986	1.3660686	1.3254191	1.2440066	1.065747	1.242897	
7	0	0	0	0	0.5229263	0.55753464	0.613879	0.6818291	0.74741554	0.83388484	0.88142425	0.9265247	0.97740656	0.9943195	1.0126687	1.0895274	1.219631	1.2739558	1.3292036	1.347165	1.3395661	1.2249124	1.0744218	1.2373201	
7	0	0.51358485	0.760013	0.8263415	0.8379478	0.8824777	0.90453005	0.9189835	0.93478596	0.92627406	1.0340593	1.1124499	1.1272687	1.124935	1.1748708	1.2131889	1.2656852	1.266592	1.3353939	1.3654692	1.3390446	1.2428988	1.0763248	1.2414141	
7	0	0	0	0	0	0	0.50202316	0.5692794	0.62013555	0.6458068	0.6508758	0.6378224	0	0.6556382	0.7338076	0.79514426	0.8983555	1.0410953	1.1554784	1.2053379	1.1868386	1.1699933	0	0	
7	0	0	0.624582	0.74682873	0.8026393	0.8269564	0.84686893	0.8643829	0.8692499	0.9062669	0.9420271	0.9419437	0.929533	1.0142521	1.0799146	1.1386465	1.1675433	1.2488737	1.312322	1.3674625	1.3404427	1.23915	1.0736428	1.2434973	
7	0	0	0	0	0	0.5654999	0.6515776	0.70979565	0.75820065	0.79294986	0.82588995	0.8980579	0.984573	1.030028	1.0208012	1.0229392	1.2279031	1.2653004	1.3204412	1.3748114	1.3402568	1.2491968	1.0686076	1.2415777	
7	0	0	0.549628	0.6509597	0.74549925	0.78297687	0.83649105	0.87611204	0.93848914	0.91734385	1.0287517	1.1122274	1.1438079	1.1378857	1.0980319	1.1896428	1.2246408	1.2758778	1.322119	1.3785074	1.3425107	1.2480844	1.0895319	1.240259	
7	0	0	0	0.53662884	0.5671299	0.6565509	0.71793234	0.73503184	0.75287557	0.80099005	0.8347157	0.84366685	0.9363607	0.9893954	1.0525181	0	1.2833852	1.2883778	1.3290044	1.3632385	1.330433	1.2460421	1.0578663	1.2355375	
7	0	0	0.5786431	0.59325594	0.7017782	0.79172987	0.8368501	0.8305611	0.8903344	0.90853614	0.88368016	0.93522096	0.8652265	0.8810784	0.8927337	1.1982003	1.0224214	1.163538	1.2709862	1.3201962	1.3226788	1.2387211	1.0854588	1.1953654	
7	0	0	0	0.73891556	0.7989152	0.61722887	0.6504472	0.6604203	0.7255843	0.76469266	0.89216405	0.98105633	1.0547454	1.1018416	1.1605	1.0122398	1.2057883	1.2340482	1.318455	1.3628939	1.3384227	1.2150322	1.0819181	1.2337335	
7	0	0	0.60315096	0.7865067	0.84017634	0.8683729	0.93953854	1.0003417	0.9883046	1.0502385	1.0850586	1.0770919	1.1065334	1.1149315	1.1492473	1.1838132	1.2089038	1.259233	1.3238525	1.3666147	1.3313395	1.237869	1.0892377	1.233327	
7	0	0	0.55218863	0.6716534	0.6821779	0.6187741	0.6785079	0.76562923	0.90269846	0.61652046	1.0204327	0.85594136	1.0240351	1.004502	1.0967098	1.1298819	1.2233194	1.2670318	1.3274931	1.3634908	1.3368515	1.2398219	1.0756396	1.2429882	
7	0	0	0	0.63562787	0.81298274	0.95016766	1.0237079	1.0733402	1.0993853	1.0953472	1.0625379	1.0057402	1.014517	1.094934	1.1438735	1.2123977	1.2764148	1.2737637	1.3191568	1.3691422	1.3397542	1.2395176	1.0722048	1.2342994	
7	0	0	0	0	0	0	0	0	0	0	0.69622093	0.74985147	0	0.8680368	0	0.9557275	1.0356846	0.9671915	0	0	1.2856168	1.2251153	1.0326643	0	
7	0	0	0.68922096	0.70622957	0.73419636	0.7760293	0.79943526	0.8813388	0.92223245	0.9032328	0.9524216	1.0025674	1.0290964	1.0079893	1.0862496	1.2037305	1.2717665	1.2883704	1.333588	1.3665082	1.3444006	1.2497419	1.0667864	1.2359549	
7	0	0	0	0	0	0.52852106	0.669002	0.736198	0.81236315	0.8515792	0.8828149	0.91435456	0.97883725	1.003585	1.0815644	1.1772203	1.2333192	1.2684064	1.2859102	1.3671321	1.344427	1.2512016	1.0729016	1.235981	
7	0	0	0.5379659	0.66572064	0.76246196	0.84224075	0.8630601	0.86160904	0.861436	0.89062977	0.90769	0.96622103	1.0019728	1.0241923	1.0964876	1.1362284	1.1943367	1.2487011	1.3121617	1.35977	1.3264836	1.2402472	1.0611222	1.2310834	
7	0	0	0	0	0	0	0	0	0	0.59591657	0.6024536	0.60064054	0	0	0.8858392	0.9239124	0.8731341	0.9319022	0	1.3229634	1.3082187	1.1531898	0	1.0613064	
7	0	0	0.64822876	0.7100794	0.7248809	0.8053141	0.90379286	0.95322037	0.9335068	0.9930739	1.0758967	1.1338338	1.1392777	1.1520184	1.1405292	1.1829444	1.2685467	1.2870157	1.3332682	1.3355626	1.31107	1.2289506	1.0648328	1.2190049	
7	0	0	0	0.55716515	0.6831976	0.7611784	0.817844	0.8151715	0.9005489	0.926418	0.9454125	0.9848017	0.9849668	1.0391505	1.1557533	1.2443731	1.2929381	1.2728792	1.3336512	1.3679037	1.3377277	1.244657	1.0709939	1.2247791	
7	0	0	0	0	0	0	0	0	0	0	0	0	0.5082879	0.53473777	0	0	0	0	0	0	0	1.0956714	0.9613275	1.0529332	
7	0	0	0.5248516	0.6709269	0.7312587	0.7925695	0.8801265	0.892951	0.90010375	0.9434552	1.0179538	1.0634747	1.0734626	1.0519345	1.0402964	1.1532543	1.2328658	1.2555592	1.3197967	1.3584839	1.3317066	1.2387254	1.0802845	1.2346641	
7	0	0	0	0	0	0	0	0	0.5585439	0	0.62560606	0.61517733	0.6686529	0.7196623	0	0	0	1.013211	1.1116128	1.1194062	1.1833097	0	0	0.71855503	
7	0	0	0.57726544	0.6403831	0.7637485	0.88536817	0.92451626	1.0175579	1.0438904	1.0395663	1.0511798	1.0280509	1.0451374	1.1301354	1.1874584	1.2690082	1.3054111	1.2942687	1.343563	1.3672081	1.3331444	1.2430509	1.0755067	1.2281337	
7	0	0	0	0	0	0	0	0.5142373	0	0	0	0	0	0.6731482	0.75055623	0.82110554	0.9124077	1.0081185	1.1398095	1.1568202	1.1470664	0	0	0	
7	0	0	0	0.587968	0.8063655	0.94040155	0.95577484	0.89970654	0.8923128	0.88701284	0.91981137	0.9125993	0.95794004	1.0313358	1.0923015	1.1434971	1.2016627	1.2640995	1.3225123	1.3517116	1.3403795	1.2305468	1.0752084	1.2438583	
7	0	0	0	0	0	0.50933385	0.5527504	0.61742043	0.6842918	0.7108896	0.7040961	0.7482485	0.79228204	0.85623497	0.926954	0.98519665	0.9232522	0.83716583	0.9277342	1.1710138	1.2957361	1.230483	1.0611598	1.1284232	
7	0	0	0.52582484	0.6562619	0.7710576	0.83936495	0.8930763	0.91999424	1.0026149	1.0699427	1.0654172	1.0432885	1.0928856	1.1262574	1.1636852	1.1960361	1.2419865	1.2657238	1.3376287	1.3650186	1.3421094	1.2412547	1.0843141	1.2398149	
7	0	0	0	0	0	0.536127	0.5059664	0	0.7370092	0.7231255	0.7610575	0.7958235	0.977	1.0316708	1.1268185	1.0371367	1.236416	1.2397885	1.2838703	1.3511534	1.339563	1.2191768	1.054467	1.1828595	
7	0	0	0	0.6020584	0.68856454	0.7973906	0.88055855	0.9850517	1.0139956	0.994526	0.9706395	0.9389174	0.9167551	0.94191945	1.0054258	1.0695488	1.1677835	1.2413203	1.2870854	1.3413724	1.2886865	1.230442	1.0862311	1.2306112	
7	0	0	0	0	0	0	0	0.6087611	0.64469343	0.65572506	0.6545405	0.7032908	0.8762549	0.9279917	0.9972048	1.0852368	0	1.2288663	1.3223528	1.3469297	1.3033779	1.2196465	1.0525992	1.2070051	
7	0	0	0.5594293	0.63793415	0.68433875	0.66520864	0.72249275	0.7281262	0.6257646	0.7891075	0.66966885	0.74746096	0.8022434	0.85615623	0.9454533	1.0216103	1.0732679	1.1234554	1.2064103	1.1687553	1.06809	0.9897937	0.927602	1.1165898	
7	0	0	0	0	0	0.7978093	0.86483186	0.8699887	0.8617016	0.88882464	0.8693879	0.8851585	0.89868546	0.9432939	0.98523587	0.9975285	1.1274114	1.2418128	1.3000505	1.3117075	1.3164513	1.2310925	1.0731702	1.1909745	
7	0	0	0	0.52848494	0.5999243	0.6907267	0.72462076	0.6993402	0.65315187	0.66352606	0.6409453	0.62328833	0.6409093	0.6521595	0.6566242	0.6528947	0.6531293	0.74430513	0.8183392	0.84630877	0.88314295	0.8879314	0.8539555	0.8046464	
7	0	0	0	0	0.54712373	0.5972751	0.63447607	0.69308716	0.78804624	0.84386647	0.86900455	0.9166804	0.9426216	0.9928596	1.039802	1.1014086	1.1703786	1.2258279	1.2806044	1.3221682	1.3365433	1.248187	1.0856934	1.2389873	
7	0	0	0	0	0	0.54839635	0.5010467	0.5526841	0.6528226	0.6035966	0.784373	0	0.91952527	1.0158654	1.0536088	0	1.1063184	1.1615582	1.2156003	1.3174351	1.3022006	1.1967744	1.0694624	1.2343472	
7	0	0	0.6010251	0.69836855	0.6983063	0.7594663	0.88183457	0.899708	0.89199775	0.9271112	0.97467554	0.9509426	1.0086929	1.1571251	1.2411577	1.2522247	1.2648594	1.2507001	1.2737954	1.3302466	1.3265578	1.2079222	1.0724967	1.2413847	
7	0	0	0	0	0.5411771	0.80273366	0.6601082	0.68282115	0.7164438	0.74576646	0.7577789	0.79723686	0.83154285	0.93335867	1.0464429	1.134973	1.2024583	1.2427638	1.3102639	1.3732493	1.3448591	1.2463056	1.0845418	1.2350792	
7	0	0	0	0	0	0	0	0	0	0	0	0	0	0	0	0	0.5248779	0	1.1266423	0	0	0	0	0	
7	0	0	0	0.52341366	0.57747054	0.6838735	0.78045726	0.80563104	0.7940476	0.87517387	0.90637547	0.8936359	0.91807276	0.98061264	1.0489564	1.1130289	1.1590319	1.2134923	1.2956756	1.3783636	1.3435938	1.2435067	1.0832784	1.2234153	
7	0	0	0	0	0	0	0	0	0	0	0	0	0	0	0	0.7129551	0	0	0	0	0	0	0	0	
7	0	0	0.5270613	0.68942684	0.82813376	0.9684354	1.0326369	1.0284021	1.0358974	1.0239474	1.0414597	1.1217557	1.1695865	1.1836907	1.2245973	1.2341694	1.2067227	1.2279323	1.2994261	1.3633428	1.3467681	1.2398511	1.0835243	1.2375513	
7	0	0	0	0	0	0.53987426	0.6540287	0.70904756	0.5740867	0.6466306	0.74574935	0.8599675	0.94148713	1.0287259	1.1117752	1.1488084	1.224952	1.2497002	1.3044938	1.3545362	1.3439082	1.2467839	1.0764157	1.206976	
7	0	0	0.504971	0.71272635	0.8433805	0.9160587	0.9429492	0.92185366	0.87531406	0.9462182	1.0039905	1.0363315	1.0980409	1.1698406	1.2159646	1.2369742	1.2249876	1.2362347	1.2939304	1.3451735	1.3152192	1.2394787	1.0794777	1.234378	
7	0	0	0	0	0	0	0.51634717	0	0.66968524	0.56867695	0.648737	0.70955545	0.7496442	0.7726927	0.8196514	0.86512804	0.95976716	1.0357083	1.0574834	1.2407382	1.2373298	0	0	1.1497893	
7	0	0	0.553387	0.7426961	0.78334624	0.75566417	0.7637827	0.7628379	0.8285769	0.8463283	0.816527	0.81451035	0.8649003	0.8925967	0.95442283	1.0146697	1.0870776	1.1658447	1.217671	1.348766	1.3175422	1.219543	1.0532418	1.1639689	
7	0	0	0	0	0.5662952	0	0	0	0	0	0.5373771	0.55682755	0.5764445	0.608129	0.65874004	0.7002543	0.99357617	0	1.1597142	0	0	1.0393201	0	0.99348086	
7	0	0	0.5007003	0.68684703	0.7644517	0.7856065	0.808514	0.86794055	0.94301325	0.96951205	1.0276476	1.0285144	1.0457109	1.1272308	1.1729457	1.1835022	1.2089784	1.2505467	1.3113037	1.3539448	1.3421766	1.2354766	1.0829444	1.2255044	
7	0	0	0	0	0	0	0	0	0	0	0	0	0.53366816	0.5583114	0.6020519	0	0	0	0.79551524	0	0	0	0	0	
7	0	0	0	0.6636976	0.759836	0.79164636	0.8353492	0.83757025	0.8471155	0.9668422	1.0595216	1.0826939	1.1180418	1.1550834	1.1644167	1.1416419	1.183466	1.223402	1.3241421	1.3660002	1.3402603	1.2436008	1.0661182	1.229918	
7	0	0	0	0	0	0	0	0.5182487	0.54124457	0.57221586	0	0.678091	0.7253765	0	0.83109283	0.9003299	0.92572486	0.98883516	1.0591311	1.2181529	1.2510045	1.166473	1.0152462	1.1329465	
7	0	0	0.5580604	0.7173609	0.8096306	0.87471765	0.90731865	0.90985954	0.90391517	0.9433778	1.0016501	1.0242045	1.0347426	1.0645651	1.1218271	1.1679828	1.2514584	1.268716	1.3078151	1.3269511	1.3220524	1.2141619	1.0664873	1.2179773	
7	0	0	0	0	0	0	0	0	0	0	0.50189275	0	0	0.6741467	0.7612356	0.82635194	0.90940833	0.9649473	1.0854661	1.0705807	1.1611469	1.0743148	0.9717138	1.0849384	
7	0	0	0.5370448	0.6585095	0.7575818	0.842008	1.0096703	1.1076194	1.1270474	1.1580884	1.1886835	1.1866816	1.1637917	1.178127	1.1942995	1.2301619	1.2797076	1.2524743	1.2999719	1.3283858	1.3389251	1.236463	1.0688059	1.2427484	
7	0	0	0	0.52329516	0.5309826	0.578207	0.6213483	0.67967254	0.70448005	0.7057156	0.6973976	1.0546077	1.0557191	1.0546483	1.1588334	1.2337824	1.2534959	1.2458947	1.2899746	1.354756	1.3424551	1.2314469	1.0841073	1.2290133	
7	0	0	0.5842803	0.7716652	0.85800767	0.90536857	0.9916571	1.0241661	1.0943366	1.0817887	1.094384	1.1548358	1.1375723	1.1127893	1.1226562	1.1527522	1.2435812	1.2827836	1.3372352	1.3616759	1.3347507	1.2399738	1.0696328	1.2292854	
7	0	0	0	0.53703916	0.5916706	0.66822386	0.68436307	0.76520425	0.8235586	0.8316509	0.80212027	0.8276022	0.85166234	0.9487183	1.0124792	1.0389801	1.1162382	1.2183416	1.2340634	1.3172613	1.3132718	1.2232329	1.0669765	1.2344557	
7	0	0	0.57141477	0.68507004	0.8213623	0.9051232	0.9040039	0.9764971	0.9953556	0.94114393	0.94702613	0.97085226	1.0455312	1.1149414	1.1817155	1.2216321	1.2109396	1.2476801	1.3137563	1.3391758	1.304387	1.2295088	1.0682017	1.2064205	
7	0	0	0	0	0	0	0	0	0.5087207	0.57974845	0.6368653	0.6771253	0.7030364	0.7208328	0.7306814	0	0	0.8841396	0	1.0856637	1.0747195	0	0	1.0197071	
7	0	0	0.56587815	0.72828805	0.8982023	0.95729846	1.0053037	1.0836262	1.0865009	1.0532126	1.0199119	1.091914	1.167148	1.2032673	1.2020935	1.2292615	1.3016965	1.2843429	1.3383012	1.3759073	1.3422604	1.2408719	1.0868239	1.2275333	
7	0	0	0	0	0	0.5011296	0.56173974	0.6283297	0	0	0.7482943	0.81082875	0.8427128	0.8851621	0.96938163	1.0635298	1.1281531	1.129076	1.2699401	1.3540968	1.3194245	1.2325015	1.0858382	1.2093189	
7	0	0	0.51135737	0.62734616	0.67248243	0.75958955	0.8290678	0.8608869	0.93619174	1.0187987	1.0407099	1.0299559	1.0057377	1.074326	1.1808882	1.2396449	1.207581	1.250628	1.3263068	1.3662894	1.3379577	1.2389225	1.061434	1.2335457	
7	0	0	0.5317201	0.63961196	0.7091942	0.68642485	0.7757419	0.91210216	0.98740834	1.0191329	1.0427961	1.0462419	1.041335	1.1383498	1.1448215	1.1914835	1.2527214	1.2922237	1.3445128	1.3692904	1.3459265	1.2456498	1.0689248	1.2375716	
7	0	0	0	0	0	0	0	0	0	0	0.5089464	0.5440907	0.55875903	0	0	0.8706631	0.9971088	1.0729492	1.0634059	0.7144722	0	0	0	0	
7	0	0	0	0.6575203	0.76743007	0.83093387	0.8729661	0.9169744	0.91850847	0.98947704	1.0136715	1.0486698	1.073178	1.1415684	1.2376488	1.2861115	1.2815534	1.2565404	1.3091692	1.3477222	1.3436558	1.2458656	1.0877339	1.2096863	
7	0	0	0	0	0.6092082	0.6899223	0.70931965	0.69784987	0.7266739	0.76613265	0.8240142	0.917961	0.9741265	1.0232413	1.0180187	1.0336368	1.0795425	1.1615418	1.2602196	1.3394493	1.3350351	1.246888	1.0748599	1.2156957	
7	0	0	0	0	0	0	0.82174087	0.8487084	0.57389146	0.61910856	0.7098125	0.79790425	0.8629328	0.916106	0.957848	1.0844535	1.0009403	0.9776757	0.95880926	0.9103914	0.9979228	0.93766093	0.73798424	0.71297324	
7	0	0	0.52833074	0.68669116	0.7469652	0.8442398	0.8705979	0.9073674	0.9716585	0.98936963	1.0038012	1.0540342	1.0550613	1.1053085	1.1412168	1.1476123	1.1998177	1.1985815	1.2902874	1.351635	1.3391443	1.2405075	1.0792477	1.2370752	
7	0	0	0	0	0	0	0	0	0	0	0	0	0	0	0	0	0	0	0	0	0	0.51917285	0.89547414	0	
7	0	0	0.5193283	0.6493393	0.75378853	0.7922135	0.82609284	0.9044554	0.91982853	0.89259434	0.89860964	0.8994876	0.9461579	1.0477539	1.1288375	1.1866722	1.2222068	1.2383657	1.3063929	1.3024069	1.3375548	1.24801	1.0690128	1.1985016	
7	0	0	0	0.5640319	0.62849474	0.6574283	0.6662695	0.6416847	0.7049423	0.7277887	0.7234547	0.7708659	0.9969437	0.9377977	1.0052499	1.0950515	1.1714003	1.2215493	1.2864478	1.3256043	1.3245026	1.2436845	1.0620674	1.205371	
7	0	0	0	0	0	0	0	0	0	0	0	0	0	0	0	0	0.5429055	0.565358	0.56988734	0.6576549	0.60484916	0.5593143	0	0.5281433	
7	0	0	0.55305344	0.57869595	0.66728795	0.81919086	0.88314426	0.878462	0.9080274	1.0026315	1.0662551	1.0869477	1.0700692	1.1012206	1.1743405	1.2094876	1.2539977	1.287107	1.3390379	1.3502641	1.3456615	1.2429365	1.0894303	1.2377572	
7	0	0	0	0	0	0.5146469	0.5396689	0.59121555	0.6662157	0.68227494	0.65913796	0.7405804	0.82575	0.8752173	0.91203886	0.9716352	1.0167596	1.0830466	1.1517823	1.2833488	1.3179997	1.1943506	1.0422441	1.2412313	
7	0	0	0.5594632	0.7744142	0.84049684	0.88486326	0.9561151	1.0205578	0.8756691	1.0335735	1.0433336	1.0971224	1.1222945	1.1340823	1.1331296	1.1245319	1.1631119	1.2466216	1.3356607	1.350536	1.3405023	1.2400364	1.0743558	1.2435852	
7	0	0	0.5492692	0.665972	0.7664836	0.880547	0.75100064	0.7847084	1.0330976	0.83875626	1.0158385	0.97276324	1.0600533	1.1822001	1.2351558	1.2442791	1.2576866	1.2311935	1.2782818	1.349768	1.345592	1.2456058	1.0848534	1.2411115	
7	0	0	0	0	0	0	0	0	0	0	0	0	0	0	0	0	0	0	0	0	0.8645133	0.8089951	0.84966636	0.88096744	
7	0	0	0.61208963	0.7590121	0.8201048	0.8319526	0.79681015	0.8729262	0.90086126	0.9227947	0.9937538	1.0114486	1.0542655	1.1150492	1.1286343	1.1486655	1.2158145	1.2480204	1.322789	1.3444718	1.3427955	1.2405163	1.0933776	1.2389985	
7	0	0	0	0	0.53906953	0	0	0.81268835	0.8380858	0.5156194	0.55185497	0.5997032	0.93168724	0.9440744	1.0361353	1.1151825	1.1631311	1.1998672	1.3141818	1.3500397	1.3197107	1.247906	1.082718	1.2030655	
7	0	0	0.6139384	0.81740344	0.90244335	0.9461755	1.059143	1.1168717	1.130097	1.1079121	1.172587	1.2026805	1.2272431	1.207391	1.1434578	1.1689937	1.2203851	1.2657608	1.2897896	1.338991	1.3252178	1.2314839	1.0651661	1.2351936	
7	0	0	0.5998637	0.65897626	0.70849895	0.8377683	0.7790604	0.820988	0.96896255	0.8273557	0.9678026	1.0291873	1.0522151	1.0791352	1.0852569	1.1062274	1.1729329	1.2114366	1.2997254	1.3347017	1.3357389	1.2388096	1.069941	1.214774	
7	0	0	0	0	0	0	0	0	0	0	0	0	0	0	0	0	0.5101027	0	0	0	0	0	0	0	
7	0	0	0.5023523	0.6218645	0.7222224	0.7946719	0.865647	0.96042085	1.029541	1.0399561	1.0918263	1.1251459	1.1186736	1.0804926	1.0881823	1.1484524	1.173212	1.2438627	1.3214334	1.3771163	1.3269587	1.2471026	1.0783466	1.2333764	
7	0	0	0	0.54966885	0.62322676	0.6285617	0.60375947	0	0	0.58218074	0	0	0.87589663	0.9060603	0.90100056	0.9716032	1.0461096	1.0699316	1.1607012	1.2366374	1.2759087	1.2084521	1.0664773	1.1704304	
7	0	0	0.61655295	0.7571438	0.78543776	0.81010616	0.8126091	0.77731985	0.7862308	0.85548943	0.882202	0.87224215	0.839654	0.9271817	0.99947006	1.0536945	1.0941596	1.1741518	1.25786	1.2600412	1.2571568	1.1572628	1.0474982	1.1213264	
7	0	0	0.5246777	0.64589536	0.73753506	0.7148903	0.75056034	0.81337684	0.87002647	0.9143197	0.967971	0.96754056	0.9765318	0.9936384	1.022846	1.0921301	1.1838151	1.2257609	1.3138306	1.3676027	1.3274887	1.2256609	1.0802482	1.2065352	
7	0	0	0	0	0	0	0	0	0	0	0	0	0	0	0.50466126	0	0	0	0	0	0	0	0	0	
7	0	0	0.6428994	0.8438862	0.99750894	1.0095708	1.0703144	1.0681188	1.0286901	1.0037227	1.1018622	1.1698537	1.2276002	1.2463859	1.2347016	1.2415978	1.260926	1.2683908	1.3192265	1.3422171	1.3365582	1.2382432	1.0830913	1.2212965	
7	0	0	0	0	0	0	0.53359807	0.5977914	0.6170822	0.61521924	0.6446071	0.68785864	0.74160266	0.8596228	0.9382151	0.9602592	0.87392014	1.0085579	0.7465643	0.74211204	1.0880574	1.032736	0.97782344	1.1561626	
7	0	0	0.6185014	0.7939543	0.8426513	0.8285749	0.89152837	0.91990584	0.9123587	1.0111556	1.0765678	1.109762	1.17268	1.2093154	1.2242903	1.2154872	1.1872022	1.239788	1.2938467	1.321696	1.2591819	1.1685635	0.9889579	1.0276495	
7	0	0	0	0.60610396	0.6831803	0.7869698	0.8155997	0.8029898	0.80043256	0.8312679	0.84054184	0.84805816	0.85277826	0.94353485	1.0880555	1.2106384	1.2782936	1.2599527	1.3162962	1.3549877	1.3298742	1.228878	1.0555608	1.2093533	
7	0	0	0.60463613	0.74445367	0.86660314	0.8836812	0.86387926	0.9302692	0.9433035	0.9670225	1.031032	1.0802702	1.1205839	1.1528671	1.162583	1.1876014	1.1936467	1.2338821	1.2966795	1.3783363	1.3362992	1.2366859	1.0492692	1.2186142	
7	0	0	0	0.5212409	0.5909049	0.6521585	0.67919713	0	0	0	0	0.7772252	0.81930935	0.84770435	0.58331466	0.62283593	0.97614723	1.0770345	0.89885193	1.2502803	1.2710564	1.2021763	1.0097836	1.1490431	
7	0	0	0.5750407	0.72252715	0.7849275	0.8348532	0.8163776	0.87117404	0.91021395	0.9138674	0.94341224	0.9418922	0.982873	1.1110263	1.2095987	1.265918	1.2731175	1.2599084	1.300088	1.3744181	1.3438268	1.2461072	1.0715923	1.2266537	
7	0	0	0	0	0	0	0	0.8111168	0.8648957	0.8760205	0.8545982	0.8479515	0.9520877	1.0287544	1.0672313	1.1514367	1.217488	0.56785244	1.2763121	1.1319008	1.2990607	1.2334372	0.75354373	1.2127981	
7	0	0	0.6538808	0.8227938	0.8876398	0.9143147	0.9076026	0.93892294	1.0233072	1.0611793	1.0462983	1.0069951	0.9544599	1.0367471	1.10147	1.1315918	1.2106043	1.247933	1.3090017	1.3573881	1.3125727	1.2451185	1.0708514	1.2003777	
7	0	0	0.5870952	0.67230684	0.77258897	0.8491073	0.93527526	0.96981364	1.0707148	1.098771	1.0768328	1.0316565	1.1053789	1.1577442	1.1649092	1.1973201	1.2360631	1.2591993	1.3193986	1.374562	1.3307104	1.2444334	1.0728626	1.2277561	
7	0	0	0	0.6765135	0.7811414	0.7986662	0.8472824	0.840061	0.84970313	0.8337763	0.82687205	0.9220444	1.0175701	1.0691383	1.127948	1.1643488	1.2234933	1.2595255	1.2911644	1.3504863	1.3433758	1.2367997	1.0618702	1.2062873	
7	0	0	0	0	0	0	0.5446016	0.6050826	0.6419698	0.64820343	0.6963717	0.753502	0.77832514	0.77478576	0.8911559	0.9871161	1.047378	1.059151	1.1538908	1.2581209	1.2549313	1.1945829	0	1.1902846	
7	0	0	0	0.58391714	0.6434931	0.63686347	0.61568683	0.7035868	0.78706425	0.846864	0.890776	0.9162622	0.923759	0.982049	1.0646411	1.1058121	1.1822275	1.2186235	1.2920822	1.3468096	1.3270338	1.1924478	1.0745705	1.1885349	
7	0	0	0.55021447	0.68075943	0.74820393	0.8023102	0.86659104	0.956671	0.97150534	0.9485149	0.98157454	1.0424342	1.0918324	1.120687	1.1435773	1.1837759	1.2169414	1.2227534	1.2999699	1.31096	1.3258077	1.2431563	1.0808096	1.2145588	
7	0	0	0.6071886	0.7321115	0.8277906	0.91064817	0.8892619	0.9030272	0.9510245	1.0425946	1.0771037	1.0873712	1.0804017	1.0425662	1.1249536	1.1774293	1.201134	1.2347426	1.316769	1.3756227	1.3387004	1.2244855	1.0729644	1.226265	
7	0	0	0	0	0	0	0.53585476	0	0	0.7376579	0.78112644	0.7875051	0.76815456	0.8598313	0.9323222	0.97938097	0.9900395	1.0526412	0	1.1374222	1.2312726	1.2086395	0	0	
7	0	0	0.5871675	0.75515264	0.82392395	0.8268645	0.7744154	0.8489344	0.8498515	0.8422057	0.956052	1.0444942	1.0915	1.1107254	1.1596929	1.2423886	1.2653239	1.2809367	1.3280267	1.3554826	1.3412002	1.2500788	1.0782833	1.213885	
7	0	0	0	0.6264171	0.6709285	0.68384653	0.68097425	0.73476416	0.80877775	0.8310966	0.8435694	0.8738515	0.93646264	1.0186658	1.0980798	1.1346697	1.2102364	1.230095	1.3086771	1.3548957	1.3307436	1.2047042	1.0455717	0	
7	0	0	0.59074444	0.78849584	0.8595053	0.8816753	0.90566766	0.9685022	0.97347856	0.9606588	0.9220797	0.98465407	1.0124893	1.0331745	1.0564107	1.1443356	1.2090039	1.2582586	1.3218056	1.3477844	1.3397341	1.2235351	1.0498761	1.2121466	
7	0	0	0	0	0	0.5406233	0.5607375	0.55148363	0.64446884	0.6918405	0.73089397	0.7467892	0.7990229	0.8927821	0.84246206	0.92199045	1.0050192	1.0400733	1.06184	1.3455426	1.343983	1.2046938	1.0295647	1.1116596	
7	0	0	0.7308792	0.8172411	0.8279435	0.8762405	0.9081797	0.9394989	0.9335077	0.98303545	1.0516777	1.0714425	1.0613567	1.0506011	1.110763	1.1888708	1.2097043	1.2607611	1.3193854	1.3325711	1.3122524	1.2366178	1.0493823	1.2119228	
7	0	0	0.56010723	0.67310864	0.7114604	0.8389186	0.9248336	0.96203804	1.0857478	1.1290926	1.1096176	1.0621085	1.0743986	1.1304526	1.1532397	1.2102426	1.258805	1.2545857	1.3198841	1.3733294	1.3395607	1.2435261	1.0824491	1.2325321	
7	0	0	0	0	0	0	0	0	0	0	0	0	0	0	0	0	0.50623786	0.58602846	0.63783425	0.9603413	0.9755263	0	0	0	
7	0	0	0.55404544	0.7479212	0.823752	0.8721748	0.89291465	0.92555475	0.9307605	0.9204633	0.9046748	0.9243318	0.93530226	0.949087	0.9777377	1.0262353	1.0935162	1.1967341	1.2865293	1.2813795	1.2476802	1.1822553	1.0189364	1.1342058	
7	0	0	0.546216	0.72668093	0.80787	0.8063092	0.81727976	0.6756955	0.82878035	0.8806584	0.95757276	0.9853498	1.0328668	1.0855597	1.0961868	1.1162775	1.20932	1.2548605	1.3038719	1.3414392	1.3113105	1.2301754	1.0603468	1.1617893	
7	0	0	0.5387137	0.6606953	0.76965624	0.76672184	0.7951772	0.8244999	0.8703089	0.90630436	0.9551198	0.99604356	1.0029452	1.0097269	1.0614139	1.1274759	1.2003727	1.2505128	1.3324113	1.3722433	1.3372345	1.2369481	1.0908306	1.2434609	
7	0	0	0	0	0	0	0	0	0.71496433	0.80862296	0.86278147	0	0.5781785	0.62642646	0.6705635	1.073286	1.129668	1.1253642	0	0	0	0.9726136	0	0.9504363	
7	0	0	0.5380628	0.6863696	0.74330413	0.75748485	0.7746001	0.8970554	0.95374745	0.94026107	0.88023585	0.92373085	0.9617845	0.96533513	1.004845	1.0545776	1.1484337	1.2200859	1.2205865	1.3416884	1.3071909	1.2344524	1.0521377	1.1791693	
7	0	0	0	0	0	0	0	0	0.68078804	0.68365926	0.72555196	0.76028776	0.7768398	0.8059806	0.8783829	0.93040454	1.0321292	1.1060599	0.923846	0.9561705	1.2439684	1.1740353	0.90288574	1.1378664	
7	0	0	0.5995742	0.64898247	0.7516781	0.7921384	0.8300701	0.8387928	0.8059704	0.8169026	0.8273828	0.8900666	0.9539297	1.0070188	1.0387781	1.0815704	1.1712731	1.2304443	1.2257189	1.1693493	1.1722027	1.1540529	0.93694013	0.9403305	
7	0	0	0.7548847	0.92670053	0.9705782	0.9447517	1.0017909	0.9976294	0.95007116	0.87816244	0.8991534	0.92559224	0.9652842	1.0084386	1.0525364	1.1370634	1.2270336	1.2484043	1.3187134	1.3777393	1.3307266	1.2479068	1.0801932	1.2294095	
7	0	0	0	0	0	0	0	0.5926987	0.6292402	0	0	0.7530439	0.8224836	0.8703814	0.90351135	0.92874837	0.94711834	0.94328916	1.008864	0.7555853	0	0	0.6835341	0	
7	0	0	0.6073375	0.7411584	0.8714373	0.9298105	0.9145196	0.8892307	0.8679927	0.8429716	0.8327865	0.86602455	0.90658945	0.90574235	0.9633114	0.9890669	1.1037136	1.1901921	1.202808	1.2551112	1.3055544	1.1990845	1.0052576	1.1179771	
7	0	0	0.56099105	0.63288885	0.69240713	0.7550589	0.77684504	0.82141936	0.84734553	0.84767634	0.92099786	0.9463669	0.9690323	1.0304431	1.0588607	1.0567788	1.116792	1.1920986	1.2440549	1.3243275	1.3353798	0.9941035	1.0277098	1.1658697	
7	0	0	0.6264567	0.7637219	0.8469851	0.9536359	0.996203	1.0244799	1.0063195	0.9601661	1.0303085	1.0719664	1.1102959	1.1311358	1.1593812	1.1527661	1.1861539	1.2452476	1.327965	1.3632723	1.3359574	1.2501631	1.0918833	1.2372448	
7	0	0	0.50578666	0.5445259	0.54749006	0	0.6265343	0.7171431	0.8082975	0.868821	0.89524573	0.76365286	0.93057466	1.0069293	1.0675232	1.1137983	1.189707	1.2500389	1.2882769	1.3377403	1.2965586	1.2140633	1.0790832	1.2018447	
7	0	0	0	0.651064	0.8146988	0.8924612	0.89172745	0.8925034	0.9348363	0.95981103	1.0068716	1.0204458	1.0650014	1.1418139	1.1675346	1.1422305	1.1208549	1.1611751	1.2230294	1.284196	1.2910544	1.201138	1.0314704	1.1688939	
7	0	0	0.617308	0.69692075	0.7769024	0.83842206	0.91157395	0.9609491	0.9572699	0.93830925	0.9382052	0.99421537	1.0699382	1.1191767	1.1328176	1.1086535	1.164841	1.217158	1.340268	1.3615955	1.3359724	1.2384462	1.0634656	1.2367684	
7	0	0	0	0	0	0.5394633	0.58751404	0.6003022	0.64601946	0.7107302	0.7487112	0.7784207	0.8174229	0.8422221	0.9284899	1.0277153	1.1010439	1.0128931	1.2757382	1.3413141	1.3305398	1.2313044	1.064243	1.2054727	
7	0	0	0.54454845	0.70140404	0.8098899	0.86643684	0.92905515	0.9743996	0.98574036	0.978513	0.9667673	0.9674981	1.0442989	1.1345505	1.1781747	1.2607697	1.2910196	1.2580024	1.3073038	1.3145194	1.3267665	1.2461842	1.0651171	1.2239492	
7	0	0	0	0.57598656	0.64520806	0.70675397	0.71656275	0.75145525	0.75142837	0.9252855	0.9720606	0.98698884	1.0534761	1.1054611	1.1609639	1.2005659	1.2850553	1.284267	1.3261719	1.3670009	1.3409861	1.2310714	1.0707622	1.2342	
7	0	0	0	0	0	0	0	0	0	0	0	0	0	0	0	0	0	0	0	0	0	0.78409266	0.6949453	0	
7	0	0	0	0	0	0	0	0	0	0	0	0	0	0	0.53588337	0.6374899	0.7375695	0.81401485	0.8622108	0.8821615	0.8767293	0.8659197	0.8505618	0.81970346	
7	0	0	0.51202446	0.5835467	0.63911504	0.7318436	0.792191	0.8351936	0.9446492	0.9907686	0.980699	0.9319203	0.92056346	0.9532994	0.96658796	1.0020063	1.0985903	1.2213118	1.2714578	1.2820269	1.2680014	1.2314228	1.0393008	1.2108558	
7	0	0	0	0	0	0	0	0	0	0	0	0	0	0	0	0	0	0	0	0	0	0	0	0.51240283	
7	0	0	0.57253784	0.73923385	0.7685137	0.7507386	0.7857953	0.78327495	0.8061578	0.8692772	0.88999486	0.9188952	0.9972907	1.0884401	1.129037	1.1343392	1.2020848	1.2428113	1.3012786	1.3598632	1.3307469	1.2283825	1.080989	1.2391212	
7	0	0	0	0	0	0	0	0	0	0	0	0	0	0	0	0	0	0	0.5075511	0	0	0	0	0	
7	0	0	0	0.6183609	0.7075698	0.7281263	0.7771761	0.78853637	0.79356813	0.8052987	0.813066	0.86026603	0.86737853	0.9497094	1.022749	1.0563701	1.1122462	1.1359612	1.2375071	1.3085788	1.3251041	1.185624	1.05725	1.1715726	
7	0	0	0	0	0	0	0	0	0.6033024	0.83940995	0.89715534	0.91929996	0.9110046	0.96799463	0	1.0364147	1.0700507	1.1286209	0.57092685	1.2800298	1.2679145	1.2083268	1.062094	1.1966683	
7	0	0	0.53737533	0.62995476	0.781044	0.8565315	0.85858536	0.9064012	0.9140297	0.93029577	0.9169693	0.89026475	0.9801463	1.0670472	1.1422578	1.1964743	1.2149282	1.2071793	1.3025982	1.3595947	1.3361934	1.246536	1.0922754	1.2368975	
7	0	0	0	0.5648451	0.6736014	0.78860414	0.83792007	0.8389031	0.85738677	0.9409711	0.98689103	0.98423845	0.9731848	1.0127404	1.0318079	1.0435783	1.1310489	1.1925918	1.248546	1.0628097	0.9452218	1.2191755	1.0359786	1.2142742	
7	0	0	0.52222264	0.69151044	0.7775788	0.78006744	0.7607587	0.8230699	0.8543361	0.85737425	0.84636635	0.89192885	0.9051018	0.9131868	0.9575338	1.0026512	1.1208222	1.167796	1.2595788	1.3202585	1.2813979	1.1820166	0.9954675	1.0352684	
7	0	0	0	0	0	0	0	0	0	0.6925137	0.765221	0.8239456	0.8776925	0.92531025	0.9734426	1.0103868	0.648506	0.6461748	0	0	1.1263622	0	0.9383425	1.0904956	
7	0	0	0.6250136	0.7389792	0.8345883	0.9248678	0.9688569	0.9844739	0.9706172	0.96498555	0.9885409	1.0000527	1.0715411	1.1261237	1.173918	1.2120894	1.2509286	1.2726381	1.3231889	1.3688593	1.3360888	1.2347065	1.0714118	1.242688	
7	0	0	0	0	0	0	0.51595855	0	0	0	0	0	0	0	0	0	0	0	0	0	0	0	0	0	
7	0	0	0.6300006	0.70408946	0.72694004	0.7753778	0.8274705	0.87053066	0.904009	0.94633174	0.93523616	0.9726177	1.0454239	1.1084634	1.1516789	1.1611801	1.2109408	1.2726926	1.3154879	1.3700622	1.3384593	1.2315137	1.0602719	1.1653533	
7	0	0	0	0	0	0	0.71012366	0.5446982	0.5949381	0.61662424	0.6084288	0.7575815	0.6724774	0.7255754	0	0	0	0	0	0	0	0	0.9489895	1.0830594	
7	0	0	0.5003724	0.58771646	0.71623313	0.83079386	0.8961046	1.0008221	1.0265958	0.99922174	0.9533349	0.90208846	0.8940943	0.9311823	0.99212945	1.0358697	1.0524356	1.146131	1.2912967	1.3278457	1.2938802	1.2116547	1.0479057	1.1469289	
7	0	0	0.6529445	0.74499744	0.76809394	0.81612754	0.9234029	0.94243526	0.95131326	1.0508026	1.114082	1.1465987	1.1528926	1.146951	1.1589588	1.2138605	1.281004	1.2748744	1.3139225	1.3721144	1.3256075	1.2411667	1.0677009	1.1945935	
7	0	0	0	0	0	0.6087378	0.68017274	0.72368425	0	0	0	0	0.51000273	0.5295309	0.53640497	0.532551	0.55368733	0	0	0	0	0	0	0	
7	0	0.5090639	0.740758	0.91609275	0.97038114	1.0365056	1.075774	1.0942471	1.07913	1.0263801	1.0461745	1.0494959	1.0821378	1.1400682	1.1905597	1.2222099	1.2447021	1.2873174	1.3424054	1.3606912	1.3447603	1.2428621	1.0636857	1.2417065	
7	0	0	0	0	0.54062784	0.6348627	0.7241391	0.75615066	0.73401767	0.7937462	0.8499038	0.8863798	0.8929485	0.8373809	0.9746408	1.1085522	1.1763573	1.072299	0	0	0	0	0.9907319	1.1703131	
7	0	0	0.64364564	0.70244527	0.7805941	0.8675115	0.9211319	0.97807795	0.97638357	0.9780919	1.027267	1.061394	1.0762748	1.0999297	1.1183277	1.1594224	1.1949923	1.2440382	1.3204353	1.3471969	1.3182081	1.2444768	1.0701971	1.2089595	
7	0	0	0	0	0	0	0	0	0	0.68778026	0.728284	0.7675859	0.88573325	0.97556406	0	1.0958314	0	0	0	0	0	0	1.0398165	1.1009889	
7	0	0	0.56241137	0.7141437	0.76359737	0.8094671	0.89795595	0.95539856	0.95047027	0.91597867	0.9260509	0.9438116	0.93711025	0.99827754	1.0700257	1.121071	1.2099204	1.2419161	1.3042403	1.3435153	1.3035243	1.2343537	1.0692513	1.1912138	
7	0	0	0	0	0	0	0	0	0	0	0	0	0	0	0	0	0	0	0	0	0	0	0	0.557561	
7	0	0	0.5911673	0.7330498	0.7799631	0.78040457	0.7832552	0.82702404	0.85213006	0.89624363	0.9756877	1.0311195	1.1013508	1.1524594	1.1722462	1.1564813	1.1716368	1.1957767	1.2358887	1.2952855	1.2590238	1.1723478	1.0185359	1.2165625	
7	0	0	0	0	0	0	0	0	0	0	0	0	0	0	0	0	0	0	0.7840648	0.81412405	0.75396115	0.78095144	0.7513211	0.5525637	
7	0	0	0.59032226	0.68820363	0.80521137	0.8695804	0.9431651	0.94577986	0.8921496	0.9831089	1.0626966	1.1057544	1.1161273	1.0982773	1.0518656	1.0623472	1.1551198	1.2350157	1.3082078	1.2984987	1.2553762	1.2296247	1.0691158	1.1932284	
7	0	0	0.5108985	0.5773423	0.60263807	0.6224534	0.6622405	0.7299401	0.90684915	1.0432743	1.1127636	1.1116937	1.0996867	1.0663399	1.1452159	1.1686064	1.1716261	1.2280354	1.3147113	1.3541601	1.3185873	1.2297517	1.0821693	1.2379597	
7	0	0	0.6136563	0.75462323	0.84508646	0.88	0.8675652	0.8705503	0.8823442	0.8844319	0.8852617	0.8804245	0.8687718	0.8904865	0.9259824	0.9607132	0.98463506	1.1227582	1.1896062	1.1289035	1.1734046	1.1028341	1.0030049	0.9444507	
7	0	0	0.5930897	0.70249546	0.713204	0.78087497	0.83062017	0.85098094	0.8230659	0.9026137	0.95151746	0.9587179	1.0061786	1.076055	1.1145341	1.1539152	1.209643	1.2456584	1.2899414	1.3462138	1.292691	1.2387557	1.0592649	1.215265	
7	0	0	0	0.63740456	0.75708777	0.805294	0.7821823	0.7549778	0.8006437	0.8788016	0.9156813	0.9380072	0.9707276	1.0496712	1.1473329	1.1809224	1.2548116	1.2736964	1.3386257	1.3712418	1.3435173	1.2488233	1.0935336	1.240435	
7	0	0	0	0	0	0	0	0	0.5075291	0.53929716	0.5575703	0.6342499	0.7016394	0.75349057	0	0.9012574	0	0	0	0	0	0	0	0	
7	0	0	0.5954219	0.69431645	0.85172445	0.9339864	0.9794126	1.0469785	1.0340879	1.1393983	1.199087	1.2151052	1.191811	1.1723257	1.1345052	1.1299837	1.1297505	1.2267445	1.2919561	1.3573735	1.3359058	1.1775382	1.028203	1.1442264	
7	0	0	0	0.6586218	0.79309505	0.9073003	1.027217	1.0935258	1.1814202	1.2773448	1.2973846	1.2843511	1.247276	1.2226671	1.1962384	1.2477976	1.2845707	1.2619877	1.3172797	1.3698983	1.3423026	1.2472527	1.0867034	1.2282772	
7	0	0	0	0	0	0.52265203	0.51826173	0.5519605	0.5857582	0.6557108	0.77045727	0.861871	0.9232098	0.9615206	0.975903	1.0109503	1.1182289	1.1694058	1.2394441	1.2170247	1.2279592	1.2175176	0	1.1124897	
7	0	0	0	0.6309193	0.7485034	0.817007	0.8516567	0.9075492	0.9477143	1.0062014	1.0232308	1.0358675	1.0330285	1.0173347	1.0247506	1.0529792	1.0919027	1.1118394	1.2849287	1.3538779	1.2863649	1.232348	1.0595003	1.1601875	
7	0	0	0.51984066	0.642554	0.7219486	0.7720245	0.8903848	0.92097455	0.87506765	0.96528584	1.0115122	1.0258118	1.0182455	0.99482733	0.9612477	0.96849513	1.0626045	1.1910549	1.3263918	1.3401545	1.3417765	1.2431563	1.0405612	1.1638421	
7	0	0	0	0.5806891	0.66403645	0.6894303	0.7521268	0.73548585	0.7853411	0.8101576	0.79579353	0.75680745	0.72314286	0.689946	0.71180695	0.8629959	1.0319177	1.173871	1.2345121	1.2867877	1.2431632	1.2350715	1.0444407	1.0144756	
7	0	0	0.5274045	0.6317443	0.69618857	0.76873785	0.8034542	0.8626783	0.85344434	0.91703707	0.98310727	1.0130749	1.0172338	1.0252274	1.0406542	1.0914247	1.1393869	1.2030691	1.2782885	1.3306872	1.2429993	1.1836298	1.0226578	1.2129928	
7	0	0	0	0	0	0.51806676	0.5877272	0.6222532	0.6374511	0.63247424	0.6098266	0.57671833	0.54176646	0.59386486	0.64437956	0.68239623	0.725034	0.8176757	0.89780277	0.9922139	1.1434022	1.1230063	0.9610526	0.97115576	
7	0	0	0	0.51861864	0.6241463	0.6949567	0.7452516	0.8448483	0.8697014	0.86238885	0.90924287	0.93356943	0.9691895	1.02338	1.095841	1.143818	1.162226	1.2049378	1.2761014	1.2701358	1.3196701	1.2037196	1.0172167	1.0700434	
7	0	0	0	0.59029794	0.69738966	0.7762877	0.86473465	0.91796374	0.88321257	0.93989867	0.9856568	1.0136876	1.0342027	1.0477132	1.042881	1.0725018	1.0789673	1.1515588	1.1979237	1.2627943	1.2503662	1.1846845	1.0576859	1.1574324	
7	0	0	0.5621964	0.6865396	0.7496676	0.7887614	0.90930206	0.91242254	0.95157826	1.0245694	1.0518279	1.0467423	1.0185225	0.9667212	0.96962565	1.0495107	1.1118577	1.133458	1.2725297	1.3702661	1.3452574	1.2429279	1.0231072	1.1230878	
7	0	0	0	0.574211	0.64460063	0.7139061	0.75209934	0.7960209	0.81333894	0.7824927	0.75931793	0.75166637	0.7925788	0.85594255	0.899853	0.93215173	1.0087224	1.1046679	1.2179197	1.3004866	1.2821126	1.1729571	1.0448253	1.0141652	
7	0	0	0	0	0.517709	0.59580415	0.67058074	0.740625	0.76965135	0.7815973	0.88124144	0.95460784	0.9748148	0.99942356	1.014847	1.0236068	1.0940385	1.1602899	1.2325673	1.3480493	1.338503	1.2405338	1.0867969	1.2397357	
7	0	0	0	0.5519254	0.6059583	0.6154896	0.5433129	0.6386816	0.70132166	0.79405063	0.8876813	0.97064644	1.0268432	1.0537355	1.1071857	1.129429	1.1884851	1.2165433	1.3155597	1.3681556	1.3235811	1.2433308	1.0835592	1.2147704	
7	0	0	0	0.55893207	0.61140966	0.71506786	0.7927025	0.7737093	0.7683969	0.75327945	0.7501929	0.7574845	0.80992556	0.84687567	0.9091581	0.97757953	1.0491791	1.1091024	1.2240998	1.2905338	1.3246739	1.2002845	0.96063817	0.869401	
7	0	0	0.5006785	0.63515407	0.7442128	0.7912247	0.84760964	0.8563205	0.8247622	0.7774927	0.7896629	0.7715453	0.75395185	0.7995247	0.8401345	0.91062784	0.9703661	1.1206279	1.2375003	1.2457492	1.2332699	1.2163529	0.9969569	1.0886782	
7	0	0	0	0.5222092	0.6390688	0.6888052	0.7883256	0.8185236	0.7698579	0.8068494	0.82645506	0.82328355	0.8112902	0.7953441	0.779546	0.87483734	0.9443484	1.0950054	1.2786777	1.3420002	1.2749734	1.1495625	1.0133197	0.9472989	
7	0	0	0	0.6133897	0.72387344	0.7867518	0.87075335	0.8761254	0.9268022	0.97513646	0.970237	0.94762254	0.9290974	0.9032786	0.8710529	0.98584443	1.0523698	1.1249801	1.1449974	1.1569636	1.1858118	1.1827058	1.0518726	0.9954171	
7	0	0	0	0.61300397	0.7405975	0.8148956	0.8570058	0.87939095	0.93302345	0.9979408	1.0015999	0.96442664	0.911329	0.87157726	1.0000963	1.1213222	1.1841558	1.2564082	1.2582816	1.1303179	1.1688805	1.0979489	1.0453004	1.182022	
7	0	0	0	0	0.56937593	0.68464667	0.77208006	0.8407866	0.8331893	0.7784288	0.72701347	0.73006356	0.7522203	0.86178255	0.96372694	1.024814	1.0981656	1.1167772	1.1925433	1.3243122	1.2991375	1.1411167	1.0325696	1.1701181	
7	0	0	0	0.61124384	0.7287	0.7867326	0.8213088	0.85678244	0.88648707	0.97349954	1.0075854	1.004759	0.98131824	0.943042	0	0	0	0	0	0	0	0	0	0	
7	0	0	0	0.60796726	0.73023576	0.8008165	0.84052545	0.874616	0.9052825	0.98385674	1.0033734	0.982459	0.941299	0.92380613	1.022666	1.0765525	1.1595156	1.1705432	1.1983026	1.3473817	1.3223916	1.1791904	1.0458386	1.1210588	
7	0	0	0	0.5935412	0.7066006	0.76818085	0.8454068	0.88478595	0.8642314	0.91354614	0.93195945	0.9213807	0.899244	0.86936814	0.8805396	1.0135707	1.1361905	1.172907	1.1602732	1.3225033	1.3229684	1.2358284	1.0078753	1.0324255	
7	0	0	0	0.51839226	0.6266166	0.69876593	0.7869604	0.7956379	0.8184066	0.86574775	0.87238425	0.8560676	0.82969296	0.79731613	0.7924971	0.81905824	0.9220585	1.0030062	1.100634	1.1897204	1.2162293	1.1546372	0.9780513	0.93558586	
7	0	0	0	0.5676049	0.659748	0.75766325	0.8298476	0.8248127	0.89123976	0.9083489	0.88969725	0.8496929	0.8002409	0.79694915	0.8323045	0.87072307	0.9197382	0.9874107	1.0993911	1.1788478	1.2028477	1.1860406	1.0126579	0.9797497	
7	0	0	0	0	0	0	0	0	0	0	0	0	0	0.5151528	0.58136123	0.62402344	0.64075935	0.6655307	0.65431786	0.62445235	0.55768335	0	0	0	
7	0	0	0	0.5848202	0.6845557	0.7433253	0.83041	0.81716764	0.8444249	0.8766291	0.8624922	0.82272345	0.77342176	0.75138795	0.799957	0.87896204	0.9839264	1.1292298	1.274171	1.345112	1.2850785	1.1581616	1.02343	1.0397494	
7	0	0	0	0.51251215	0.60670596	0.66830415	0.72101456	0.7526097	0.80865854	0.8430698	0.84185994	0.8356057	0.87804013	0.9478387	1.0097414	1.0578197	1.0877604	1.2084136	1.2223058	1.3116225	1.2895635	1.1412582	1.013824	0.9721938	
7	0	0	0	0.51184744	0.6065532	0.67796445	0.7343889	0.7635429	0.8385837	0.87193954	0.8852725	0.9066285	0.9362623	0.9462602	0.9990266	1.05312	1.0879704	1.205578	1.2249923	1.3192848	1.33038	1.1678315	0.9927421	0.89161247	
7	0	0	0	0.524998	0.6489735	0.7295765	0.763349	0.7753826	0.8589116	0.90701544	0.9152325	0.90026534	0.8759145	0.9302936	0.9984584	1.0437032	1.099521	1.1635381	1.2418799	1.252261	1.1897081	1.0587587	0.9905412	1.1382884	
7	0	0	0	0	0.5554909	0.6314049	0.6953655	0.723393	0.6984453	0.7569114	0.78692406	0.83031964	0.8694441	0.9099756	0.9549635	1.0345563	1.1483326	1.2279348	1.2521869	1.3214501	1.3126371	1.1629766	0.9700701	0.8908265	
7	0	0	0	0	0.5425708	0.6142075	0.6868172	0.7296948	0.7182439	0.7103548	0.7481177	0.79025865	0.8596408	0.90576345	0.9645458	1.016367	1.0872867	1.1602281	1.2196367	1.2677995	1.2318813	1.2145214	1.0250921	1.080927	
7	0	0	0	0.5558687	0.67624277	0.79542744	0.8421234	0.82920927	0.8162504	0.7859803	0.7276331	0.73608816	0.72567326	0.70422596	0.6788512	0.72334015	0.787689	0.84874123	0.9388889	1.1310318	1.285267	1.2472894	1.0477886	0.9981002	
7	0	0	0	0	0.51800466	0.5887093	0.68968	0.74470085	0.74649596	0.75857365	0.79871064	0.80718404	0.8364371	0.93871003	1.0306122	1.1002535	1.135154	1.1614074	1.2555475	1.297116	1.3056364	1.1785656	0.9576181	0.8591829	
7	0	0	0	0	0	0	0	0	0.5255515	0.5673636	0.6205965	0.6798256	0.7297686	0.7646812	0.82449067	0.95326585	1.0503355	1.0715374	1.1322432	1.2364737	1.3286941	1.219682	0.9622517	1.0472355	
7	0	0	0	0.5007716	0.6115766	0.6905847	0.69716257	0.7535494	0.8609046	0.9062968	0.9106253	0.9173074	0.90751916	0.9477338	1.0726227	1.176043	1.2468594	1.2583538	1.2875332	1.2744317	0	0	1.0216001	0	
7	0	0	0.5305652	0.65996987	0.72950137	0.822334	0.9189408	0.9431682	1.0070474	1.0010984	1.0008084	1.0665971	1.105406	1.1765754	1.2107176	1.2186877	1.2657027	1.2747221	1.3307608	1.368166	1.3461837	1.2472767	1.0913244	1.234524	
7	0	0	0	0.5699015	0.65126455	0.7234902	0.8052541	0.84488755	0.85867584	1.0230497	1.0972723	1.0950986	1.1183025	1.19816	1.2403861	1.241103	1.2433121	1.2810819	1.3421663	1.3658941	1.3359783	1.2483579	1.0905727	1.2445327	
7	0	0	0	0	0.5307146	0.58196247	0.6239626	0.69988924	0.7613682	0.79060817	0.78559494	0.8296087	0.8541522	0.9063713	0.96912926	0.99461097	1.0158294	1.1134853	1.3064766	1.2726624	1.21071	1.1550606	1.0660081	1.243773	
7	0	0	0	0	0	0	0	0	0	0	0	0	0	0	0	0.5519778	0.615647	0.66054916	0.64056975	0	0	0	0	0	
7	0	0	0.5097168	0.6448079	0.71941954	0.82270944	0.8510343	0.9267776	0.9497338	0.9324215	0.9720519	1.0668485	1.1018384	1.0971539	1.1870371	1.1996617	1.2461007	1.2809587	1.3321941	1.373427	1.3437297	1.244428	1.087816	1.238795	
7	0	0	0.5028361	0.5069095	0.5765603	0.65251166	0.6625184	0.63461834	0.7651336	0.8964428	0.9993149	1.0531193	1.0810604	1.0827364	1.0341935	1.1038914	1.1835048	1.2072607	1.2902483	1.3776381	1.3466327	1.2452595	1.0848001	1.2355392	
7	0	0	0.5838505	0.74271494	0.773509	0.8266315	0.87862897	0.9260202	0.9873494	0.996327	0.965112	1.012488	1.0416048	1.091981	1.138662	1.178047	1.2447274	1.2794709	1.3148296	1.3686715	1.3446451	1.2414168	1.0913229	1.2409253	
7	0	0	0	0	0	0	0	0	0	0.54305625	0.5890048	0.6229634	0.6398316	0.6482994	0	0	0	0	1.1893967	0	1.1424382	0	0	0	
7	0	0.51629657	0.72659117	0.8055866	0.8108879	0.86752033	0.9176605	0.94796723	1.0014031	1.0190972	1.0122851	0.988399	0.99527675	1.069527	1.1311567	1.1919461	1.2143884	1.2626023	1.3170896	1.3709689	1.340434	1.247302	1.0810226	1.2319692	
7	0	0	0	0	0	0.5462007	0.57734257	0.61182886	0.70270604	0.756183	0.79150766	0.8888128	0.9533889	0.98735017	0.98131084	1.0323377	1.0867295	1.1851871	1.3276511	1.3442988	1.3315656	1.2269456	1.06835	1.2336261	
7	0	0	0.65764713	0.78769505	0.8386471	0.841922	0.79840654	0.73920685	0.7669973	0.80503106	0.889322	0.9710568	1.0102305	1.0438663	1.0581913	1.119852	1.2114775	1.2796147	1.3187329	1.3613988	1.3403758	1.2431797	1.0817311	1.2416434	
7	0	0	0	0	0	0.5631145	0.61059666	0.6543185	0.6677668	0.69744647	0.83719355	0.90015125	0.9581528	1.031488	1.0685599	1.1139764	1.1953458	1.2542577	1.30376	1.3676968	1.3269315	1.2421939	1.0636667	1.2222085	
7	0	0	0.70731395	0.9084483	0.9846266	1.0537335	1.1008747	1.134318	1.1460433	1.1231252	1.0697147	1.0009362	0.9442128	1.0012747	1.0734121	1.1403347	1.1910505	1.2444888	1.2933801	1.3579458	1.3199345	1.2403902	1.06574	1.2383871	
7	0	0	0	0	0.50227433	0.53414774	0	0.57723606	0	0	0	0	0	0.5224761	0.9574618	1.0423349	1.0895796	1.0811542	1.2013894	1.1972693	1.2218561	1.1853462	1.0182993	0	
7	0	0.7585566	1.0025219	1.1193278	1.2010368	1.2253915	1.2180544	1.2026052	1.1815901	1.1532506	1.1118832	1.1214072	1.1056597	1.0910654	1.0676155	1.0203228	1.1702278	1.2524616	1.322667	1.3611645	1.2722516	1.2052988	1.0619097	1.1208043	
7	0	0	0.5063978	0.53468263	0.6319366	0.7508407	0.78817	0.77861863	0.8428724	0.8774765	0.89114237	0.8873865	0.87863475	0.9385985	0.99891704	1.0790446	1.1981772	1.2629203	1.3276123	1.3465902	1.3340507	1.2385893	1.0467122	1.040004	
7	0	0.50676703	0.7646528	0.906629	0.877185	0.87410897	0.8732829	0.9145984	0.93443674	0.9840573	1.0641264	1.1710587	1.202934	1.2237327	1.2343293	1.2350503	1.2686889	1.2827818	1.3381984	1.3745415	1.3351065	1.2479718	1.084254	1.2388228	
7	0	0	0	0	0	0	0	0	0.52234626	0.5318525	0.51737005	0	0.64701396	0.6933007	0.7544528	0.81303346	0.83557546	0.9142983	1.0414593	1.1062348	0	0	0	0	
7	0	0	0.5064587	0.58582467	0.6661794	0.74483365	0.8383243	0.8920776	0.95544416	0.9833794	1.0714805	1.1373733	1.157268	1.1507505	1.2117485	1.2590711	1.3148464	1.2768444	1.3362482	1.376625	1.3427588	1.2470382	1.0883365	1.2446942	
7	0	0	0	0.6886149	0.7758165	0.7810563	0.7025711	0.73761207	0.7702005	0.76663697	0.89154184	0.9858987	1.0372951	1.0559003	1.048586	1.0824847	1.1653014	1.1929032	1.3194754	1.3463802	1.3350108	1.2481159	1.0929604	1.2424983	
7	0	0	0	0	0	0	0	0	0	0	0.5454909	0.5873032	0.61419463	0.626981	0.701744	0.7830722	0.8536317	0.8986041	0	0	0	0	0.8470512	0	
7	0	0.5452577	0.7397211	0.7767775	0.86428475	0.9124226	0.9061883	0.9572625	0.9434052	1.0193647	1.0333095	1.0675509	1.1554698	1.1890377	1.237365	1.2525392	1.2914437	1.2730836	1.3125834	1.3727536	1.3403193	1.241563	1.0826073	1.2378794	
7	0	0	0	0	0	0.56692964	0.64123046	0.6785115	0.69544595	0.6964221	0	0.82306856	0.9035803	0.9686792	1.0090079	1.0972794	1.1962867	1.225047	1.3061684	1.3414904	1.3206053	1.1950326	1.0606163	1.2072363	
7	0	0.6311009	0.8455087	1.0433255	1.1223701	1.1049219	1.0949228	1.1221015	1.1097728	1.0681893	1.0446215	1.0325705	0.9929463	1.0630037	1.1351666	1.1954532	1.2319399	1.2533246	1.3055782	1.3653975	1.3430469	1.2432257	1.0927492	1.2333654	
7	0	0.6671477	0.86102146	1.0062053	1.0331887	1.0568093	1.1214287	1.1138308	1.1280596	1.0979906	1.0524105	1.0119412	1.0282696	1.0549092	1.1079438	1.2083948	1.2877421	1.2732283	1.2996869	1.3582745	1.3325427	1.2190903	1.0572462	1.2350898	
7	0	0	0.584504	0.6893465	0.78798336	0.91411465	0.9286589	1.0540242	1.11511	1.1362952	1.1153042	1.0782015	1.0563871	1.0679506	1.1099962	1.1538063	1.1951702	1.2271779	1.3087058	1.3640058	1.3279119	1.2352046	1.0767446	1.1981297	
7	0	0	0.5239322	0.7057723	0.8367309	0.86970305	0.8687018	0.8314631	0.81388575	0.84191155	0.82245666	0.84642124	0.961587	1.0405713	1.0805404	1.0858915	1.059013	1.1600785	1.262861	1.3263586	1.3002293	1.2074635	1.0686567	1.197198	
7	0	0	0.64673847	0.69966185	0.74788576	0.7093578	0.73619163	0.8131317	0.88268703	0.9093523	0.91422176	0.914766	0.9376944	0.98210984	1.0941443	1.1627963	1.1664417	1.2544858	1.2605319	1.3463386	1.3359383	1.2421756	1.0793312	1.242533	
7	0	0	0	0	0	0.5234803	0	0	0.6466254	0	0	0	0.92860144	0.98772335	0	0	1.1250137	1.1757171	1.2466896	1.31081	1.2354729	0	0	1.0846927	
7	0	0	0.5839891	0.79600346	0.9269414	0.9822588	1.0146673	1.0264031	1.1024354	1.124514	1.101437	1.0712343	1.1013066	1.1132476	1.1098683	1.1843266	1.2096434	1.2045689	1.3303107	1.3662074	1.3291128	1.2328458	1.0700915	1.2352959	
7	0	0	0	0	0	0	0	0.6990968	0.765566	0.82219434	0.84688085	0.84569836	0.7057452	0.9528705	1.0159823	1.111102	1.1980261	1.2155933	1.2154844	1.1935635	1.2492632	0	1.0741261	1.2187123	
7	0	0.56110865	0.706675	0.7639285	0.84926885	0.84905237	0.8658897	0.88102865	0.88802767	0.9018113	0.9074466	0.92334896	0.9333347	0.9409424	0.972768	0.99799126	1.0116884	1.0295162	1.0928541	1.1631962	1.2111579	1.197481	1.0612907	1.1685208	
7	0	0	0	0.60004085	0.66664356	0.6980033	0.7575213	0.83299255	0.93909925	1.0064049	1.0429752	1.0587622	1.0714952	1.0993984	1.1177388	1.1981386	1.2502921	1.2645283	1.3277073	1.3771942	1.3275989	1.2474023	1.0748895	1.2414027	
7	0	0	0	0	0	0	0.55781806	0.6038133	0.62382245	0.62550014	0.6304698	0.68309003	0.7499786	0.7995074	0.8223383	0.9176566	1.0292867	1.0798848	1.2693888	1.3262709	1.0394133	0.9936172	1.0502144	1.1415405	
7	0	0	0	0	0	0	0	0	0	0	0	0	0	0	0	0	0	0	0	0.5716098	0.5415745	0.6835852	0.6546115	0	
7	0	0	0	0	0	0	0	0	0	0	0	0	0.51022977	0.56954193	0.6169477	0.6415711	0.6472827	0.6975627	0.6654076	0.6982916	0.71213514	0.6191159	0.6273619	0	
