2	0.70159215	1.1629707	1.1341275	1.2117583	1.2620032	1.2765325	1.236459	1.198175	1.1627725	1.1221921	1.0669657	1.0033133	0.9268224	0.8620868	0.8107555	0.8103325	0.78380424	0.7653929	0.7101529	0.6994081	0.6684735	0.5790959	0	0	
2	0.7017451	1.1713824	1.0005158	0.7908428	0.5476643	0	0	0	0	0	0	0	0	0	0	0	0	0	0	0	0	0	0	0	
2	0	0.5607576	0	0	0	0	0	0	0	0	0	0	0	0	0	0	0	0	0	0	0	0	0	0	
2	0.7464205	1.251948	1.30561	1.2793548	1.2590103	1.2390141	1.2326804	1.2218636	1.1962719	1.1609849	1.1165605	1.060965	1.0007875	0.9223267	0.8458464	0.75820017	0.65923655	0.62494457	0.5772291	0.5505406	0	0	0	0	
2	0.809297	1.2802753	1.2389762	1.2135333	1.1738787	1.1158712	1.0447025	0.9659966	0.87643015	0.79020894	0	0	0	0	0	0	0	0	0	0	0	0	0	0	
2	0	0.91111547	0.7374388	0.57856256	0	0	0	0	0	0	0	0	0	0	0	0	0	0	0	0	0	0	0	0	
2	0.8262612	1.1849667	1.2468944	1.30955	1.3085086	1.2816023	1.2622193	1.2486602	1.2330488	1.2124399	1.185541	1.1490793	1.0990655	1.0442923	0.96737206	0.8923866	0.8006143	0.7153017	0.631835	0.53672206	0	0	0	0	
2	0.84176695	1.3110352	1.2803718	1.2381753	1.2101014	1.1697469	1.1197072	1.0642264	0.99686706	0.9241242	0.8413174	0.7599721	0.68897384	0.61848116	0.55060536	0	0	0	0	0	0	0	0	0	
2	0	0.867456	0.62388694	0	0	0	0	0	0	0	0	0	0	0	0	0	0	0	0	0	0	0	0	0	
2	0.8290392	1.2927057	1.2880201	1.3156534	1.2872856	1.2581267	1.2417282	1.2223228	1.1976895	1.1658432	1.1231765	1.0646914	1.0078086	0.9266966	0.8496059	0.75941366	0.6708692	0.5765093	0.51777685	0	0	0	0	0	
2	0.77569425	1.1370473	1.1953596	1.0779216	0.96277595	0	0	0	0	0	0	0	0	0	0	0	0	0	0	0	0	0	0	0	
2	0	0.815253	0.56590116	0	0	0	0	0	0	0	0	0	0	0	0	0	0	0	0	0	0	0	0	0	
2	0.80775887	1.2969552	1.27186	1.2248763	1.2214141	1.2774653	1.2614353	1.2285148	1.1913778	1.2213731	1.2805319	1.3084061	1.313231	1.2899015	1.2712462	1.2225938	1.2226795	1.1914243	1.1057527	1.0535526	1.0013813	0.8931961	0.7106386	0.50641674	
2	0.78839576	1.24886	1.1294861	0.9844768	0.8506584	0.739345	0.6779457	0.61555505	0.5521452	0.51911867	0	0	0	0	0	0	0	0	0	0	0	0	0	0	
2	0	0.7870405	0.5668227	0	0	0	0	0	0	0	0	0	0	0	0	0	0	0	0	0	0	0	0	0	
2	0.68129927	1.1473398	1.1025655	0.94931257	0.91138726	0.8702679	0.84047455	0.8108531	0.79424405	0.7860438	0.7925052	0.80693346	0.82131165	0.844316	0.8528014	0.82442105	0.8042287	0.75589466	0.67181885	0.5688651	0	0	0	0	
2	0	0.71548355	0	0	0	0	0	0	0	0	0	0	0	0	0	0	0	0	0	0	0	0	0	0	
2	0.859284	1.2874802	1.254726	1.2866658	1.2889298	1.2611078	1.2271931	1.1945196	1.1589829	1.114972	1.0559404	0.99028194	0.92268914	0.85208124	0.7776214	0.7063689	0.6273895	0.55157	0	0	0	0	0	0	
2	0.7500259	1.2352052	0.89467806	0.9217875	0.5647141	0	0	0	0	0	0	0	0	0	0	0	0	0	0	0	0	0	0	0	
2	0	0.5891256	0	0	0	0	0	0	0	0	0	0	0	0	0	0	0	0	0	0	0	0	0	0	
2	0.89089686	1.2937617	1.3195881	1.3412704	1.3318075	1.2975649	1.2678933	1.2623312	1.2527353	1.2401662	1.2215102	1.193483	1.1720883	1.1236978	1.0860783	1.0191373	0.93496406	0.85520023	0.74821645	0.63596255	0.5335921	0	0	0	
2	0.88515073	1.3026568	1.315434	1.1843221	0	0	0	0	0	0	0	0	0	0	0	0	0	0	0	0	0	0	0	0	
2	0.6828339	0	0.8135004	0.622784	0	0	0	0	0	0	0	0	0	0	0	0	0	0	0	0	0	0	0	0	
2	0.86386824	1.3151724	1.2809107	1.3104364	1.3013206	1.2573168	1.2224438	1.1924367	1.1930052	1.182522	1.1483318	1.0937042	1.029651	0.96011364	0.8939589	0.8181967	0.7285958	0.6399081	0.5617503	0	0	0	0	0	
2	0.7120156	1.2495666	1.0827228	0.91390455	0.7779266	0.64144325	0.5291925	0	0	0	0	0	0	0	0	0	0	0	0	0	0	0	0	0	
2	0.85177416	1.298979	1.3008537	1.3376657	1.3053656	1.2684405	1.2493255	1.2347865	1.232122	1.2507799	1.2536062	1.2318337	1.2073703	1.1572801	1.1239898	1.0648476	0.98540944	0.9147723	0.8038496	0.66633683	0.55478954	0	0	0	
2	0.73752666	1.0047952	1.0477479	0.84695464	0.7034559	0.58898085	0.50741094	0	0	0	0	0	0	0	0	0	0	0	0	0	0	0	0	0	
2	0	0	0.54371274	0	0	0	0	0	0	0	0	0	0	0	0	0	0	0	0	0	0	0	0	0	
2	0.8762456	1.2917602	1.3366315	1.3344593	1.3213993	1.2812247	1.2635968	1.2715105	1.2805789	1.2789316	1.2698299	1.2556534	1.232091	1.2248567	1.1861544	1.1739469	1.1299694	1.0447747	0.9761078	0.8839379	0.7532268	0.607671	0	0	
2	0.90346986	1.3121961	1.2508112	1.1761858	1.1022477	1.0049878	0.6032759	0.50851744	0	0	0	0	0	0	0	0	0	0	0	0	0	0	0	0	
2	0.665759	0	0.69656885	0.52427053	0	0	0	0	0	0	0	0	0	0	0	0	0	0	0	0	0	0	0	0	
2	0.8779801	1.3240354	1.3336469	1.3370845	1.3327017	1.2977195	1.2793806	1.2728215	1.2709596	1.2643476	1.255139	1.2420021	1.2182113	1.2054296	1.1616108	1.1352217	1.0822691	0.9892399	0.9153908	0.80683947	0.67162824	0.5667963	0	0	
2	0.79266167	1.3133863	1.2364355	1.1609452	1.0921357	0.99895865	0.8961688	0.79255587	0.69249773	0.60631067	0.5448535	0	0	0	0	0	0	0	0	0	0	0	0	0	
2	0.6655684	1.1657664	0.928498	0.7330538	0.6033123	0	0	0	0	0	0	0	0	0	0	0	0	0	0	0	0	0	0	0	
2	0	0	0.52228254	0	0	0	0	0	0	0	0	0	0	0	0	0	0	0	0	0	0	0	0	0	
2	0	0.999369	1.2107469	1.193909	1.0972995	0.9683933	0.89500135	0.8251007	0.7500488	0.6764841	0.597576	0.52334857	0	0	0	0	0	0	0	0	0	0	0	0	
2	0.7336487	1.2176548	1.2756735	1.2023563	1.1255717	1.0367581	0.93636566	0.82770216	0	0	0	0	0	0	0	0	0	0	0	0	0	0	0	0	
2	0.5483475	1.081212	1.3188794	1.3226014	1.2850075	1.2781359	1.2602226	1.2500253	1.2331736	1.214285	1.1865458	1.1558232	1.1189038	1.0652261	1.0008223	0.9354592	0.8435342	0.7343079	0.63535786	0.54199755	0.5321694	0	0	0	
2	0.84958	1.3061359	1.3294755	1.3247688	1.3247566	1.2858633	0.8526757	0.7968845	0.7351128	0.6772604	0.61845857	0.56128526	0.5091221	0	0	0	0	0	0	0	0	0	0	0	
2	0.7331543	1.2634605	1.1272601	0.98329395	0.843628	0.69166875	0.5620743	0	0	0	0	0	0	0	0	0	0	0	0	0	0	0	0	0	
2	0.533594	0.83150494	0.6246821	0	0	0	0	0	0	0	0	0	0	0	0	0	0	0	0	0	0	0	0	0	
2	0	1.020971	1.2672759	1.3209294	1.2896951	1.249005	1.2224251	1.1947407	1.1603956	1.1357887	1.1174918	1.070388	1.0140055	0.9254987	0.8361626	0.739514	0.6466479	0	0	0	0	0	0	0	
2	0.86960393	1.2861755	1.2789155	1.2030289	1.1493176	1.0774366	0.98989993	0.8921156	0.7839636	0.6813655	0	0	0	0	0	0	0	0.55543274	0	0	0	0	0	0	
2	0.6662176	1.1811835	0.9526136	0.74663967	0.59822667	0	0	0	0	0	0	0	0	0	0	0	0	0	0	0	0	0	0	0	
2	0.858437	1.2815875	1.3240923	1.3076762	1.2858984	1.2450469	1.211325	1.1780593	1.1377873	1.0879829	1.0212824	0.947025	0.8633138	0.77182	0.6746523	0.5833832	0	0	0	0	0	0	0	0	
2	0.80864716	1.2610255	0.63337946	0	0	0	0	0	0	0	0	0	0	0	0	0	0	0	0	0	0	0	0	0	
2	0.9052429	1.3046207	1.293264	1.2955512	1.2427074	1.1874216	1.1574584	1.1843654	1.1954473	1.1786666	1.1384133	1.0796282	1.005657	0.9316074	0.84867173	0.7548109	0.6528597	0.56024307	0	0	0	0	0	0	
2	0.8806201	1.2952762	1.2824087	1.2154065	1.1697018	1.1088455	1.0335077	0.9497941	0.85279346	0.75938535	0.66262424	0.5726028	0	0	0	0	0	0	0	0	0	0	0	0	
2	0	1.1412562	0.87507004	0.53095907	0	0	0	0	0	0	0	0	0	0	0	0	0	0	0	0	0	0	0	0	
2	0.88210636	1.2982023	1.2986345	1.325407	1.2905662	1.2546245	1.232187	1.2120832	1.1819694	1.1458334	1.0993223	1.0459142	0.9737215	0.9009246	0.81210864	0.7174862	0.6258104	0.53401697	0	0	0	0	0	0	
2	0.7975247	1.272954	1.2095046	1.0972307	0.9954036	0.8784034	0.7641659	0.66258055	0.5737042	0.5030541	0	0	0	0	0	0	0	0	0	0	0	0	0	0	
2	0.8381176	1.2925181	1.2700772	1.2808558	1.2336792	1.1965888	1.2237372	1.2488002	1.2621276	1.2571076	1.2361116	1.2033205	1.1670446	1.1297597	1.0792913	1.000699	0.9350645	0.8403583	0.71236503	0.60111314	0	0	0	0	
2	0.82734257	1.2782009	1.1569775	0.8297724	0.69506323	0.5649146	0	0.50500983	0	0	0	0	0	0	0	0	0	0	0	0	0	0	0	0	
2	0.5598693	0.9295239	0.64231616	0	0	0	0	0	0	0	0	0	0	0	0	0	0	0	0	0	0	0	0	0	
2	0.9011952	1.2910317	1.3030925	1.2941926	1.252176	1.2407999	1.2337672	1.2217207	1.2043117	1.1759099	1.1345922	1.0786097	1.024806	0.94833994	0.8565659	0.76922685	0.66585547	0.56102306	0	0	0	0	0	0	
2	0.8900395	1.285438	1.2911983	1.2279203	1.1878688	1.136198	1.0712844	0.997136	0.910364	0.8188088	0.7256735	0.6318858	0.54869825	0	0	0	0	0	0	0	0	0	0	0	
2	0.6403443	1.1417018	0.8857039	0.7050858	0.5893799	0	0	0	0	0	0	0	0	0	0	0	0	0	0	0	0	0	0	0	
2	0.90262187	1.2892331	1.3276951	1.3025943	1.2796116	1.2503078	1.2376064	1.2277113	1.2097895	1.1835968	1.1474731	1.0991956	1.0439128	0.98127663	0.9246654	0.8505091	0.7739427	0.6929423	0.5917735	0	0	0	0	0	
2	0.8866121	1.2921202	1.2948066	1.2303724	1.1913533	1.1398233	1.0739571	0.99546874	0.9043817	0.8110076	0.71160245	0.61807144	0.53576875	0	0	0	0	0	0	0	0	0	0	0	
2	0	1.0352166	0	0	0	0	0	0	0	0	0	0	0	0	0	0	0	0	0	0	0	0	0	0	
2	0.71305525	1.151298	1.2680727	1.3257141	1.2946758	1.2569271	1.2326293	1.2105919	1.1798034	1.1420239	1.093106	1.0263221	0.9594395	0.87575537	0.78681403	0.7020972	0.6179063	0.54364926	0	0	0	0	0	0	
2	0.8751538	1.2850507	1.2742972	1.1947	1.1349106	1.0532303	0.9540197	0.7744475	0.6712881	0.5864113	0.51121634	0.52777547	0	0	0	0	0	0	0	0	0	0	0	0	
2	0.6806224	1.1491032	0.8929464	0.673655	0	0	0	0	0	0	0	0	0	0	0	0	0	0	0	0	0	0	0	0	
2	0.8175123	1.2322049	1.2463894	1.1550761	1.1158373	1.0126774	0.92947805	0.84328234	0.7525994	0.6690122	0.5868033	0.5111826	0	0	0	0	0	0	0	0	0	0	0	0	
2	0	0.94146305	0	0	0	0	0	0	0	0	0	0	0	0	0	0	0	0	0	0	0	0	0	0	
2	0	0.99584836	1.2477801	1.2885194	1.2485414	1.188116	1.1300255	1.0663825	1.1074406	1.1605923	1.186836	1.1733441	1.1185857	1.048788	0.9641177	0.88815284	0.81295204	0.75170285	0.6667619	0.58563864	0	0	0	0	
2	0.8601025	1.28207	1.23958	1.1451104	1.0638782	0.95707023	0.83901227	0.6412456	0	0	0	0	0	0	0	0	0	0	0	0	0	0	0	0	
2	0	0.81628394	0.5708924	0	0	0	0	0	0	0	0	0	0	0	0	0	0	0	0	0	0	0	0	0	
2	0.90431184	1.3008671	1.3138309	1.3066005	1.2696133	1.2139359	1.1706153	1.2190138	1.2567781	1.2773818	1.2738658	1.2498237	1.216751	1.1893299	1.1492285	1.1031522	1.057192	0.97465473	0.86116827	0.76612586	0.6447351	0.50745034	0	0	
2	0.76857543	0.9891728	0.6978123	0.5172635	0.5664221	0	0	0	0	0	0	0	0	0	0	0	0	0	0	0	0	0	0	0	
2	0.90049326	1.3086919	1.3121328	1.3205225	1.2882645	1.2452744	1.2205211	1.1932284	1.1566488	1.129601	1.0795957	1.0140609	0.9345702	0.853952	0.7721786	0.6868335	0.5956365	0.5130723	0	0	0	0	0	0	
2	0.8822804	1.3023542	1.2701873	1.1944432	1.1407343	1.0704057	0.9884164	0.90274113	0.8108036	0.72904295	0.6473215	0.57141024	0.51080173	0	0	0	0	0	0	0	0	0	0	0	
2	0.70826125	1.1967232	1.2721477	1.2964225	1.2703693	1.224439	1.1851951	1.1440426	1.1644031	1.2071677	1.2225306	1.1928749	1.1387571	1.0977572	1.0782135	1.0017112	0.9256891	0.8247328	0.6985694	0.5743612	0	0	0	0	
2	0.86107135	1.3134246	1.2833624	1.2240206	1.1847119	1.1285169	1.0571817	0.9738211	0.8758217	0.77328885	0.6678799	0.58127135	0.5138677	0	0	0	0	0	0	0	0	0	0	0	
2	0.7131725	0	0	0	0	0.52416015	0	0	0	0	0	0	0	0	0	0	0	0	0	0	0	0	0	0	
2	0	0	0.52555674	0	0	0	0	0	0	0	0	0	0	0	0	0	0	0	0	0	0	0	0	0	
2	0.8385731	1.2627608	1.2976462	1.2958772	1.2436402	1.2006058	1.1608611	1.1105242	1.0477872	0.97375387	0.88966227	0.7981049	0.71307135	0.62960076	0.54996556	0	0	0	0	0	0	0	0	0	
2	0.7955661	1.2577137	1.1889647	1.051659	0.9250352	0.77733904	0.6681717	0.5846083	0.51196885	0	0	0	0	0	0	0	0	0	0	0	0	0	0	0	
2	0.5495448	1.0586714	1.2804203	1.2616324	1.2041008	1.1354592	1.0726063	1.0064456	0.92987746	0.85112303	0.76909435	0.68248254	0.60781604	0.5704575	0.5258112	0	0	0	0	0	0	0	0	0	
2	0.822536	1.276158	1.2542882	1.1647561	1.0905161	0.99199444	0.8794466	0.7611636	0.64343405	0.54408944	0	0	0	0	0	0	0	0	0	0	0	0	0	0	
2	0	0.85290074	0.8511181	0.63636535	0	0	0	0	0	0	0	0	0	0	0	0	0	0	0	0	0	0	0	0	
2	0	0.54893553	0.58387434	0.5716137	0.5556629	0.5628523	0.6039816	0.63155115	0.6564647	0.6716603	0.6724881	0.69112176	0.6986327	0.6880427	0.64220136	0.59791696	0.5359903	0	0	0	0	0	0	0	
2	0.86969036	1.3025976	1.2682276	1.2856104	1.2446743	1.1738945	1.1560695	1.2052337	1.2419871	1.2504472	1.2340614	1.2006156	1.1541353	1.10246	1.0341783	0.9762521	0.88612115	0.7829867	0.6755428	0.5529357	0	0	0	0	
2	0	0	0.66985995	0	0	0	0	0	0	0	0	0	0	0	0	0	0	0	0	0	0	0	0	0	
2	0.8791926	1.3040246	1.3240914	1.3110912	1.2597258	1.2340645	1.2175753	1.1995481	1.1739354	1.1347673	1.0777506	1.0115925	0.93207806	0.8459649	0.7438809	0.649762	0.5660699	0	0	0	0	0	0	0	
2	0.86689895	1.2837572	0.9506794	1.1953725	1.1407213	1.070033	0.98844135	0.90107024	0.80985594	0.7224096	0.64181113	0.56649727	0.5008827	0	0	0	0	0	0	0	0	0	0	0	
2	0	0.9109446	0	0	0	0	0	0	0	0	0	0	0	0	0	0	0	0	0	0	0	0	0	0	
2	0.74837995	1.2036488	1.300056	1.2781609	1.2242731	1.1763976	1.1261075	1.0651286	0.9895436	0.90426296	0.8114854	0.7108646	0.6189885	0.54585683	0	0	0	0	0	0	0	0	0	0	
2	0.78918594	1.2511505	1.1867298	1.0957824	0.975756	0.8386396	0	0	0	0	0	0	0	0	0	0	0	0	0	0	0	0	0	0	
2	0	0	0.51531285	0	0	0	0	0	0	0	0	0	0	0	0	0	0	0	0	0	0	0	0	0	
2	0.85950154	1.291385	1.3216312	1.310949	1.2600198	1.2171886	1.1818478	1.1396513	1.0823114	1.0150644	0.9287428	0.8337411	0.75463855	0.6810863	0.6096099	0.5436129	0	0	0	0	0	0	0	0	
2	0.7650589	1.2468375	1.0797774	0.8966295	0	0.6268525	0.5262737	0	0	0	0	0	0	0	0	0	0	0	0	0	0	0	0	0	
2	0.5334324	1.0423276	1.3055989	1.3202335	1.2777195	1.2501596	1.2319874	1.2127743	1.1897602	1.157186	1.108203	1.0525851	0.97993666	0.899466	0.8209934	0.7352149	0.64072585	0.54913586	0	0	0	0	0	0	
2	0.84958357	1.3090456	1.2722989	1.0176523	1.1155953	1.0283608	0.9239625	0.8109599	0.6927553	0.6217483	0.5513009	0	0	0	0	0	0	0	0	0	0	0	0	0	
2	0.67338264	0.9338238	0.6642246	0	0	0	0	0	0	0	0	0	0	0	0	0	0	0	0	0	0	0	0	0	
2	0.88425034	1.3018608	1.3036548	1.3196644	1.2874572	1.24373	1.2143523	1.1908282	1.2320254	1.2556973	1.2584167	1.2418439	1.2084949	1.1635864	1.1162603	1.0704167	0.9883274	0.90239006	0.80068135	0.6670891	0.5521922	0	0	0	
2	0.71055436	0	1.059412	0.8820658	0.73537517	0.6021772	0	0	0	0	0	0	0	0	0	0	0	0	0	0	0	0	0	0	
2	0.5230292	0.74894816	0.74175507	0.74199396	0.74091125	0.7481246	0.75627935	0.75151867	0.72415435	0.6814289	0.6279059	0.57110053	0.5277111	0	0	0	0	0	0	0	0	0	0	0	
2	0.87004596	1.303128	1.2627168	1.2765676	1.2329179	1.176953	1.1223179	1.0619355	0.98618525	0.9010024	0.8084479	0.70703524	0.61649144	0.52929085	0	0	0	0	0	0	0	0	0	0	
2	0.8533275	1.3074716	1.3229146	1.330951	1.2927843	1.261886	1.2462121	1.2301662	1.2058654	1.1763525	1.1389744	1.0891272	1.0290881	0.95308894	0.86921746	0.7726526	0.6737829	0.57615715	0	0	0	0	0	0	
2	0.7647171	1.277064	1.1756654	1.0504152	0.92274666	0.78921473	0.6812192	0.58865094	0.5027386	0	0	0	0	0	0	0	0	0	0	0	0	0	0	0	
2	0	0.75319594	0.53530574	0	0	0	0	0	0	0	0	0	0	0	0	0	0	0	0	0	0	0	0	0	
2	0.8871853	1.3113903	1.3148369	1.3217924	1.2967026	1.2520201	1.2192513	1.2532091	1.2688701	1.2690469	1.2498187	1.2181988	1.195234	1.1494998	1.1217622	1.062906	0.9752746	0.901569	0.7866038	0.65488464	0.5363686	0	0	0	
2	0.8005194	1.3034489	1.0735933	0.90311486	0.74959826	0.5176056	0	0	0	0	0	0	0	0	0	0	0	0	0	0	0	0	0	0	
2	0.6966532	1.1865153	1.2626678	1.1766516	1.0852664	0.9712094	0.86542356	0.7577619	0.6584068	0.5794564	0.50467384	0	0	0	0	0	0	0	0	0	0	0	0	0	
2	0.6742114	1.1373924	0.9564838	0.75234187	0.60525215	0.5187536	0	0	0	0	0	0	0	0	0	0	0	0	0	0	0	0	0	0	
2	0	0.5198441	0	0	0	0	0	0	0	0	0	0	0	0	0	0	0	0	0	0	0	0	0	0	
2	0.87668586	1.3060364	1.3031393	1.313856	1.2834755	1.2340404	1.1951683	1.2041751	1.238534	1.2566993	1.2499124	1.21869	1.1838552	1.1364849	1.0911914	1.0190206	0.941522	0.8541351	0.73003626	0.60584193	0	0	0	0	
2	0.79133946	1.2322962	1.0542715	0.874372	0.7333142	0.60345715	0.5034536	0	0	0	0	0	0	0	0	0	0	0	0	0	0	0	0	0	
2	0.8272844	1.302418	1.2737169	1.3170853	1.3074127	1.2681022	1.2398182	1.2178596	1.2195442	1.2181548	1.1928579	1.1448032	1.0990644	1.0242923	0.9610023	0.87718785	0.7695909	0.6737891	0.561139	0	0	0	0	0	
2	0.87302107	1.3065058	1.2746013	1.206917	1.1585497	1.0880822	1.0009218	0.90158296	0.78775525	0.71117544	0.64091253	0.57369107	0.5132642	0	0	0	0	0	0	0	0	0	0	0	
2	0.7137766	1.1961523	0.97702473	0.57726645	0.648594	0.53249335	0	0	0	0	0	0	0	0	0	0	0	0	0	0	0	0	0	0	
2	0.8904831	1.3209231	1.3144723	1.3111404	1.2781318	1.2412223	1.2158167	1.1874712	1.1868684	1.2079371	1.2016507	1.1582124	1.103458	1.018798	0.93526727	0.84797585	0.7448905	0.6496163	0.5505315	0	0	0	0	0	
2	0.7258174	1.2939955	0.9103682	0.9102755	0.7311216	0.6111002	0.5169596	0	0	0	0	0	0	0	0	0	0	0	0	0	0	0	0	0	
2	0	0	0.6894428	0.5090437	0	0	0	0	0	0	0	0	0	0	0	0	0	0	0	0	0	0	0	0	
2	0.66632104	1.0227938	1.1246748	1.1762881	1.1761848	1.1707907	1.1058383	1.0208803	0.9217512	0.83741426	0.75572133	0.6676023	0.6301883	0.5790392	0.5483983	0.55261606	0.56964046	0.5628204	0.54294807	0.541478	0.50886685	0	0	0	
2	0.7905523	1.2642124	1.1473242	0.9919804	0.86462057	0.734218	0.62831414	0.5505517	0	0	0	0	0	0	0	0	0	0	0	0	0	0	0	0	
2	0	0.9141806	0.70364314	0.5577588	0	0	0	0	0	0	0	0	0	0	0	0	0	0	0	0	0	0	0	0	
2	0.8846907	1.3048178	1.2992144	1.3167248	1.2765746	1.2291566	1.2265775	1.2424604	1.244235	1.2281559	1.1964201	1.1504585	1.1081845	1.0440451	0.9827773	0.8963993	0.8008385	0.6989912	0.57954234	0	0	0	0	0	
2	0.80274034	1.2797157	0	0	0	0	0	0	0	0	0	0	0	0	0	0	0	0	0	0	0	0	0	0	
2	0.56167465	0.88146085	0.63662237	0	0	0	0	0	0	0	0	0	0	0	0	0	0	0	0	0	0	0	0	0	
2	0.7906017	1.2929038	1.3074535	1.2917855	1.2572343	1.2266829	1.1826257	1.1367612	1.0830362	1.0225098	0.95590174	0.89194113	0.83567834	0.7670037	0.69188434	0.61504626	0.53175586	0	0	0	0	0	0	0	
2	0	0.9162089	0.6575604	0	0	0	0	0	0	0	0	0	0	0	0	0	0	0	0	0	0	0	0	0	
2	0.8608869	1.3005693	1.2969824	1.3169729	1.2800735	1.2311215	1.1944581	1.2109226	1.236391	1.248186	1.2451437	1.2273394	1.1929476	1.1524609	1.0964879	1.0505275	0.96949357	0.8753783	0.775223	0.64610654	0.52734524	0	0	0	
2	0.79417175	1.2201871	1.0320523	0.84364676	0.68990064	0.5569508	0	0.6032966	0.5243685	0	0	0	0	0	0	0	0	0	0	0	0	0	0	0	
2	0.7995122	1.3005437	1.2783309	1.2967812	1.2464001	1.1925985	1.1451249	1.0882549	1.0182546	0.9390858	0.84650195	0.7438806	0.64906627	0.5534737	0	0	0	0	0	0	0	0	0	0	
2	0.8038408	1.274922	1.1568737	1.0250158	0.8974075	0.7696257	0.66806996	0.5809071	0.50257933	0	0	0	0	0	0	0	0	0	0	0	0	0	0	0	
2	0	0.9821237	1.1961287	1.2508355	1.2009752	1.1134428	1.0254787	0.9350115	0.8312391	0.7295961	0.63152385	0.5409113	0	0	0	0	0	0	0	0	0	0	0	0	
2	0.79227585	1.2564008	1.2298366	1.0642822	0.9467964	0.5751729	0	0	0	0	0	0	0	0	0	0	0	0	0	0	0	0	0	0	
2	0	0.7859628	0	0	0	0	0	0	0	0	0	0	0	0	0	0	0	0	0	0	0	0	0	0	
2	0.8296535	1.297048	1.3166596	1.3143535	1.2713784	1.2447687	1.225363	1.199748	1.1662838	1.1255127	1.0718335	1.0129168	0.93572205	0.85625744	0.7651983	0.66912735	0.5774301	0	0	0	0	0	0	0	
2	0.752675	1.2754838	1.1518909	1.0218611	0.8953493	0.7702808	0.65812933	0.565649	0	0	0	0	0	0	0	0	0	0	0	0	0	0	0	0	
2	0.6616739	1.1771004	1.2781342	1.2802048	1.2130703	1.1436349	1.0776018	1.0012423	0.9097927	0.81275624	0.7089556	0.606803	0.5194888	0	0	0	0	0	0	0	0	0	0	0	
2	0.8136903	1.258462	1.2854329	0	0.5018995	0.6160022	0.5332305	0	0	0.6636798	0.6010259	0.5409564	0	0	0	0	0	0	0	0	0	0	0	0	
2	0	0.81065863	0.56959176	0	0	0	0	0	0	0	0	0	0	0	0	0	0	0	0	0	0	0	0	0	
2	0.85541916	1.3018142	1.2923288	1.3104792	1.2800068	1.2363219	1.2023952	1.1682698	1.1238579	1.0703745	1.00025	0.92096674	0.83221906	0.7375981	0.64132774	0.5602391	0	0	0	0	0	0	0	0	
2	0.69472116	1.0194676	0.9670177	0.759137	0.61510074	0	0	0	0	0	0	0	0	0	0	0	0	0	0	0	0	0	0	0	
2	0.8913586	1.3105729	1.3114445	1.3302647	1.2942708	1.2679096	1.2543014	1.2424749	1.2224853	1.1994176	1.1654966	1.1304721	1.0820444	1.0227951	0.9359952	0.8572575	0.7579422	0.64692336	0.5294561	0	0	0	0	0	
2	0.8657603	1.3121953	1.2189792	1.1485431	1.0724959	0.9762769	0.8722403	0.77193576	0.68276626	0.5930777	0.51852083	0	0	0	0	0	0	0	0	0	0	0	0	0	
2	0.62728447	0	0.7418473	0.55413634	0	0	0	0	0	0	0	0	0	0	0	0	0	0	0	0	0	0	0	0	
2	0.8610893	1.2703589	1.3209443	1.2934594	1.2628366	1.22309	1.1866447	1.1429297	1.0885996	1.0212388	0.9433547	0.8652692	0.7888235	0.70683867	0.62628645	0.5534663	0	0	0	0	0	0	0	0	
2	0.7890753	1.2375228	0.9831004	0.77074337	0.62115437	0	0	0	0	0	0	0	0	0	0	0	0	0	0	0	0	0	0	0	
2	0	0.7842851	0	0	0	0	0	0	0	0	0	0	0	0	0	0	0	0	0	0	0	0	0	0	
2	0.6699208	1.209198	1.2669847	1.2762312	1.209106	1.1321439	1.0548987	0.97389036	0.8951963	0.8210053	0.75056416	0.68702394	0.62750244	0.56756645	0.5046342	0	0	0	0	0	0	0	0	0	
2	0.8341039	1.2873023	1.0682234	1.175166	1.1144727	1.0350349	0.9468092	0.85637325	0.7654931	0.6805078	0.6028897	0.5308487	0	0	0	0	0	0	0	0	0	0	0	0	
2	0.60598373	1.0251492	0.72990984	0.5323037	0	0	0	0	0	0	0	0	0	0	0	0	0	0	0	0	0	0	0	0	
2	0.86154383	1.2911676	1.2848378	1.2917923	1.2363627	1.1811681	1.2023432	1.2103976	1.1965139	1.1608456	1.1028547	1.035451	0.9589998	0.87470776	0.78098345	0.68869454	0.59552056	0.5133361	0	0	0	0	0	0	
2	0.7677907	1.2394783	1.1130666	0.9420247	0.7878274	0	0	0	0	0	0	0	0	0	0	0	0	0	0	0	0	0	0	0	
2	0	0	0.54390603	0	0	0	0	0	0	0	0	0	0	0	0	0	0	0	0	0	0	0	0	0	
2	0	0.5656475	0.5989977	0.58918715	0.582635	0.57624894	0.5689827	0.56113327	0.5499641	0.5376973	0.52327424	0.50558853	0	0	0	0	0	0	0	0	0	0	0	0	
2	0.7931	1.2882576	1.2554481	1.2768652	1.2951365	1.2791965	1.2541976	1.2340201	1.2118027	1.1875044	1.1572502	1.1187493	1.0617164	1.0105585	0.9353729	0.84323657	0.7566004	0.66556394	0.565975	0	0	0	0	0	
2	0.62372583	1.1105769	0.831159	0.6217874	0	0	0	0	0	0	0	0	0	0	0	0	0	0	0	0	0	0	0	0	
2	0.81176186	1.2379432	1.2615404	1.2099559	1.1110712	1.0042558	0.9011816	0.80468684	0.7231628	0.65987897	0.59332186	0.5254632	0	0	0	0	0	0	0	0	0	0	0	0	
2	0	0.7541625	0.72973794	0.5441691	0	0	0	0	0	0	0	0	0	0	0	0	0	0	0	0	0	0	0	0	
2	0.6341945	1.173557	1.1985656	1.1257167	1.0630955	0.95838434	0.8523119	0.77732104	0.6937317	0.6098444	0.52504283	0	0	0	0	0	0	0	0	0	0	0	0	0	
2	0.7539352	1.2250888	1.1757805	1.0296097	0.8959066	0.74522185	0.6145847	0.5229211	0	0	0	0	0	0	0	0	0	0	0	0	0	0	0	0	
2	0	0.5999887	0	0	0	0	0	0	0	0	0	0	0	0	0	0	0	0	0	0	0	0	0	0	
2	0.8163174	1.2539352	1.2821996	1.284901	1.2263811	1.2109046	1.1980268	1.1750203	1.1350313	1.0827105	1.0142195	0.9310547	0.8460694	0.75052935	0.65597636	0.57247484	0	0	0	0	0	0	0	0	
2	0.6371261	0.6650163	0.83656114	0.6447292	0.516746	0	0	0	0	0	0	0	0	0	0	0	0	0	0	0	0	0	0	0	
2	0.8700664	1.2971793	1.327914	1.3185704	1.2826334	1.2528908	1.2254647	1.2000656	1.1650224	1.123646	1.071221	1.0019858	0.9304187	0.8371366	0.7475361	0.651786	0.5524879	0	0	0	0	0	0	0	
2	0.77210104	1.2634072	1.1282052	0.97209436	0.83031875	0.6913512	0.5750017	0	0	0	0	0	0	0	0	0	0	0	0	0	0	0	0	0	
2	0	0	0.6347493	0	0	0	0	0	0	0	0	0	0	0	0	0	0	0	0	0	0	0	0	0	
2	0.8406693	1.2651209	1.3144087	1.3262389	1.2858956	1.2607462	1.2478154	1.2300622	1.2088337	1.1802572	1.1407633	1.0885906	1.0339255	0.95518625	0.8778869	0.7887555	0.6980241	0.6122093	0.51709616	0	0	0	0	0	
2	0.6670638	0.7288894	0.9039113	0.8596132	0.71106493	0.59430665	0.50244385	0	0	0	0	0	0	0	0	0	0	0	0	0	0	0	0	0	
2	0.8150942	1.2411245	1.3228593	1.3254889	1.2839125	1.2583405	1.2431492	1.226539	1.1996549	1.1688466	1.1290001	1.0820527	1.0152273	0.94924396	0.8604097	0.7686669	0.6710382	0.56875914	0	0	0	0	0	0	
2	0.8358712	1.269664	1.209916	1.0905792	0.98218507	0.8505416	0.73967516	0.6425061	0.55424035	0.50513566	0	0	0	0	0	0	0	0	0	0	0	0	0	0	
2	0	0.96551627	0.7342798	0.54117507	0	0	0	0	0	0	0	0	0	0	0	0	0	0	0	0	0	0	0	0	
2	0.5186037	1.1004059	1.2770606	1.3148	1.2691993	1.2220093	1.2198114	1.2315977	1.2294353	1.2164993	1.1844823	1.1452268	1.097109	1.0382166	0.95679224	0.88482726	0.7871531	0.6755417	0.56467557	0	0	0	0	0	
2	0.879329	1.2927388	1.298999	1.2462368	1.2174388	1.1790701	1.1279064	1.0641372	0.9872214	0.90379226	0.8062525	0.703494	0.6115378	0.5242065	0	0	0	0	0	0	0	0	0	0	
2	0	0	0	0	0.5661598	0	0	0	0	0	0	0	0	0	0	0	0	0	0	0	0	0	0	0	
2	0.78148925	1.2690781	1.2760404	1.283691	1.2389817	1.1828364	1.1257716	1.0604987	0.9790797	0.88901466	0.7866797	0.69847304	0.63519365	0.582503	0.55804604	0.57069105	0.55776775	0.55112195	0.5062243	0	0	0	0	0	
2	0.81899667	1.2591964	1.2378967	1.1393903	1.0494795	0.93457043	0.8094077	0.70447516	0.61944646	0.5483462	0	0	0	0	0	0	0	0	0	0	0	0	0	0	
2	0	0.5459626	0	0	0	0	0	0	0	0	0	0	0	0	0	0	0	0	0	0	0	0	0	0	
2	0.86252815	1.2827404	1.2807539	1.3152573	1.2749842	1.2316115	1.1992154	1.1966418	1.2141727	1.2124901	1.1853567	1.1378815	1.0814714	1.0103642	0.92223066	0.8418785	0.73698854	0.62755007	0.52375305	0	0	0	0	0	
2	0.797867	1.262076	0	0	0	0	0	0	0	0	0	0	0	0	0	0	0	0	0	0	0	0	0	0	
2	0.511818	0	0	0	0	0	0	0	0	0	0	0	0	0	0	0	0	0	0	0	0	0	0	0	
2	0.7902884	1.2414511	1.254884	1.1595527	1.0596269	0.9487391	0.8835197	0.83572173	0.7805781	0.72114944	0.65408367	0.58431077	0.517493	0	0	0	0	0	0	0	0	0	0	0	
2	0.67265683	1.142242	0.93063015	0.7527056	0.63282037	0.52085227	0	0	0	0	0	0	0	0	0	0	0	0	0	0	0	0	0	0	
2	0.8738669	1.2881769	1.3055224	1.294231	1.2369394	1.2188151	1.2111002	1.1975021	1.1722351	1.1309334	1.0715861	1.0005476	0.92120975	0.8324471	0.7305356	0.6347676	0.54531676	0	0	0	0	0	0	0	
2	0.88016105	1.2865609	1.2771627	1.2094163	1.1610295	1.0973527	1.0204643	0.9360006	0.8406736	0.7504256	0.65589505	0.5687985	0	0	0	0	0	0	0	0	0	0	0	0	
2	0.7716531	1.2296658	1.2319804	1.2034497	1.1483314	1.0648152	0.971454	0.8830572	0.7891183	0.7043606	0.62891376	0.5655944	0.5147984	0	0	0	0	0	0	0	0	0	0	0	
2	0.66167194	0.5786887	0.7409138	0.76184237	0.62580943	0.5072021	0	0	0	0	0	0	0	0	0	0	0	0	0	0	0	0	0	0	
2	0.6466658	1.2011399	1.2882701	1.2426059	1.1982869	1.1755186	1.1416875	1.0906053	1.018338	0.9297872	0.83109254	0.72432625	0.63432026	0.56862944	0.50758106	0	0	0	0	0	0	0	0	0	
2	0.8551062	1.2838466	1.255594	1.1715343	1.1035715	1.0145168	0.91312426	0.8069767	0.69791156	0.6035905	0.51678795	0	0	0	0	0	0	0	0	0	0	0	0	0	
2	0	0.9575572	0	0	0	0	0	0	0	0	0	0	0	0	0	0	0	0	0	0	0	0	0	0	
2	0.6068399	1.1415339	1.3313985	1.3151721	1.2890984	1.258015	1.2246374	1.1970674	1.1629317	1.1205274	1.0632745	1.0013673	0.91981554	0.8347949	0.73764354	0.6393224	0.5825915	0.5307632	0	0	0	0	0	0	
2	0.8875506	1.2983617	1.3142135	1.2573944	1.2062349	1.1618143	1.1037928	1.0366778	0.9538137	0.86285174	0.765358	0.66677505	0.58157146	0.5003417	0	0	0	0	0	0	0	0	0	0	
2	0.68530416	0	0.90994394	0.6995113	0.5704018	0	0	0	0	0	0	0	0	0	0	0	0	0	0	0	0	0	0	0	
2	0.59726316	1.1315446	1.14079	1.0240334	0.9257897	0.83175534	0.752312	0.68207264	0.61318284	0.5506656	0.51534444	0	0	0	0	0	0	0	0	0	0	0	0	0	
2	0.78700656	1.2279854	1.2837899	1.2377731	1.159308	1.079661	0.99228024	0.89904135	0.7980073	0.7221491	0.653367	0.603623	0.5642614	0.519555	0	0	0	0	0	0	0	0	0	0	
2	0.74958324	0	0	0	0	0	0	0	0	0	0	0	0	0	0	0	0	0	0	0	0	0	0	0	
2	0.6201726	1.1662588	1.2926522	1.3150539	1.2703433	1.2234035	1.2172728	1.232182	1.2400886	1.2313532	1.2086512	1.174066	1.1226608	1.0777265	1.0048196	0.9291914	0.83889	0.7266105	0.6162475	0.5139354	0	0	0	0	
2	0.89633346	1.2920835	1.3049661	1.2164402	1.2349337	1.2055799	1.166149	1.1194856	1.0590353	0.99281776	0.9108974	0.82174045	0.73190314	0.64154756	0.55319595	0	0	0	0	0	0	0	0	0	
2	0	0.9505292	0	0.73384726	0.61425775	0.5107605	0	0	0	0	0	0	0	0	0	0	0	0	0	0	0	0	0	0	
2	0	0.73288476	0.9514216	1.0257893	1.0634869	1.0799946	1.1368749	1.1968998	1.2297126	1.2289716	1.1925689	1.2010157	1.2454709	1.2687403	1.289255	1.267093	1.252307	1.2389388	1.1822053	1.0882667	1.0813484	1.020009	0.87506694	0.57839715	
2	0.502474	1.0804553	1.2576057	1.2869017	1.2266792	1.2136097	1.2253448	1.2330081	1.2298732	1.2099142	1.1757767	1.1275246	1.0794805	1.0121758	0.94687116	0.8608294	0.7599091	0.6656061	0.5567508	0	0	0	0	0	
2	0.882292	1.3015461	1.2919271	1.231921	1.1971763	1.1482598	1.0869435	1.0157557	0.9313197	0.84151274	0.74769706	0.65187544	0.56732136	0	0	0	0	0	0	0	0	0	0	0	
2	0	0	0	0.63253915	0.52011734	0	0	0	0	0	0	0	0	0	0	0	0	0	0	0	0	0	0	0	
2	0.8803826	1.3025377	1.3316163	1.3281182	1.2868695	1.2618958	1.2444627	1.2268142	1.2025443	1.1723299	1.1329436	1.078343	1.0231149	0.9393009	0.8574149	0.7633942	0.65406173	0.55078775	0	0	0	0	0	0	
2	0.7455921	1.2753377	1.1452416	1.0044234	0.87053305	0.7234749	0.5951331	0	0	0	0	0	0	0	0	0	0	0	0	0	0	0	0	0	
2	0.6607094	1.2009352	1.3090063	1.2950985	1.2526886	1.2275378	1.2099214	1.1879498	1.1574072	1.1145173	1.0557653	0.99106795	0.9147719	0.8374404	0.7486014	0.6577645	0.57557535	0	0	0	0	0	0	0	
2	0.8765593	1.2858347	1.2876374	1.2240769	1.1815536	1.1262757	1.0570035	0.97745776	0.8849852	0.78939754	0.6909335	0.5986739	0.52232724	0	0	0	0	0	0	0	0	0	0	0	
2	0.5171661	1.0913639	0	0.6549112	0.54528403	0	0	0	0	0	0	0	0	0	0	0	0	0	0	0	0	0	0	0	
2	0.79406536	1.2584713	1.1944168	1.1315632	1.0135942	0.8819059	0.76086634	0.72600967	0.67376685	0.60817266	0.53761744	0	0	0	0	0	0	0	0	0	0	0	0	0	
2	0	0	0.61071086	0	0	0	0	0	0	0	0	0	0	0	0	0	0	0	0	0	0	0	0	0	
2	0.62265784	1.182249	1.2205194	1.2013497	1.1263574	1.1042376	1.0590124	0.9860646	0.88905704	0.7863266	0.6808803	0.5831175	0	0	0	0	0	0	0	0	0	0	0	0	
2	0.8205564	1.2649887	1.2350293	1.1452905	1.0612808	0.9554034	0.83930135	0.7261617	0.62168115	0.5347209	0	0	0	0	0	0	0	0	0	0	0	0	0	0	
2	0	0.64730453	0.5967404	0	0	0	0	0	0	0	0	0	0	0	0	0	0	0	0	0	0	0	0	0	
2	0.84871763	1.2946212	1.2934179	1.3032672	1.2514776	1.2057594	1.1648823	1.116058	1.050836	0.9745993	0.8857022	0.8003773	0.7259415	0.6528324	0.58245397	0.5174782	0	0	0	0	0	0	0	0	
2	0.76148015	1.2663611	1.1439304	1.0041306	0.8728339	0.7380033	0.62240726	0.5255431	0	0	0	0	0	0	0	0	0	0	0	0	0	0	0	0	
2	0	0.81713855	0.7172726	0.6138286	0.5257635	0	0	0	0	0	0	0	0	0	0	0	0	0	0	0	0	0	0	0	
2	0.7476964	1.2171316	1.2529552	1.2385621	1.1515951	1.0539386	0.95616263	0.8498023	0.7332543	0.62937975	0.54323494	0	0	0	0	0	0	0	0	0	0	0	0	0	
2	0	1.0563792	0.80262715	0.6097509	0	0	0	0	0	0	0	0	0	0	0	0	0	0	0	0	0	0	0	0	
2	0.70172745	1.2088544	1.2258495	1.1944451	1.0857329	0.9580617	0.8347664	0.74443114	0.6681057	0.5988303	0.53113717	0	0	0	0	0	0	0	0	0	0	0	0	0	
2	0	1.1092144	0.8389176	0.5230671	0	0	0	0	0	0	0	0	0	0	0	0	0	0	0	0	0	0	0	0	
2	0.8968437	1.2985425	1.3084704	1.3066571	1.2538866	1.2219356	1.2276449	1.2337816	1.2308825	1.2136166	1.1837978	1.1422037	1.0843971	1.0296781	0.95111436	0.8684263	0.77187985	0.6707785	0.5684794	0	0	0	0	0	
2	0.84099543	1.1979897	1.0121126	0.82393634	0.70158136	0.5563343	0	0	0	0	0	0	0	0	0	0	0	0	0	0	0	0	0	0	
2	0	0.787376	0.6869617	0	0	0	0	0	0	0	0	0	0	0	0	0	0	0	0	0	0	0	0	0	
2	0.78830165	1.2776986	1.254266	1.2331511	1.2203736	1.1648647	1.0956198	1.0211476	0.93630147	0.8521238	0.7565822	0.65984356	0.5683492	0	0	0	0	0	0	0	0	0	0	0	
2	0	1.2079233	1.0104507	0.8164706	0.67005575	0.5439083	0	0	0	0	0	0	0	0	0	0	0	0	0	0	0	0	0	0	
2	0	0	0.50533926	0	0	0	0	0	0	0	0	0	0	0	0	0	0	0	0	0	0	0	0	0	
2	0.855642	1.2774513	1.2978495	1.2900262	1.2314088	1.1794573	1.1717772	1.1551614	1.1165693	1.0609035	0.98486423	0.8941861	0.8061476	0.7189266	0.63315	0.553692	0	0	0	0	0	0	0	0	
2	0.8085967	1.2607787	0	0	0	0.6625304	0.5679428	0	0	0	0	0	0	0	0	0	0	0	0	0	0	0	0	0	
2	0.86479676	1.2986131	1.3106791	1.3215408	1.283928	1.2499214	1.2266724	1.203801	1.1687089	1.1269602	1.0760975	1.0116621	0.93343395	0.8474168	0.7504625	0.6647312	0.5798877	0	0	0	0	0	0	0	
2	0.71566856	0	0	0	0	0	0	0	0	0	0	0	0	0	0	0	0	0	0	0	0	0	0	0	
2	0.8356062	1.2904966	1.3294894	1.3255635	1.2862762	1.266596	1.2559556	1.2443489	1.2257266	1.2035618	1.1714278	1.1341345	1.0894653	1.0271376	0.94530517	0.8665537	0.76218385	0.6576925	0.5493237	0	0	0	0	0	
2	0.84785837	1.3007259	1.2841897	1.217461	1.1635323	1.0929089	1.0131427	0.9329523	0.8477035	0.765316	0.67976964	0.59962136	0.5329858	0	0	0	0	0	0	0	0	0	0	0	
2	0.600441	1.1759514	1.2766628	1.2519472	1.2131349	1.1718848	1.1244138	1.0623912	0.9827106	0.8958284	0.8019926	0.71150184	0.6297855	0.55036193	0	0	0	0	0	0	0	0	0	0	
2	0.7399205	1.2107327	1.292095	1.2587017	1.0426892	0.92627907	0.8033534	0.6956434	0.60015386	0.5210636	0	0	0	0	0	0	0	0	0	0	0	0	0	0	
2	0.7553316	1.2293351	1.2580202	1.2580328	1.1851637	1.1102779	1.0426297	0.96985656	0.88978285	0.81354594	0.7294714	0.6524316	0.581532	0.5105792	0	0	0	0	0	0	0	0	0	0	
2	0.6071567	1.167401	0.7176876	0.54479617	0	0	0	0	0	0	0	0	0	0	0	0	0	0	0	0	0	0	0	0	
2	0.8906338	1.3051918	1.2866143	1.3071376	1.265117	1.2072514	1.2205862	1.2415745	1.2473615	1.2317487	1.2019564	1.1628531	1.1111243	1.0667437	0.99828494	0.9090509	0.8248931	0.72205263	0.60047406	0	0	0	0	0	
2	0.742907	1.2060711	1.0071183	0.80547595	0.64782685	0	0	0	0	0	0	0	0	0	0	0	0	0	0	0	0	0	0	0	
2	0.71148	1.2119676	1.199946	1.2020612	1.195597	1.1744918	1.1419592	1.0917045	1.0242739	0.942922	0.8515624	0.75463724	0.66820353	0.5848561	0.508544	0	0	0	0	0	0	0	0	0	
2	0.6951159	1.1026611	0.8869735	0.69554824	0.5623601	0	0	0	0	0	0	0	0	0	0	0	0	0	0	0	0	0	0	0	
2	0	0.549126	0	0	0	0	0	0	0	0	0	0	0	0	0	0	0	0	0	0	0	0	0	0	
2	0	0.7368319	0.68577284	0.5557864	0	0	0	0	0	0	0	0	0	0	0	0	0	0	0	0	0	0	0	0	
2	0.8503578	1.2813003	1.3109163	1.2903061	1.2303811	1.1876024	1.1629916	1.1282643	1.0711299	1.0015235	0.9133213	0.8151241	0.7207536	0.627703	0.54623127	0	0	0	0	0	0	0	0	0	
2	0.76157475	0	0	0.54299706	0	0	0	0	0	0	0	0	0	0	0	0	0	0	0	0	0	0	0	0	
2	0.8873073	1.3331839	1.3271378	1.3380814	1.3061659	1.2792069	1.2696598	1.2644207	1.2527431	1.2405686	1.2214336	1.2004083	1.1763475	1.1312894	1.0913645	1.0333936	0.9404961	0.85674477	0.74938124	0.6215924	0.5384673	0	0	0	
2	0.7632077	1.317906	1.2504174	1.1884634	1.1309171	1.0474886	0.94938415	0.8406805	0.73207396	0.64363396	0.55894405	0	0	0	0	0	0	0	0	0	0	0	0	0	
2	0.6091126	0.93851584	0.6920936	0.51527494	0	0	0	0	0	0	0	0	0	0	0	0	0	0	0	0	0	0	0	0	
2	0.69834965	1.1343699	1.1605762	1.0097282	0.9097981	0.80471236	0.71614677	0.6384659	0.58322644	0.54290426	0	0	0	0	0	0	0	0	0	0	0	0	0	0	
2	0	1.0177081	0.7447826	0	0	0	0	0	0	0	0	0	0	0	0	0	0	0	0	0	0	0	0	0	
2	0.61512977	1.1918186	1.288454	1.222129	1.1725758	1.0998394	1.0083575	0.9147628	0.85521644	0.81038743	0.75927734	0.7016021	0.6462211	0.5825945	0.5148012	0	0	0	0	0	0	0	0	0	
2	0.74728435	1.2058012	0.96327585	0.7691819	0.6330387	0	0	0	0	0	0	0	0	0	0	0	0	0	0	0	0	0	0	0	
2	0.78857523	1.2502874	1.2982327	1.2817405	1.2152679	1.1603534	1.1072736	1.0428259	0.9666836	0.88899726	0.7982389	0.71105844	0.6288195	0.54866487	0	0	0	0	0	0	0	0	0	0	
2	0.7688244	1.2205824	1.0369762	0.83965665	0.69204503	0.5739606	0	0	0	0	0	0	0	0	0	0	0	0	0	0	0	0	0	0	
2	0	0.6485644	0	0	0	0	0	0	0	0	0	0	0	0	0	0	0	0	0	0	0	0	0	0	
2	0.83641845	1.283116	1.2581648	1.3038329	1.2603627	1.2045867	1.1578281	1.1201326	1.1087451	1.0768493	1.0193689	0.9373794	0.8491908	0.75355816	0.655951	0.5671399	0	0	0	0	0	0	0	0	
2	0.76244366	1.2534612	0	0	0	0	0	0	0	0	0	0	0	0	0	0	0	0	0	0	0	0	0	0	
2	0.54512286	1.0938578	1.2003329	1.1871601	1.1679118	1.1699245	1.1564701	1.12405	1.0648668	0.988082	0.8959987	0.7994384	0.71457046	0.6316569	0.55400705	0	0	0	0	0	0	0	0	0	
2	0.709966	1.1867112	1.1975789	1.1072271	0.9955479	0.8621133	0.73728454	0.6309578	0.53765404	0	0	0	0	0	0	0	0	0	0	0	0	0	0	0	
2	0	0.5154524	0	0	0	0	0	0	0	0	0	0	0	0	0	0	0	0	0	0	0	0	0	0	
2	0.8691948	1.290669	1.2759321	1.2827667	1.2268631	1.1640193	1.158453	1.1899666	1.2015697	1.1825975	1.1395396	1.0774266	0.9996884	0.91912067	0.82918453	0.7336577	0.63446605	0.540572	0	0	0	0	0	0	
2	0.7867776	1.249145	1.1478239	0.99646354	0.85679686	0.70128995	0.5928198	0.5114362	0	0	0	0	0	0	0	0	0	0	0	0	0	0	0	0	
2	0	0.72627586	0.5161713	0	0	0	0	0	0	0	0	0	0	0	0	0	0	0	0	0	0	0	0	0	
2	0.8490212	1.2726048	1.2701637	1.2677404	1.1956263	1.1530684	1.1256925	1.0785973	1.0098594	0.92434806	0.8256552	0.72055686	0.6277358	0.54361784	0	0	0	0	0	0	0	0	0	0	
2	0.5950939	1.1264787	0.8792165	0	0.5609996	0	0	0	0	0	0	0	0	0	0	0	0	0	0	0	0	0	0	0	
2	0.5607801	1.0995917	1.1885742	1.1399118	1.0292715	0.94033045	0.8389365	0.7691446	0.69646066	0.6243873	0.54932433	0	0	0	0	0	0	0	0	0	0	0	0	0	
2	0.73152864	1.204922	1.1551533	1.0129268	0.8705485	0.72083306	0.5199298	0	0	0	0	0	0	0	0	0	0	0	0	0	0	0	0	0	
2	0	0.5180708	0	0	0	0	0	0	0	0	0	0	0	0	0	0	0	0	0	0	0	0	0	0	
2	0.58295506	1.0777619	1.1660975	1.0262628	0.87324554	0.7244075	0.60663545	0.5634624	0.5216252	0	0	0	0	0	0	0	0	0	0	0	0	0	0	0	
2	0.6803062	1.17252	1.1677082	0.9985471	0.86268544	0.73417795	0.6248864	0.5379765	0	0	0	0	0	0	0	0	0	0	0	0	0	0	0	0	
2	0	0.5599417	0	0	0	0	0	0	0	0	0	0	0	0	0	0	0	0	0	0	0	0	0	0	
2	0.82084566	1.2480446	1.3048232	1.2707827	1.2330755	1.1860816	1.1336812	1.076917	1.0004189	0.9188718	0.85068136	0.7856044	0.7234143	0.6579327	0.585804	0.5189235	0	0	0	0	0	0	0	0	
2	0.68161243	0	0	0.5833834	0	0	0	0	0	0	0	0	0	0	0	0	0	0	0	0	0	0	0	0	
2	0.5888886	1.1380813	1.2968769	1.2725569	1.2108653	1.1561637	1.1020224	1.0601195	0.992881	0.9107701	0.8145693	0.7167506	0.6235328	0.5364839	0	0	0	0	0	0	0	0	0	0	
2	0.8090006	1.2455715	1.2793612	1.1343465	1.0429404	0.92872924	0.80438906	0.693777	0.5947019	0.51608187	0	0	0	0	0	0	0	0	0	0	0	0	0	0	
2	0	0	0	0.5421958	0	0	0	0	0	0	0	0	0	0	0	0	0	0	0	0	0	0	0	0	
2	0.7639753	1.2090954	1.2522155	1.1880211	1.0873634	1.0126859	0.9164581	0.8116062	0.7445374	0.69119465	0.6338588	0.57002383	0.5136413	0	0	0	0	0	0	0	0	0	0	0	
2	0.73546	1.2223313	1.2016686	1.0664896	0.9467743	0.8084584	0.68482906	0.5863636	0	0	0	0	0	0	0	0	0	0	0	0	0	0	0	0	
2	0	0.58570313	0	0	0	0	0	0	0	0	0	0	0	0	0	0	0	0	0	0	0	0	0	0	
2	0.8747943	1.2828183	1.3158451	1.2794992	1.2421596	1.1968617	1.1495563	1.0964559	1.0303352	0.95100033	0.8620556	0.7595251	0.66557693	0.5702604	0	0	0	0	0	0	0	0	0	0	
2	0.7926749	1.254974	0.96810687	0.74725807	0.59843296	0	0	0	0	0	0	0	0	0	0	0	0	0	0	0	0	0	0	0	
2	0.6967676	1.165766	1.2856015	1.2369831	1.2183695	1.1571349	1.0831552	1.0013864	0.9130672	0.83489805	0.7642474	0.6906928	0.61790764	0.54410195	0	0	0	0	0	0	0	0	0	0	
2	0.83983225	1.2595422	1.2631485	1.1721058	1.0894644	0.9816751	0.88792187	0.80869037	0.7331904	0.6668712	0.60008466	0.53595984	0	0	0	0	0	0	0	0	0	0	0	0	
2	0.8518552	1.2764977	1.2867258	1.3055307	1.260104	1.2130138	1.1751058	1.160653	1.1708313	1.1560433	1.1123172	1.0384128	0.9622116	0.8654669	0.7717518	0.67563134	0.57146704	0	0	0	0	0	0	0	
2	0	1.1462337	0.55272895	0	0	0	0	0	0	0	0	0	0	0	0	0	0	0	0	0	0	0	0	0	
2	0.7370811	1.2266393	1.2620623	1.2000551	1.1073723	1.0079916	0.90491986	0.8633297	0.8222322	0.7648838	0.6911799	0.6053267	0.5280709	0	0	0	0	0	0	0	0	0	0	0	
2	0.8031699	1.2497648	1.2962761	1.2820644	1.2214341	1.1692277	1.1416193	1.1023924	1.0373566	0.9576221	0.8684636	0.7798793	0.69789237	0.618809	0.544871	0	0	0	0	0	0	0	0	0	
2	0.8243623	1.2599183	1.2500079	1.154013	1.0744033	0.9737496	0.86000156	0.74632174	0.63718826	0.5471442	0	0	0	0	0	0	0	0	0	0	0	0	0	0	
2	0	0.711778	0	0	0	0	0	0	0	0	0	0	0	0	0	0	0	0	0	0	0	0	0	0	
2	0.76260906	1.2405734	1.2676308	1.2498103	1.1813458	1.1053865	1.0280282	0.94235754	0.84153986	0.7490056	0.6604828	0.57187194	0	0	0	0	0	0	0	0	0	0	0	0	
2	0.7219295	0	0	0	0	0	0	0	0	0	0	0	0	0	0	0	0	0	0	0	0	0	0	0	
2	0.71379685	1.1938831	1.2119898	1.1987777	1.0960516	0.9695106	0.9251514	0.88070554	0.8218691	0.75344074	0.6760483	0.59747285	0.5253975	0	0	0	0	0	0	0	0	0	0	0	
2	0.8429264	1.2795609	1.2957662	1.3070804	1.2617759	1.2068298	1.1610172	1.1114099	1.0481355	0.9734075	0.8858148	0.7871662	0.6913664	0.6499035	0.61972785	0.59244055	0.5484461	0.5150381	0	0	0	0	0	0	
2	0.8658442	1.3068917	1.2928092	1.2172079	1.1635176	1.097043	1.0132416	0.9171444	0.8132897	0	0	0	0	0	0	0	0	0	0	0	0	0	0	0	
2	0	0.96906203	0.6761775	0	0	0	0	0	0	0	0	0	0	0	0	0	0	0	0	0	0	0	0	0	
2	0.66877335	1.167594	1.2598902	1.2891961	1.2308238	1.1599786	1.0930861	1.0178766	0.9243393	0.8372044	0.7655538	0.70375353	0.6451012	0.58446455	0.52426815	0	0	0	0	0	0	0	0	0	
2	0.8460931	1.2853798	1.2596427	1.0971721	0.9862344	0.85804665	0.7274336	0.6350023	0.5740398	0.5211947	0	0	0	0	0	0	0	0	0	0	0	0	0	0	
2	0	0.5874491	0.6029784	0	0	0	0	0	0	0	0	0	0	0	0	0	0	0	0	0	0	0	0	0	
2	0.8767173	1.2908554	1.2985004	1.3272806	1.2945045	1.2570299	1.2338866	1.2142032	1.2116582	1.2018075	1.1704247	1.1267916	1.070819	1.0056388	0.9189617	0.8399179	0.7454605	0.64226264	0.53181535	0	0	0	0	0	
2	0.8150767	1.2801684	1.2181802	1.1178923	1.0242339	0.90530854	0.779675	0.66093403	0.55811596	0	0	0	0	0	0	0	0	0	0	0	0	0	0	0	
2	0	0	0.689178	0.50522214	0	0	0	0	0	0	0	0	0	0	0	0	0	0	0	0	0	0	0	0	
2	0.84511495	1.2784147	1.2902409	1.3193282	1.2770516	1.239072	1.2130579	1.1841162	1.1445686	1.097919	1.0379981	0.96379495	0.886324	0.7973206	0.6991629	0.6064521	0.5175011	0	0	0	0	0	0	0	
2	0.7193163	0.80590034	0.9020642	0.560501	0	0	0	0	0	0	0	0	0	0	0	0	0	0	0	0	0	0	0	0	
2	0	0.6597805	0.63197196	0.6157762	0.60348666	0.5891046	0.57154304	0.55094963	0.52484876	0	0	0	0	0	0	0	0	0	0	0	0	0	0	0	
2	0.8754437	1.288465	1.2978936	1.3308135	1.300365	1.2602713	1.23604	1.2155746	1.203945	1.1862198	1.1539028	1.102399	1.0400951	0.9753786	0.9163454	0.858437	0.78569794	0.7114657	0.6228226	0.52483183	0	0	0	0	
2	0.69246775	1.1903756	0.93139887	0.71922547	0.56989133	0	0	0	0	0	0	0	0	0	0	0	0	0	0	0	0	0	0	0	
2	0.8724781	1.2928895	1.3000242	1.2826704	1.2232622	1.187917	1.1584411	1.1209409	1.0712999	1.0036292	0.91875196	0.8266457	0.73910284	0.6486843	0.5625409	0	0	0	0	0	0	0	0	0	
2	0.80187124	1.2681198	1.2002748	1.085635	0.9782736	0.84688306	0.7180727	0.6090996	0.5153644	0	0	0	0	0	0	0	0	0	0	0	0	0	0	0	
2	0.84961104	1.296108	1.295632	1.2886509	1.2389865	1.1883616	1.1438906	1.1160628	1.1307791	1.1162028	1.0680624	0.99788696	0.90698683	0.81211025	0.71263754	0.62353677	0.5380847	0	0	0	0	0	0	0	
2	0.86899775	1.2933953	1.2638676	1.1907347	1.1346554	1.058495	0.96852756	0.8725257	0.7700373	0.67366856	0.58218527	0.50048363	0	0	0	0	0	0	0	0	0	0	0	0	
2	0	0	0.8205979	0.6342994	0.51333326	0	0	0	0	0	0	0	0	0	0	0	0	0	0	0	0	0	0	0	
2	0.8526268	1.2746823	1.2801244	1.292771	1.239043	1.1752954	1.1807717	1.20976	1.2255003	1.2173889	1.1899054	1.1479217	1.0904607	1.0302546	0.94642925	0.86718243	0.76958084	0.65759206	0.54384565	0	0	0	0	0	
2	0.8532958	1.2793422	1.2441162	1.1604596	1.0884477	0.9961784	0.89602476	0.79480714	0.6932275	0.60824716	0.5303482	0	0	0	0	0	0	0	0	0	0	0	0	0	
2	0	0	0.5596703	0	0	0	0	0	0	0	0	0	0	0	0	0	0	0	0	0	0	0	0	0	
2	0.9087829	1.300134	1.3284386	1.315719	1.2829268	1.2642525	1.2482296	1.2320648	1.2103301	1.1833191	1.1452014	1.1016326	1.0489926	0.98251486	0.89186895	0.8110772	0.71301776	0.6089361	0	0	0	0	0	0	
2	0.7740738	1.1776516	0.96355987	0.76324236	0.6135242	0	0	0	0	0	0	0	0	0	0	0	0	0	0	0	0	0	0	0	
2	0.54434454	1.0173188	1.027111	1.2020028	1.268281	1.2499325	1.2241154	1.1989487	1.2009158	1.2396135	1.2583921	1.2395617	1.2056862	1.1500794	1.1008782	1.0311654	0.95342344	0.87183446	0.75198686	0	0.5073061	0	0	0	
2	0.8937668	1.3093096	1.3011256	1.3163172	1.2869843	1.1864315	1.1382565	1.0778837	1.0046431	0.92311287	0.8279095	0.7245136	0.63330233	0.55006087	0	0	0	0	0	0.6232608	0	0	0	0	
2	0.71527094	1.2156842	0.8165911	0.6210815	0.6615551	0.5512811	0	0	0	0	0	0	0	0	0	0	0	0	0	0	0	0	0	0	
2	0.683759	1.2689693	1.3015125	1.3216679	1.2850574	1.244964	1.2192273	1.1903572	1.15595	1.1121687	1.0529659	0.99029016	0.908633	0.8270046	0.7342507	0.6398049	0.54724514	0	0	0	0	0	0	0	
2	0.8695282	1.3042133	1.2921776	1.2234986	1.1752144	1.1136663	1.0360373	0.95193905	0.8607213	0.7767237	0.6934582	0.61312795	0.53953755	0	0	0	0	0	0	0	0	0	0	0	
2	0.68681675	1.124786	0.5439333	0	0	0	0	0	0	0	0	0	0	0	0	0	0	0	0	0	0	0	0	0	
2	0.6285331	1.1712434	1.2594292	1.2272003	1.1447028	1.0502311	0.9499619	0.8383024	0.72210807	0.6425271	0.5809283	0.5186053	0	0	0	0	0	0	0	0	0	0	0	0	
2	0.7923227	1.2631382	1.2286254	1.1299375	1.0381843	0.92253643	0.797358	0.6792517	0.5821296	0.5082759	0	0	0	0	0	0	0	0	0	0	0	0	0	0	
2	0	0.89363927	0.5305513	0	0	0	0	0	0	0	0	0	0	0	0	0	0	0	0	0	0	0	0	0	
2	0.8563289	1.2733089	1.2678555	1.2889018	1.2310355	1.1666154	1.1135004	1.0773327	1.0156466	0.9319691	0.83471924	0.7285281	0.6309181	0.54062295	0	0	0	0	0	0	0	0	0	0	
2	0.85212725	1.2728579	1.225085	1.1223195	1.0285019	0.90908945	0.782073	0.67246765	0.5760379	0	0	0	0	0	0	0	0	0	0	0	0	0	0	0	
2	0	0.7163461	0.5020636	0	0	0	0	0	0	0	0	0	0	0	0	0	0	0	0	0	0	0	0	0	
2	0.8264201	1.2737533	1.2560647	1.2953243	1.2417418	1.1754553	1.158209	1.1482202	1.1229388	1.0794139	1.01118	0.93292093	0.84055495	0.7426601	0.6502369	0.5660261	0	0	0	0	0	0	0	0	
2	0.85802263	1.2875376	1.2405288	1.1184682	1.0196512	0.90229344	0.77943784	0	0	0	0	0	0	0	0	0	0	0	0	0	0	0	0	0	
2	0	0.87398076	0.6163086	0	0	0	0	0	0	0	0	0	0	0	0	0	0	0	0	0	0	0	0	0	
2	0.68311924	1.0725011	1.2526321	1.2840228	1.2232499	1.1623245	1.1571518	1.1419116	1.1122823	1.0642861	0.992959	0.9094781	0.81379557	0.7146901	0.6205076	0.53679436	0	0	0	0	0	0	0	0	
2	0.83880764	1.2777551	1.2651229	0.96718895	0.8169232	0.67139757	0.55528224	0	0	0	0	0	0	0	0	0	0	0	0	0	0	0	0	0	
2	0.8816571	1.3023998	1.3011336	1.2992538	1.2657934	1.2370543	1.2110275	1.179149	1.1389699	1.0908291	1.0278083	0.9568077	0.87260556	0.78738827	0.6940548	0.60318786	0.5146096	0	0	0	0	0	0	0	
2	0.7092039	1.184055	0.95579684	0.754188	0.62841856	0.5138835	0	0	0	0	0	0	0	0	0	0	0	0	0	0	0	0	0	0	
2	0.718345	1.191337	1.2121577	1.1073678	0.96727043	0.8171556	0.69147205	0.6086552	0.614846	0.6470866	0.6707701	0.702639	0.711949	0.716914	0.6981883	0.661395	0.6196198	0.5570094	0	0	0	0	0	0	
2	0.7108339	1.1839932	1.2047553	1.0822539	0.956551	0.8147464	0.6889649	0	0	0	0	0	0	0	0	0	0	0	0	0	0	0	0	0	
2	0	0.5195433	0	0	0	0	0	0	0	0	0	0	0	0	0	0	0	0	0	0	0	0	0	0	
2	0.8109646	1.2647014	1.2934282	1.3074975	1.2655082	1.2165581	1.1758288	1.13169	1.0720189	1.0046747	0.91967446	0.8215923	0.72755736	0.6325358	0.56566346	0.5103087	0	0	0	0	0	0	0	0	
2	0.86024356	1.2925513	1.2647895	1.1638561	1.0830376	0.984202	0.8696992	0.75259453	0.6370526	0.5449253	0	0	0	0	0	0	0	0	0	0	0	0	0	0	
2	0.8275678	1.262765	1.2715502	1.2817887	1.2353177	1.1814308	1.127571	1.0666411	0.9908267	0.90870523	0.8200221	0.73318964	0.6539078	0.57253385	0.51704246	0	0	0	0	0	0	0	0	0	
2	0.7415532	1.2848023	1.215075	1.1250656	1.0329986	0.91705227	0.7933723	0.67565084	0.567231	0	0	0	0	0	0	0	0	0	0	0	0	0	0	0	
2	0	0	0.5795808	0	0	0	0	0	0	0	0	0	0	0	0	0	0	0	0	0	0	0	0	0	
2	0.8955314	1.2917972	1.3103179	1.3149239	1.2702057	1.245226	1.2544867	1.2613449	1.2628742	1.2533053	1.2362357	1.2129109	1.1754748	1.1508837	1.0935402	1.0435858	0.971454	0.8666027	0.7706767	0.6485098	0.53492576	0	0	0	
2	0.76854867	0	0	0	0.5171388	0	0	0	0	0	0	0	0	0	0	0	0	0	0	0	0	0	0	0	
2	0.76770794	1.2487735	1.2990438	1.2674925	1.20126	1.1416457	1.0781957	1.0006377	0.91016394	0.8202281	0.72590935	0.63526416	0.5529208	0	0	0	0	0	0	0	0	0	0	0	
2	0.6949206	1.195852	1.0011955	0.7940888	0.651933	0	0	0	0	0	0	0	0	0	0	0	0	0	0	0	0	0	0	0	
2	0	0.94201225	0.9676044	0.90587145	0.83336514	0.7390252	0.638296	0.5432609	0	0	0	0	0	0	0	0	0	0	0	0	0	0	0	0	
2	0.85206395	1.288632	1.3105959	1.319011	1.2809458	1.2431579	1.2159432	1.1891096	1.1486561	1.1029626	1.0464765	0.9734288	0.8948424	0.80300164	0.7089553	0.61670536	0.5250432	0	0	0	0	0	0	0	
2	0.82311827	1.2739029	1.14247	1.0053309	0.87377095	0.751828	0.6477568	0.5581547	0	0	0	0	0	0	0	0	0	0	0	0	0	0	0	0	
2	0.5553092	0.8503287	0	0	0	0	0	0	0	0	0	0	0	0	0	0	0	0	0	0	0	0	0	0	
2	0.8533292	1.2814978	1.2789112	1.3076066	1.2695704	1.2142383	1.1679376	1.1777586	1.1957712	1.19258	1.1659597	1.1153966	1.0458312	0.9682257	0.8816456	0.78386676	0.6850754	0.58315873	0	0	0	0	0	0	
2	0.8086651	1.2965122	1.187922	1.0544004	0.928621	0.78610426	0.6844422	0.5927293	0.5168037	0	0	0	0	0	0	0	0	0	0	0	0	0	0	0	
2	0.5996572	0.70545083	0.7012788	0.5170121	0	0	0	0	0	0	0	0	0	0	0	0	0	0	0	0	0	0	0	0	
2	0.85662967	1.3010806	1.2919939	1.3030739	1.2525014	1.1989633	1.1532615	1.1030809	1.0376366	0.96306	0.8732754	0.7758074	0.6808782	0.583908	0	0	0	0	0	0	0	0	0	0	
2	0.78305614	1.2853187	1.1650522	1.0481462	0.92630225	0.7812212	0.6599763	0.55615395	0	0	0	0	0	0	0	0	0	0	0	0	0	0	0	0	
2	0.5764817	0.73604786	0.51059115	0	0	0	0	0	0	0	0	0	0	0	0	0	0	0	0	0	0	0	0	0	
2	0.84385186	1.2854127	1.3096085	1.3181095	1.2827176	1.2331806	1.1948841	1.1564641	1.1074578	1.0475554	0.96828115	0.88275295	0.7934547	0.70288616	0.61464906	0.53985506	0	0	0	0	0	0	0	0	
2	0.73767436	0	0.83410436	0.6454734	0.5315053	0	0	0	0	0	0	0	0	0	0	0	0	0	0	0	0	0	0	0	
2	0.7814645	1.2799462	1.2910033	1.2539259	1.2015482	1.1492635	1.0901837	1.0190763	0.9359063	0.8500426	0.75465363	0.662246	0.57962173	0.5011462	0	0	0	0	0	0	0	0	0	0	
2	0.78468806	1.2068832	1.010868	0.8091578	0.6504053	0.5272402	0	0	0	0	0	0	0	0	0	0	0	0	0	0	0	0	0	0	
2	0.7323223	1.1521043	1.0825675	0.941583	0.8671141	0.7403403	0.6439346	0.5492012	0	0	0	0	0	0	0	0	0	0	0	0	0	0	0	0	
2	0.71454394	1.2269399	0.7287321	0.8008452	0.63598955	0.53105736	0	0	0	0	0	0	0	0	0	0	0	0	0	0	0	0	0	0	
2	0	0.643831	0	0	0	0	0	0	0	0	0	0	0	0	0	0	0	0	0	0	0	0	0	0	
2	0.78288895	1.2469237	1.2713351	1.262912	1.2130325	1.1569846	1.0964245	1.0248096	0.9396025	0.84946847	0.74986047	0.65397996	0.5731086	0	0	0	0	0	0	0	0	0	0	0	
2	0	0.88737	0.7397508	0	0	0	0	0	0	0	0	0	0	0	0	0	0	0	0	0	0	0	0	0	
2	0.84968984	1.285205	1.3164992	1.3181536	1.2748973	1.2439575	1.2221068	1.1963415	1.1582091	1.114187	1.0583377	0.9854409	0.90789145	0.8237887	0.73756564	0.65131974	0.56476533	0	0	0	0	0	0	0	
2	0.8240872	1.2984533	1.2397325	1.1564188	1.0826278	0.98179585	0.86971086	0.75374186	0.6395874	0.5420121	0	0	0	0	0	0	0	0	0	0	0	0	0	0	
2	0	1.0955491	0.8293258	0.6399062	0.5143086	0	0	0	0	0	0	0	0	0	0	0	0	0	0	0	0	0	0	0	
2	0.8395427	1.298638	1.3047515	1.3132747	1.2732692	1.2390405	1.2134879	1.1820418	1.1432415	1.0950742	1.0334831	0.99404335	0.95801276	0.91161764	0.85472715	0.79739857	0.726774	0.65175885	0.56812966	0	0	0	0	0	
2	0.8133238	1.2582557	1.2161876	1.1103563	1.0120447	0.8925501	0.76959497	0.65683615	0.55695695	0	0	0	0	0	0	0	0	0	0	0	0	0	0	0	
2	0.5033936	1.0900958	1.2506598	1.3279597	1.3032095	1.2633812	1.2368228	1.217897	1.2258111	1.2442545	1.2455226	1.2247666	1.190565	1.1491704	1.0981283	1.0218424	0.96220636	0.8701554	0.74772286	0	0.52117187	0	0	0	
2	0.8944043	1.3139518	1.3173809	1.2657424	1.2379857	1.2099138	1.1703804	1.1229442	1.0604693	0.9884837	0.90134406	0.81012565	0.72841877	0.64908755	0	0	0	0	0	0.636618	0	0	0	0	
2	0.7266505	1.1233565	1.0486761	0.86625576	0.71293634	0.5893358	0	0	0	0	0	0	0	0	0	0	0	0	0	0	0	0	0	0	
2	0	0	0.56433475	0	0	0	0	0	0	0	0	0	0	0	0	0	0	0	0	0	0	0	0	0	
2	0.8873596	1.3094369	1.2949597	1.2996609	1.2593765	1.1954951	1.1994569	1.231981	1.2547213	1.2534113	1.23488	1.2057563	1.1662279	1.122845	1.0619524	1.0083019	0.91982925	0.8239224	0.71609277	0.59160125	0	0	0	0	
2	0.86886907	1.304307	1.2131562	1.152683	1.0760636	0.9733996	0.85747814	0.7424243	0.5702215	0	0	0	0	0	0	0	0	0	0	0	0	0	0	0	
2	0.6750813	0.973623	0.6748175	0	0	0	0	0	0	0	0	0	0	0	0	0	0	0	0	0	0	0	0	0	
2	0.88500726	1.330441	1.3408083	1.3371879	1.3242689	1.2903005	1.275659	1.2708012	1.262731	1.2523302	1.2692187	1.2920656	1.2973009	1.2722623	1.2670213	1.2347465	1.2207016	1.2125281	1.1522106	1.0277568	1.0037211	0.92905074	0.7822195	0.57021916	
2	0.7752859	1.3184103	1.2347099	1.1693887	1.1001688	1.0030309	0.89045054	0.56596303	0	0	0	0	0	0	0	0	0	0	0	0	0	0	0	0	
2	0.64330256	1.1308681	0.8806119	0.6772145	0	0	0	0	0	0	0	0	0	0	0	0	0	0	0	0	0	0	0	0	
2	0	0.5552608	0	0	0	0	0	0	0	0	0	0	0	0	0	0	0	0	0	0	0	0	0	0	
2	0.8516034	1.2822473	1.2566764	1.289877	1.2352853	1.1709065	1.1931489	1.2123673	1.2213145	1.2147014	1.1915118	1.1508929	1.1033102	1.0405473	0.9731813	0.88438827	0.80075186	0.7019991	0.59113944	0	0	0	0	0	
2	0.76554465	1.2735062	1.1641963	1.0198244	0.88867146	0.74597895	0.6256245	0.5250427	0	0	0	0	0	0	0	0	0	0	0	0	0	0	0	0	
2	0.5568263	0	0.65388983	0	0	0	0	0	0	0	0	0	0	0	0	0	0	0	0	0	0	0	0	0	
2	0.81240296	1.2741966	1.28151	1.2623271	1.1987892	1.1318643	1.0592368	0.9748496	0.8787375	0.79710686	0.73640805	0.7207734	0.6951736	0.6678699	0.62269735	0.5793361	0.5213106	0	0	0	0	0	0	0	
2	0.74011284	1.1950768	1.0201043	0.57080024	0.6701241	0.54551965	0	0	0	0	0	0	0	0	0	0	0	0	0	0	0	0	0	0	
2	0.83043396	1.2736179	1.2919354	1.3138145	1.2757114	1.236935	1.2063657	1.1743343	1.1299936	1.0782298	1.0118243	0.929142	0.8487897	0.75900614	0.6706206	0.58559114	0.5028856	0	0	0	0	0	0	0	
2	0.7097404	1.2424105	0.8658073	0.6704041	0.5369078	0	0	0	0	0	0	0	0	0	0	0	0	0	0	0	0	0	0	0	
2	0.85107493	1.2823226	1.2775062	1.3058438	1.2709678	1.2276139	1.1904622	1.1517026	1.1024811	1.044342	0.9687516	0.8881974	0.7994986	0.7089817	0.616659	0.5345282	0	0	0	0	0	0	0	0	
2	0.7682566	1.2340358	0	0.62591565	0	0	0	0	0	0	0	0	0	0	0	0	0	0	0	0	0	0	0	0	
2	0	0.7707624	0.5487402	0	0	0	0	0	0	0	0	0	0	0	0	0	0	0	0	0	0	0	0	0	
2	0.8519245	1.2851318	1.2508531	1.2810069	1.2247614	1.1497879	1.1527808	1.1845745	1.2086827	1.2116592	1.1927555	1.1533506	1.0908386	1.0316781	0.95026153	0.86567426	0.7739473	0.6668696	0.551581	0	0	0	0	0	
2	0.78100216	1.2761706	1.169661	1.0294677	0.9009145	0.7513865	0.62436366	0	0	0	0	0	0	0	0	0	0	0	0	0	0	0	0	0	
2	0	0.71045184	0	0	0	0	0	0	0	0	0	0	0	0	0	0	0	0	0	0	0	0	0	0	
2	0.6916752	1.1883999	1.1422806	1.0081353	0.86393076	0.74752885	0.67466456	0.62581855	0.58536303	0.5371974	0	0	0	0	0	0	0	0	0	0	0	0	0	0	
2	0	1.1449399	0.96756864	0.7917111	0.64114213	0.5128673	0	0	0	0	0	0	0	0	0	0	0	0	0	0	0	0	0	0	
2	0.7986035	1.2576486	1.3088212	1.297772	1.2485917	1.2109311	1.1773717	1.1335301	1.0765891	1.0134794	0.93826115	0.8463584	0.75723237	0.6629005	0.57062435	0	0	0	0	0	0	0	0	0	
2	0.72049034	1.2193522	1.0396708	0.84346956	0.67596734	0.5706661	0	0	0	0	0	0	0	0	0	0	0	0	0	0	0	0	0	0	
2	0.81623334	1.2684159	1.2542435	1.2814227	1.2321212	1.1679682	1.1047477	1.0329946	0.9451281	0.8594888	0.7775876	0.69685954	0.62423325	0.5506278	0	0	0	0	0	0	0	0	0	0	
2	0.72391284	1.2090045	1.0959255	0.91024816	0.755045	0	0	0	0	0	0	0	0	0	0	0	0	0	0	0	0	0	0	0	
2	0	0.70385635	0	0	0	0	0	0	0	0	0	0	0	0	0	0	0	0	0	0	0	0	0	0	
2	0.8428318	1.2756852	1.2902626	1.3216953	1.2830421	1.2391905	1.208388	1.1786133	1.1357622	1.0862951	1.0239222	0.94100124	0.86171144	0.76640165	0.6753929	0.5905552	0.5075042	0	0	0	0	0	0	0	
2	0.806269	1.1087848	0.8281773	0.61591345	0	0	0	0	0	0	0	0	0	0	0	0	0	0	0	0	0	0	0	0	
2	0.83947945	1.283233	1.2692591	1.2992904	1.2548507	1.2039936	1.1594093	1.1079502	1.0418335	0.96886176	0.8793313	0.7818311	0.6939376	0.6074817	0.52730405	0	0	0	0	0	0	0	0	0	
2	0.75957304	1.2122232	1.0754853	0.8771572	0.71633947	0.5678962	0	0	0	0	0	0	0	0	0	0	0	0	0	0	0	0	0	0	
2	0.81638193	1.2655978	1.3198076	1.3068175	1.2570815	1.220795	1.1894433	1.1519397	1.1007621	1.043021	0.97018737	0.885636	0.8005855	0.70779866	0.61846304	0.53564984	0	0	0	0	0	0	0	0	
2	0.8151991	1.290871	1.2021781	1.0952563	0.9919048	0.86009574	0.7248301	0	0	0	0	0	0	0	0	0	0	0	0	0	0	0	0	0	
2	0.8362332	1.3006542	1.3250346	1.3190132	1.28673	1.2478065	1.2281821	1.2047429	1.1702709	1.1290326	1.0769964	1.0137222	0.93422806	0.8517154	0.7572007	0.66767406	0.5781138	0	0	0	0	0	0	0	
2	0.7336914	0.8794447	1.0597185	0.8659592	0.70758706	0.5745237	0	0	0	0	0	0	0	0	0	0	0	0	0	0	0	0	0	0	
2	0	0.6133219	0.50602436	0	0	0	0	0	0	0	0	0	0	0	0	0	0	0	0	0	0	0	0	0	
2	0.71996796	1.20379	1.1908182	1.0831774	0.96477365	0.8365177	0.7486802	0.69886416	0.6371645	0.5670731	0.52581453	0.514368	0.5053036	0	0	0	0	0	0	0	0	0	0	0	
2	0.61259484	1.1109974	0.86518604	0.6961355	0.572335	0	0	0	0	0	0	0	0	0	0	0	0	0	0	0	0	0	0	0	
2	0.82175416	1.2714045	1.2770065	1.1994809	1.1349608	1.0523415	0.95799273	0.85490316	0.7446065	0.64202195	0.5572043	0.5000003	0	0	0	0	0	0	0	0	0	0	0	0	
2	0	1.0292902	0.7680433	0.5930677	0	0	0	0	0	0	0	0	0	0	0	0	0	0	0	0	0	0	0	0	
2	0	0.52373344	0	0	0	0	0	0	0	0	0	0	0	0	0	0	0	0	0	0	0	0	0	0	
2	0.6038165	0.99456567	0.8513556	0.6593324	0.5984862	0.57379496	0.5358759	0.5376489	0.54295117	0.5398154	0.5317601	0.52600414	0.5176853	0.5061004	0	0	0	0	0	0	0	0	0	0	
2	0.66865885	1.1528935	1.1347216	0.9960652	0.8492664	0.7004264	0.579117	0	0	0	0	0	0	0	0	0	0	0	0	0	0	0	0	0	
2	0.8275396	1.2539186	1.2979319	1.293759	1.2370176	1.190283	1.1461045	1.0896137	1.0199263	0.9408724	0.85280603	0.7605974	0.67367065	0.5857027	0.50751835	0	0	0	0	0	0	0	0	0	
2	0.68687075	1.115156	0.8477069	0.64245343	0	0	0	0	0	0	0	0	0	0	0	0	0	0	0	0	0	0	0	0	
2	0.78692514	1.2532117	1.2274424	1.2055465	1.1098977	0.9843652	0.88598156	0.811556	0.7389975	0.67568284	0.6137744	0.55204254	0	0	0	0	0	0	0	0	0	0	0	0	
2	0.67776436	1.171465	0.9058733	0.72304773	0.61193186	0.5095044	0	0	0	0	0	0	0	0	0	0	0	0	0	0	0	0	0	0	
2	0	0.5536584	0	0	0	0	0	0	0	0	0	0	0	0	0	0	0	0	0	0	0	0	0	0	
2	0.71314543	1.222291	1.2104411	1.1536009	1.1140462	1.0175496	0.9007536	0.81902456	0.7651588	0.7085746	0.64831054	0.586365	0.5290377	0	0	0	0	0	0	0	0	0	0	0	
2	0.66131806	1.1768566	0.9670389	0.7532077	0.59574217	0	0	0	0	0	0	0	0	0	0	0	0	0	0	0	0	0	0	0	
2	0	0.5732238	0	0	0	0	0	0	0	0	0	0	0	0	0	0	0	0	0	0	0	0	0	0	
2	0.77195996	1.2252939	1.2908609	1.2813679	1.2241158	1.1691467	1.1137662	1.0470337	0.9614962	0.871037	0.7865247	0.7067909	0.63208365	0.55630803	0	0	0	0	0	0	0	0	0	0	
2	0.6988503	1.1692772	0.95470554	0.7611804	0.6553695	0.55945754	0	0	0	0	0	0	0	0	0	0	0	0	0	0	0	0	0	0	
2	0.6312577	1.264835	1.3014252	1.2428142	1.1899717	1.1377642	1.0725951	0.99003124	0.8965456	0.81333125	0.72949463	0.6463178	0.5707584	0	0	0	0	0	0	0	0	0	0	0	
2	0.76375467	1.2594043	1.1920533	1.0657802	0.9463265	0.8198755	0.70117784	0.59676176	0	0	0	0	0	0	0	0	0	0	0	0	0	0	0	0	
2	0	0.6399083	0	0.5100534	0	0	0	0	0	0	0	0	0	0	0	0	0	0	0	0	0	0	0	0	
2	0.72793406	1.2429914	1.1987929	1.1485043	1.0306263	0.88977325	0.755323	0.63326234	0.5835867	0.54499835	0.50408834	0	0	0	0	0	0	0	0	0	0	0	0	0	
2	0.73403245	1.1753058	0.89937264	0.68396425	0.54482365	0	0	0	0	0	0	0	0	0	0	0	0	0	0	0	0	0	0	0	
2	0.6116848	1.1394395	1.3107064	1.2817385	1.2487992	1.198459	1.1421708	1.0833452	1.0130596	0.9365263	0.8436737	0.7476775	0.65630656	0.5809531	0.51906675	0	0	0	0	0	0	0	0	0	
2	0.7686773	1.2488364	1.0949488	0.9347157	0.82496214	0.6284202	0.5294549	0	0	0.5291279	0	0	0	0	0	0	0	0	0	0	0	0	0	0	
2	0.83085114	1.2681872	1.2663016	1.2594197	1.1900982	1.1019772	1.0139096	0.91840595	0.81853426	0.73040444	0.67261755	0.6216545	0.574196	0.5191542	0	0	0	0	0	0	0	0	0	0	
2	0	1.0875022	0	0	0	0	0	0	0	0	0	0	0	0	0	0	0	0	0	0	0	0	0	0	
2	0.80650187	1.2278916	1.2235105	1.1180214	1.0438368	0.95940286	0.912109	0.8531402	0.78449285	0.7160036	0.6427264	0.57120574	0.5067086	0	0	0	0	0	0	0	0	0	0	0	
2	0.6387092	1.2205585	1.0634563	0.8758404	0.7214574	0.6105826	0.5220731	0	0	0	0	0	0	0	0	0	0	0	0	0	0	0	0	0	
2	0	0.6850697	0	0	0	0	0	0	0	0	0	0	0	0	0	0	0	0	0	0	0	0	0	0	
2	0.84851235	1.2873547	1.2757801	1.2509387	1.1777568	1.1101397	1.0616809	1.0493822	1.0209281	0.9788106	0.92023057	0.8428863	0.7627243	0.6704396	0.57612646	0	0	0	0	0	0	0	0	0	
2	0.7252544	1.2164228	1.0590086	0.87261033	0.7466067	0.6281105	0.52925134	0	0	0	0	0	0	0	0	0	0	0	0	0	0	0	0	0	
2	0	0.51847756	0	0	0	0	0	0	0	0	0	0	0	0	0	0	0	0	0	0	0	0	0	0	
2	0.68121475	1.1702749	1.1932904	1.0959916	1.020582	0.8756214	0.7482375	0.67448926	0.60914356	0.5514598	0	0	0	0	0	0	0	0	0	0	0	0	0	0	
2	0.7886429	1.19311	0.9778567	0.68380016	0.6322324	0.5098526	0	0	0	0	0	0	0	0	0	0	0	0	0	0	0	0	0	0	
2	0	0.5793441	0	0	0	0	0	0	0	0	0	0	0	0	0	0	0	0	0	0	0	0	0	0	
2	0.7530453	1.2482507	1.2118263	1.1717647	1.0603462	0.92899907	0.8026595	0.7022437	0.6295091	0.57857335	0.52377117	0	0	0	0	0	0	0	0	0	0	0	0	0	
2	0	0.8803188	0	0	0	0	0	0	0	0	0	0	0	0	0	0	0	0	0	0	0	0	0	0	
2	0.83470935	1.2729483	1.3154279	1.3213797	1.2784493	1.2475184	1.2268456	1.2036202	1.1684822	1.128403	1.0785922	1.0136784	0.94205344	0.8519417	0.7623474	0.6658916	0.5662401	0	0	0	0	0	0	0	
2	0.74512	1.271698	1.1793654	1.0589339	0.943337	0.805535	0.67473865	0.5787212	0	0	0	0	0	0	0	0	0	0	0	0	0	0	0	0	
2	0.5732934	0	0.67501116	0	0	0	0	0	0	0	0	0	0	0	0	0	0	0	0	0	0	0	0	0	
2	0.8214375	1.2746148	1.2541265	1.231402	1.146817	1.106095	1.1282538	1.13661	1.1243227	1.0888144	1.0309777	0.94924664	0.8657598	0.7665112	0.67377084	0.58522093	0	0	0	0	0	0	0	0	
2	0.7908731	1.2321408	1.0372921	0.8270427	0.7062741	0.5940485	0	0	0	0	0	0	0	0	0	0	0	0	0	0	0	0	0	0	
2	0	0.69013214	0	0	0	0	0	0	0	0	0	0	0	0	0	0	0	0	0	0	0	0	0	0	
2	0.8905136	1.3167852	1.3101591	1.3329922	1.2988567	1.2673922	1.2518964	1.2389394	1.2168437	1.1906517	1.1587489	1.1184733	1.058908	1.0013322	0.9167962	0.83089644	0.7321757	0.6252207	0.5190793	0	0	0	0	0	
2	0.7573354	1.2406604	1.0858824	0.9139269	0.76552755	0	0.52385956	0	0	0	0	0	0	0	0	0	0	0	0	0	0	0	0	0	
2	0	0	0.53568697	0	0	0	0	0	0	0	0	0	0	0	0	0	0	0	0	0	0	0	0	0	
2	0.51655036	1.0302812	1.2738562	1.2994637	1.2498943	1.19523	1.148962	1.1719526	1.1819448	1.1663625	1.1259389	1.0622644	0.9800178	0.89194834	0.7980704	0.6996022	0.6200302	0.56462026	0	0	0	0	0	0	
2	0.8294828	1.2689235	1.2572362	1.1698906	1.1001081	1.0099943	0.90870297	0.8033179	0.69547594	0.60134405	0.51615167	0	0	0	0	0	0	0	0	0	0	0	0	0	
2	0.5723167	0	0	0	0	0	0	0	0	0	0	0	0	0	0	0	0	0	0	0	0	0	0	0	
2	0.76931417	1.2400181	1.2459029	1.2542298	1.182377	1.096698	1.0518156	1.024029	0.96760875	0.8927705	0.79862034	0.6967236	0.6072657	0.52335835	0	0	0	0	0	0	0	0	0	0	
2	0.65318125	1.1820357	1.0263609	0.81396824	0.6479394	0.5132025	0	0	0	0	0	0	0	0	0	0	0	0	0	0	0	0	0	0	
2	0.6789718	1.1568058	1.1367867	1.0039299	0.8376311	0.6694746	0.5800021	0.52506196	0	0	0	0	0	0	0	0	0	0	0	0	0	0	0	0	
2	0	1.0598426	0.8154507	0.60628486	0	0	0	0	0	0	0	0	0	0	0	0	0	0	0	0	0	0	0	0	
2	0.7973833	1.254321	1.2579614	1.2749857	1.2164835	1.1452032	1.0752469	0.9966335	0.9005711	0.7992378	0.69535846	0.6190253	0.5553001	0	0	0	0	0	0	0	0	0	0	0	
2	0	1.19313	1.046836	0.83987874	0.67537075	0	0	0	0	0	0	0	0	0	0	0	0	0	0	0	0	0	0	0	
2	0.81930786	1.2673697	1.2583013	1.2796293	1.2208202	1.1508884	1.0870773	1.0650209	1.0219285	0.9575995	0.8767915	0.7784682	0.6929085	0.60796624	0.5304017	0	0	0	0	0	0	0	0	0	
2	0	0.99854153	0.5728056	0	0	0	0	0	0	0	0	0	0	0	0	0	0	0	0	0	0	0	0	0	
2	0.804051	1.2548785	1.270735	1.2794818	1.228641	1.1702222	1.1119598	1.0466722	0.96544325	0.8745208	0.7759139	0.68264467	0.6308825	0.5741571	0.50966257	0	0	0	0	0	0	0	0	0	
2	0.5332815	1.18863	0	0	0	0	0	0	0	0	0	0	0	0	0	0	0	0	0	0	0	0	0	0	
2	0	0.54839456	0	0	0	0	0	0	0	0	0	0	0	0	0	0	0	0	0	0	0	0	0	0	
2	0.8610416	1.2779181	1.3157163	1.2794329	1.2552564	1.2075387	1.155296	1.0986196	1.0312673	0.9548836	0.868442	0.7784328	0.6908578	0.60011154	0.5264849	0	0	0	0	0	0	0	0	0	
2	0.7117689	0.77235055	0	0.5938006	0	0	0	0	0	0	0	0	0	0	0	0	0	0	0	0	0	0	0	0	
2	0	1.0363216	1.2700715	1.2475325	1.1909987	1.1579567	1.1091437	1.0442122	0.9584433	0.86990976	0.78283423	0.6980484	0.6198198	0.54077613	0	0	0	0	0	0	0	0	0	0	
2	0.8000829	1.2583479	1.2807469	1.1844164	1.0927292	0.8065012	0.69948286	0.60664415	0.5244135	0	0	0	0	0	0	0	0	0	0	0	0	0	0	0	
2	0	0.659586	0.6142732	0	0	0	0	0	0	0	0	0	0	0	0	0	0	0	0	0	0	0	0	0	
2	0.7686771	1.2353035	1.2257077	1.1587337	1.1131157	1.0592101	0.9810933	0.884963	0.7963859	0.7152742	0.632212	0.5537594	0	0	0	0	0	0	0	0	0	0	0	0	
2	0	1.1391283	0.76509583	0.58271694	0	0	0	0	0	0	0	0	0	0	0	0	0	0	0	0	0	0	0	0	
2	0.83352876	1.27463	1.2490659	1.279632	1.2231579	1.1509416	1.1254784	1.1474586	1.1537749	1.1353121	1.087781	1.0087252	0.92621195	0.82497555	0.72863984	0.6323104	0.5622396	0.5173153	0	0	0	0	0	0	
2	0.68939286	0.8029435	0	0	0	0	0	0	0	0	0	0	0	0	0	0	0	0	0	0	0	0	0	0	
2	0	0.6609999	0	0	0	0	0	0	0	0	0	0	0	0	0	0	0	0	0	0	0	0	0	0	
2	0.7909777	1.2597617	1.2965575	1.3263099	1.2885711	1.2598387	1.2439003	1.2277914	1.2010036	1.170401	1.1332891	1.0866005	1.0213381	0.95604396	0.8699523	0.7803285	0.68479514	0.5831273	0	0	0	0	0	0	
2	0.81640506	1.2485512	1.1612861	1.0266507	0.8973646	0.76251256	0.65832335	0.5725901	0	0	0	0	0	0	0	0	0	0	0	0	0	0	0	0	
2	0.5813567	0	0.5966105	0	0	0	0	0	0	0	0	0	0	0	0	0	0	0	0	0	0	0	0	0	
2	0.71506536	1.2018597	1.1873655	1.1335721	1.0010529	0.92081445	0.89926976	0.85755	0.7951985	0.72105795	0.6399511	0.55989385	0	0	0	0	0	0	0	0	0	0	0	0	
2	0.6925427	1.1388694	0.90616053	0.71155304	0.5205846	0	0	0	0	0	0	0	0	0	0	0	0	0	0	0	0	0	0	0	
2	0	0.5073583	0	0	0	0	0	0	0	0	0	0	0	0	0	0	0	0	0	0	0	0	0	0	
2	0.8735612	1.2931727	1.307345	1.2931303	1.2532715	1.2320908	1.2167481	1.1993939	1.1672592	1.1250509	1.0704207	0.99995893	0.92459774	0.834596	0.7415156	0.64867026	0.558764	0	0	0	0	0	0	0	
2	0.72991514	1.2693216	1.1402054	0.9933194	0.8533764	0.70503056	0.5885189	0	0	0	0	0	0	0	0	0	0	0	0	0	0	0	0	0	
2	0	0	0.6180978	0	0	0	0	0	0	0	0	0	0	0	0	0	0	0	0	0	0	0	0	0	
2	0.84145427	1.2735298	1.2728521	1.3061411	1.2581755	1.2004434	1.1894639	1.1671262	1.1227853	1.0667344	0.9960734	0.90702087	0.8243562	0.7280654	0.63450027	0.5460311	0	0	0	0	0	0	0	0	
2	0.85490596	1.2768157	1.2104353	1.1071323	1.0146947	0.9021021	0.787556	0.6834377	0.5874605	0.51036984	0	0	0	0	0	0	0	0	0	0	0	0	0	0	
2	0	0	0.58826464	0	0	0	0	0	0	0	0	0	0	0	0	0	0	0	0	0	0	0	0	0	
2	0	0.98584723	1.2297428	1.2320799	1.1451883	1.0620593	1.0357168	0.99525213	0.9346378	0.86324555	0.7734837	0.6811873	0.59219694	0.5056103	0	0	0	0	0	0	0	0	0	0	
2	0.7933996	1.2528002	1.2123992	1.0875547	0.9880987	0.5863881	0	0	0	0	0	0	0	0	0	0	0	0	0	0	0	0	0	0	
2	0	0.74256665	0	0	0	0	0	0	0	0	0	0	0	0	0	0	0	0	0	0	0	0	0	0	
2	0.8058786	1.2688979	1.2499032	1.2087549	1.1123943	1.0187403	0.92614573	0.8637908	0.8263726	0.7861576	0.74289346	0.6898097	0.63264436	0.5636259	0.50114685	0	0	0	0	0	0	0	0	0	
2	0.704438	1.1917958	1.011689	0.8028094	0.6850527	0.5700615	0	0	0	0	0	0	0	0	0	0	0	0	0	0	0	0	0	0	
2	0.82108974	1.2697471	1.2547251	1.2844971	1.2312844	1.1655558	1.1061585	1.0400505	0.9605491	0.877391	0.7787658	0.683092	0.59419656	0.5188411	0	0	0	0	0	0	0	0	0	0	
2	0	1.0286877	0.75509036	0.56224835	0	0	0	0	0	0	0	0	0	0	0	0	0	0	0	0	0	0	0	0	
2	0	0.8739166	1.0884242	1.0892887	1.0649837	1.0352516	0.9978763	0.9464838	0.8787324	0.8074555	0.7290544	0.65350765	0.5852404	0.5159332	0	0	0	0	0	0	0	0	0	0	
2	0.8322099	1.2734413	1.2348677	1.2409075	1.1600585	1.0629354	0.76489204	0.66639745	0.58157986	0.51364386	0	0	0	0	0	0	0	0	0	0	0	0	0	0	
2	0.55445474	1.0092969	0.66132283	0	0	0	0	0	0	0	0	0	0	0	0	0	0	0	0	0	0	0	0	0	
2	0.67305124	1.1605233	1.2600813	1.2617834	1.1849874	1.1643628	1.1443889	1.1156927	1.0685319	1.0148389	0.950088	0.8683483	0.7905518	0.69845647	0.6101157	0.5287906	0	0	0	0	0	0	0	0	
2	0.838585	1.2822701	1.2407261	1.1233021	1.0183632	0.88627213	0.76543015	0.7000504	0.6356284	0	0	0	0	0	0	0	0	0	0	0	0	0	0	0	
2	0.5504577	0.92621505	0.6587051	0	0	0	0	0	0	0	0	0	0	0	0	0	0	0	0	0	0	0	0	0	
2	0.6157889	1.1894597	1.2427502	1.2513031	1.1813052	1.0877982	0.9959696	0.8976768	0.85626507	0.81640095	0.7774347	0.73118687	0.6783817	0.6074832	0.5387648	0	0	0	0	0	0	0	0	0	
2	0.8294184	1.282191	1.2741452	1.2129908	1.1645683	1.1016484	1.0252317	0.94019914	0.84305567	0.7493958	0.6594058	0.57823825	0.5086529	0	0	0	0	0	0	0	0	0	0	0	
2	0	0.94961244	0.5499061	0	0	0	0	0	0	0	0	0	0	0	0	0	0	0	0	0	0	0	0	0	
2	0.5028703	1.0292372	1.0691919	1.0759993	0.99321854	0.8498182	0.79616845	0.73768044	0.6745415	0.6120986	0.5467478	0	0	0	0	0	0	0	0	0	0	0	0	0	
2	0.7300819	1.1734359	1.1817386	1.0183388	0.86584777	0.74896425	0.6671491	0.5954651	0.5272795	0	0	0	0	0	0	0	0	0	0	0	0	0	0	0	
2	0.7470177	1.2203112	1.2308836	1.2086413	1.111665	0.99174327	0.89075905	0.8065548	0.725455	0.65355486	0.5809953	0.5121612	0	0	0	0	0	0	0	0	0	0	0	0	
2	0.71824646	1.1453068	0.9022097	0.65538454	0.5538772	0	0	0	0	0	0	0	0	0	0	0	0	0	0	0	0	0	0	0	
2	0	0.5007476	0	0	0	0	0	0	0	0	0	0	0	0	0	0	0	0	0	0	0	0	0	0	
2	0.8719	1.2898054	1.2800918	1.2974619	1.2428328	1.1840035	1.1876928	1.1775125	1.1475323	1.097223	1.0263017	0.9464489	0.8564687	0.7669886	0.66946167	0.5743923	0	0	0	0	0	0	0	0	
2	0.72076446	1.1966012	0.99651134	0.7900815	0.6392259	0	0	0	0	0	0	0	0	0	0	0	0	0	0	0	0	0	0	0	
2	0	1.0225644	1.2274003	1.1954796	1.0944685	0.97750664	0.8653188	0.7548191	0.6522452	0.5974265	0.54621506	0	0	0	0	0	0	0	0	0	0	0	0	0	
2	0.78428435	1.2579136	1.2178187	1.1118138	1.0212599	0.9140886	0.8056318	0.7047925	0.6122287	0.5343961	0	0	0	0	0	0	0	0	0	0	0	0	0	0	
2	0	0.85313505	0.6108472	0	0	0	0	0	0	0	0	0	0	0	0	0	0	0	0	0	0	0	0	0	
2	0.82580304	1.2682121	1.2821052	1.289217	1.2353424	1.1767218	1.1208241	1.0535074	0.9701258	0.8807687	0.79058784	0.7074594	0.6368159	0.5679062	0.5026691	0	0	0	0	0	0	0	0	0	
2	0.73084533	1.2302985	1.0990175	0.93853056	0.81922275	0.7032817	0.59992516	0.51260996	0	0	0	0	0	0	0	0	0	0	0	0	0	0	0	0	
2	0.7348404	1.1845943	1.1642834	1.1211601	1.0656582	0.95280766	0.8418747	0.8015379	0.7521869	0.69932914	0.64154434	0.583283	0.5285056	0	0	0	0	0	0	0	0	0	0	0	
2	0	1.0714742	0.8402088	0.6418555	0.50854313	0	0	0	0	0	0	0	0	0	0	0	0	0	0	0	0	0	0	0	
2	0	0.54836696	0	0	0	0	0	0	0	0	0	0	0	0	0	0	0	0	0	0	0	0	0	0	
2	0.7665753	1.2484066	1.2188153	1.1778615	1.0713048	0.94928634	0.8348402	0.7258889	0.62740463	0.5510219	0	0	0	0	0	0	0	0	0	0	0	0	0	0	
2	0	0.8884243	0	0	0	0	0	0	0	0	0	0	0	0	0	0	0	0	0	0	0	0	0	0	
2	0.7206158	1.1756091	1.2820259	1.2511435	1.1802653	1.1092576	1.0341196	0.94834447	0.8477235	0.74834937	0.653526	0.5703275	0	0	0	0	0	0	0	0	0	0	0	0	
2	0	0.9336334	0.72080404	0.53316945	0	0	0	0	0	0	0	0	0	0	0	0	0	0	0	0	0	0	0	0	
2	0.6992803	1.2195749	1.2643827	1.2151079	1.1285166	1.042551	0.95594853	0.86415374	0.767591	0.67864114	0.59332633	0.5144418	0	0	0	0	0	0	0	0	0	0	0	0	
2	0.7005936	1.1774377	0.93614805	0.72940445	0.5983669	0	0	0	0	0	0	0	0	0	0	0	0	0	0	0	0	0	0	0	
2	0	0.6326304	0	0	0	0	0	0	0	0	0	0	0	0	0	0	0	0	0	0	0	0	0	0	
2	0.779461	1.2199337	1.2751971	1.2220651	1.180893	1.1213082	1.0479074	0.9646663	0.8664899	0.76884246	0.6689486	0.5931406	0.53048027	0	0	0	0	0	0	0	0	0	0	0	
2	0.6288116	1.1047869	0.8572055	0.6350903	0.5118722	0.507913	0	0	0	0	0	0	0	0	0	0	0	0	0	0	0	0	0	0	
2	0	0.67183954	0	0	0	0	0	0	0	0	0	0	0	0	0	0	0	0	0	0	0	0	0	0	
2	0.8749208	1.3033215	1.28834	1.3110039	1.2734332	1.2253116	1.1855471	1.1445621	1.0910422	1.0274898	0.9473453	0.85923964	0.77771616	0.69511646	0.61252415	0.53669304	0	0	0	0	0	0	0	0	
2	0.7847775	1.3011223	1.1856436	1.0734867	0.96245354	0.8276196	0.6945758	0.5868967	0	0	0	0	0	0	0	0	0	0	0	0	0	0	0	0	
2	0	1.0522748	0.7544543	0.558675	0	0	0	0	0	0	0	0	0	0	0	0	0	0	0	0	0	0	0	0	
2	0.7910036	1.2685261	1.2875452	1.2775009	1.2293736	1.1818469	1.1308495	1.0894873	1.0624022	1.0200983	0.9615285	0.894774	0.82242966	0.74798787	0.67425513	0.598051	0.5252262	0	0	0	0	0	0	0	
2	0.80063033	1.2664549	1.0848418	0.92422485	0.7752388	0.8493169	0.7530755	0.662412	0.5764757	0.50455654	0	0	0	0	0	0	0	0	0	0	0	0	0	0	
2	0.55481726	0.69794536	0.7107116	0.53778875	0	0	0	0	0	0	0	0	0	0	0	0	0	0	0	0	0	0	0	0	
2	0.829727	1.2965072	1.3163636	1.317764	1.2746383	1.2480588	1.2297498	1.2063382	1.1730076	1.1338267	1.0837029	1.0159639	0.94737655	0.85983306	0.77107143	0.681237	0.5870336	0.5015727	0	0	0	0	0	0	
2	0.73803675	1.253936	1.1058986	0.94042844	0.8053483	0.67593235	0.56938136	0	0	0	0	0	0	0	0	0	0	0	0	0	0	0	0	0	
2	0	0.8480377	0.5926364	0	0	0	0	0	0	0	0	0	0	0	0	0	0	0	0	0	0	0	0	0	
2	0.6985582	1.2340342	1.2704545	1.2167056	1.1220933	1.0217264	0.9162453	0.8174279	0.72278726	0.6389408	0.5547453	0	0	0	0	0	0	0	0	0	0	0	0	0	
2	0.5604088	1.0950314	0.8660282	0.6685503	0.53678393	0	0	0	0	0	0	0	0	0	0	0	0	0	0	0	0	0	0	0	
2	0.8093646	1.2694428	1.2902904	1.2714341	1.2131202	1.1553953	1.1080102	1.0726491	1.0160985	0.9484134	0.8648685	0.77462906	0.6922969	0.6157189	0.54433066	0	0	0	0	0	0	0	0	0	
2	0.7687297	1.2417779	1.0699065	0.89224124	0	0	0.5271805	0	0	0	0	0	0	0	0	0	0	0	0	0	0	0	0	0	
2	0	0.77462345	0.56995994	0	0	0	0	0	0	0	0	0	0	0	0	0	0	0	0	0	0	0	0	0	
2	0.85113305	1.291458	1.2778188	1.2964393	1.2493223	1.2004745	1.1550221	1.1001124	1.0327598	0.95447654	0.86547923	0.7718825	0.68731594	0.6104748	0.53732544	0	0	0	0	0	0	0	0	0	
2	0.83418053	1.2767241	1.1556382	1.0137979	0.8786443	0.7968489	0.7149272	0.63962704	0.5707042	0.5092778	0	0	0	0	0	0	0	0	0	0	0	0	0	0	
2	0.5681346	0.9760818	0.50828534	0	0	0	0	0	0	0	0	0	0	0	0	0	0	0	0	0	0	0	0	0	
2	0.663591	1.1664432	1.2490991	1.1971078	1.0984297	0.97994566	0.90011615	0.8368048	0.769297	0.703662	0.63404846	0.5651092	0.5021708	0	0	0	0	0	0	0	0	0	0	0	
2	0.77865237	1.2468494	1.192426	1.0663782	0.9517161	0.8193804	0.69318765	0.5872749	0.5007268	0	0	0	0	0	0	0	0	0	0	0	0	0	0	0	
2	0	0.86159664	0	0	0	0	0	0	0	0	0	0	0	0	0	0	0	0	0	0	0	0	0	0	
2	0.77848256	1.2519124	1.2598405	1.2261654	1.1409621	1.0416589	0.95100653	0.8738919	0.795243	0.7213746	0.64770067	0.5751014	0.50862586	0	0	0	0	0	0	0	0	0	0	0	
2	0.78370196	1.2046467	1.0216855	0.81704533	0.70955694	0.6285025	0.5538076	0	0	0	0	0	0	0	0	0	0	0	0	0	0	0	0	0	
2	0	0.63787645	0	0	0	0	0	0	0	0	0	0	0	0	0	0	0	0	0	0	0	0	0	0	
2	0.73102313	1.2215563	1.2004049	1.1639264	1.1317089	1.0350206	0.9133715	0.82550573	0.77558535	0.73270607	0.6885905	0.63677454	0.5799716	0.5139844	0	0	0	0	0	0	0	0	0	0	
2	0.80805206	1.2847947	1.2478267	1.160977	1.0888723	0.993334	0.8863634	0.7759641	0.6661696	0.5723089	0	0	0	0	0	0	0	0	0	0	0	0	0	0	
2	0.61955255	0.6241227	0.57961303	0	0	0	0	0	0	0	0	0	0	0	0	0	0	0	0	0	0	0	0	0	
2	0.538889	0.9619956	0.9218631	0.7704062	0.63128936	0.60360396	0.57957554	0.54996866	0.5098134	0	0	0	0	0	0	0	0	0	0	0	0	0	0	0	
2	0.6486866	1.1430689	0.9820413	0.7765895	0.6351045	0.5064917	0	0	0	0	0	0	0	0	0	0	0	0	0	0	0	0	0	0	
2	0	0.5201185	0	0	0	0	0	0	0	0	0	0	0	0	0	0	0	0	0	0	0	0	0	0	
2	0.74325794	1.2610146	1.2097479	1.1377215	1.0660264	0.9694164	0.86762565	0.78185815	0.72564495	0.67110264	0.6189494	0.56436986	0.51087505	0	0	0	0	0	0	0	0	0	0	0	
2	0.6544637	1.2297543	0	0	0	0	0	0	0	0	0	0	0	0	0	0	0	0	0	0	0	0	0	0	
2	0.68256885	1.1806619	1.0621933	0.8683592	0.7137796	0.72003716	0.70451874	0.66399705	0.60777885	0.5546248	0.5000869	0	0	0	0	0	0	0	0	0	0	0	0	0	
2	0	0.66555256	0.50580543	0	0	0	0	0	0	0	0	0	0	0	0	0	0	0	0	0	0	0	0	0	
2	0.73738545	1.2671285	1.2200774	1.1139256	1.0148352	0.93900406	0.875011	0.80422056	0.73234886	0.6739623	0.6168797	0.5581965	0.50542927	0	0	0	0	0	0	0	0	0	0	0	
2	0.56150204	0.98393637	0.7284237	0.55777586	0	0	0	0	0	0	0	0	0	0	0	0	0	0	0	0	0	0	0	0	
2	0.71872854	1.2900764	1.2358481	1.1550947	1.0814275	0.98081017	0.87007624	0.75633746	0.6672606	0.59796715	0.5519741	0.50631684	0	0	0	0	0	0	0	0	0	0	0	0	
2	0.67286634	1.2341359	1.0668565	0.88402337	0	0	0	0	0	0	0	0	0	0	0	0	0	0	0	0	0	0	0	0	
2	0	0.5133592	0.5067901	0	0	0	0	0	0	0	0	0	0	0	0	0	0	0	0	0	0	0	0	0	
2	0.7542222	1.2603292	1.2233003	1.1225727	1.0809361	0.9837068	0.86505175	0.74321914	0.6753056	0.62226033	0.56465346	0.515508	0	0	0	0	0	0	0	0	0	0	0	0	
2	0.7393088	1.0508007	0.73835355	0.5536882	0	0	0	0	0	0	0	0	0	0	0	0	0	0	0	0	0	0	0	0	
2	0	0.57694674	0	0	0	0	0	0	0	0	0	0	0	0	0	0	0	0	0	0	0	0	0	0	
2	0.6505538	1.21825	1.202507	1.0652531	0.97640485	0.85591274	0.8122141	0.7661098	0.71505046	0.659614	0.5935332	0.5347727	0	0	0	0	0	0	0	0	0	0	0	0	
2	0.73256975	1.2526342	1.1925735	1.0662235	0.94787675	0.8070652	0.67344445	0.5646557	0	0	0	0	0	0	0	0	0	0	0	0	0	0	0	0	
2	0	0.53404224	0.59716034	0	0	0	0	0	0	0	0	0	0	0	0	0	0	0	0	0	0	0	0	0	
2	0.57977265	1.1338171	1.0554621	0.9548315	0.85109013	0.7300328	0.6229707	0.5597565	0.51459086	0	0	0	0	0	0	0	0	0	0	0	0	0	0	0	
2	0.647508	1.1360643	0.9880489	0.8400236	0.70420563	0.5699266	0	0	0	0	0	0	0	0	0	0	0	0	0	0	0	0	0	0	
2	0.6865886	1.1924047	1.0898325	0.90940756	0.746868	0.61653566	0.57524675	0.5332405	0	0	0	0	0	0	0	0	0	0	0	0	0	0	0	0	
2	0.66178375	0.67426074	0.5069488	0	0	0	0	0	0	0	0	0	0	0	0	0	0	0	0	0	0	0	0	0	
2	0	0.5905442	0	0	0	0	0	0	0	0	0	0	0	0	0	0	0	0	0	0	0	0	0	0	
2	0.71144485	1.2292209	1.250153	1.1676408	1.0603243	0.9476479	0.84339994	0.7888578	0.74102366	0.68856394	0.62308353	0.55550563	0	0	0	0	0	0	0	0	0	0	0	0	
2	0.7458378	1.2108521	1.0301045	0.82318956	0.68702716	0.5925683	0.51360905	0	0	0	0	0	0	0	0	0	0	0	0	0	0	0	0	0	
2	0	0.7421358	0.54052293	0	0	0	0	0	0	0	0	0	0	0	0	0	0	0	0	0	0	0	0	0	
2	0.5833343	1.0824264	0.9733373	0.81813836	0.73726344	0.6930368	0.6106383	0.5588677	0.51666975	0	0	0	0	0	0	0	0	0	0	0	0	0	0	0	
2	0	0.5510284	0	0	0	0	0	0	0	0	0	0	0	0	0	0	0	0	0	0	0	0	0	0	
2	0.7816279	1.2712407	1.2092075	1.096349	0.9907726	0.88017786	0.78261703	0.6921322	0.6075896	0.59804964	0.57943803	0.5476174	0.5118247	0	0	0	0	0	0	0	0	0	0	0	
2	0.7482617	1.2443949	0.7412497	0.5820517	0.802417	0.65528494	0.5395279	0	0	0	0	0	0	0	0	0	0	0	0	0	0	0	0	0	
2	0	0.7319311	0	0	0	0	0	0	0	0	0	0	0	0	0	0	0	0	0	0	0	0	0	0	
2	0.6561895	1.1742402	1.0291415	0.8363609	0.8159758	0.7986206	0.75424814	0.68807125	0.6056832	0.5272303	0	0	0	0	0	0	0	0	0	0	0	0	0	0	
2	0.66292	0.7417966	1.059127	0.87135834	0.71318984	0.588527	0	0	0	0	0	0	0	0	0	0	0	0	0	0	0	0	0	0	
2	0	0.9642135	0.8175649	0.71634084	0.6866767	0.67126375	0.6469507	0.61370194	0.5616925	0	0	0	0	0	0	0	0	0	0	0	0	0	0	0	
2	0.72984207	1.29273	1.2761444	1.2348173	1.1747179	1.108383	1.0329853	0.9467462	0.84845024	0.7586087	0.6720046	0.59243053	0.5232589	0	0	0	0	0	0	0	0	0	0	0	
2	0.71157	1.252709	1.1679277	0.64263195	0	0	0	0	0	0	0	0	0	0	0	0	0	0	0	0	0	0	0	0	
2	0	0.76809794	0	0	0	0	0	0	0	0	0	0	0	0	0	0	0	0	0	0	0	0	0	0	
2	0.51661193	1.0753691	0.9943946	0.93861616	0.9150726	0.88193953	0.8366014	0.76617163	0.69312465	0.6375433	0.58171797	0.5259796	0	0	0	0	0	0	0	0	0	0	0	0	
2	0.72901195	1.2912697	1.2440088	1.1797385	1.1031861	1.0162942	0.9190207	0.82026964	0.7210919	0.6318391	0.5485786	0	0	0	0	0	0	0	0	0	0	0	0	0	
2	0	0.76913965	0.5687789	0	0	0	0	0	0	0	0	0	0	0	0	0	0	0	0	0	0	0	0	0	
2	0	0.5301056	0	0	0	0	0	0	0	0	0	0	0	0	0	0	0	0	0	0	0	0	0	0	
2	0.5304536	1.0436904	0.8666744	0.7213886	0.66515017	0.6008705	0.5425699	0	0	0	0	0	0	0	0	0	0	0	0	0	0	0	0	0	
2	0	0.5920286	0	0	0	0	0	0	0	0	0	0	0	0	0	0	0	0	0	0	0	0	0	0	
2	0	0.7473904	0.75793153	0.72209686	0.69920456	0.6703104	0.63714015	0.5970816	0.54664403	0	0	0	0	0	0	0	0	0	0	0	0	0	0	0	
2	0.6648874	1.1696937	1.036668	0.83319736	0.674142	0.5563375	0	0	0	0	0	0	0	0	0	0	0	0	0	0	0	0	0	0	
2	0	0.64991385	0	0	0	0	0	0	0	0	0	0	0	0	0	0	0	0	0	0	0	0	0	0	
2	0.7351735	1.2683355	1.2149081	1.1477504	1.0831074	0.9947388	0.89931744	0.8062784	0.7152163	0.6530321	0.6074304	0.5624085	0.5156555	0	0	0	0	0	0	0	0	0	0	0	
2	0.6318557	1.0491638	0.7703617	0.5502107	0	0	0	0	0	0	0	0	0	0	0	0	0	0	0	0	0	0	0	0	
2	0	0.73812616	0.52823573	0	0	0	0	0	0	0	0	0	0	0	0	0	0	0	0	0	0	0	0	0	
2	0.64904916	1.1830276	1.176293	1.0576613	0.9326998	0.80102515	0.6801303	0.57780594	0	0	0	0	0	0	0	0	0	0	0	0	0	0	0	0	
2	0.7026712	1.1932688	0.89745563	0.72314906	0.5951305	0	0	0	0	0	0	0	0	0	0	0	0	0	0	0	0	0	0	0	
2	0	0.5483145	0	0	0	0	0	0	0	0	0	0	0	0	0	0	0	0	0	0	0	0	0	0	
2	0.7014025	1.1857809	1.1202072	0.9275319	0.7888154	0.6716949	0.5784409	0.5250586	0.5347166	0.5412467	0.5404849	0.5266388	0.5008757	0	0	0	0	0	0	0	0	0	0	0	
2	0	0.67429274	0.5268678	0	0	0	0	0	0	0	0	0	0	0	0	0	0	0	0	0	0	0	0	0	
2	0.68597806	1.1657395	1.0931023	0.9303088	0.7727923	0.65267015	0.55859953	0	0	0	0	0	0	0	0	0	0	0	0	0	0	0	0	0	
2	0	1.0926199	0.89340276	0.69810915	0.5589841	0	0	0	0	0	0	0	0	0	0	0	0	0	0	0	0	0	0	0	
2	0.69349664	1.191899	1.1236566	0.94930714	0.88358825	0.7769124	0.7077642	0.6333753	0.60376704	0.5642238	0.51480293	0	0	0	0	0	0	0	0	0	0	0	0	0	
2	0	1.1224692	0.62387353	0	0	0	0	0	0	0	0	0	0	0	0	0	0	0	0	0	0	0	0	0	
2	0.76795363	1.2184757	1.1658722	1.1614878	1.1205913	1.0317991	0.9212934	0.80642337	0.74246925	0.67461944	0.59788215	0.51762253	0	0	0	0	0	0	0	0	0	0	0	0	
2	0.7478204	1.241913	1.1897324	1.0527687	0.9350661	0.7992947	0.67822194	0.5789512	0	0	0	0	0	0	0	0	0	0	0	0	0	0	0	0	
2	0	0.5674358	0	0	0	0	0	0	0	0	0	0	0	0	0	0	0	0	0	0	0	0	0	0	
2	0.647649	1.1246225	1.0438727	0.91172254	0.81518686	0.70300585	0.5952664	0.50024164	0	0	0	0	0	0	0	0	0	0	0	0	0	0	0	0	
2	0.6460191	1.1791509	1.0483564	0.84039414	0.68657166	0.5586598	0	0	0	0	0	0	0	0	0	0	0	0	0	0	0	0	0	0	
2	0.8291471	1.2716484	1.3121343	1.2735577	1.241744	1.2185441	1.1939259	1.1657119	1.1195917	1.0637112	0.9934839	0.90888536	0.8251832	0.73667	0.64898807	0.5661128	0	0	0	0	0	0	0	0	
2	0.8440619	1.2725585	1.2636203	1.1803583	1.1138964	1.0264269	0.92453945	0.8149407	0.7022502	0.610612	0.53025705	0	0	0	0	0	0	0	0	0	0	0	0	0	
2	0	0	0.5516603	0	0	0	0	0	0	0	0	0	0	0	0	0	0	0	0	0	0	0	0	0	
2	0.82300764	1.2786314	1.2872441	1.2901046	1.2381458	1.1862539	1.1344475	1.0720396	0.993364	0.91762036	0.84073085	0.76665896	0.69491607	0.620631	0.5912242	0.5711805	0.5394218	0.5008287	0	0	0	0	0	0	
2	0	0.8842779	0.7970029	0.609103	0	0	0	0	0	0	0	0	0	0	0	0	0	0	0	0	0	0	0	0	
2	0.7805193	1.2352246	1.1867051	1.0883938	1.0144433	0.884967	0.74889797	0.6371228	0.57931185	0.527631	0	0	0	0	0	0	0	0	0	0	0	0	0	0	
2	0.68511784	0.98326886	0.7635705	0.5864642	0	0	0	0	0	0	0	0	0	0	0	0	0	0	0	0	0	0	0	0	
2	0.78155804	1.2456442	1.2687052	1.2896298	1.2401118	1.1832967	1.1301073	1.0673301	0.98916686	0.9037558	0.8115646	0.7200821	0.63755167	0.56102335	0	0	0	0	0	0	0	0	0	0	
2	0	0.60491073	0	0	0	0	0	0	0	0	0	0	0	0	0	0	0	0	0	0	0	0	0	0	
2	0.5169646	1.0609745	1.2456148	1.1966807	1.1673868	1.1017792	1.0203633	0.92684394	0.8174709	0.7490807	0.67496824	0.5999205	0.5295603	0	0	0	0	0	0	0	0	0	0	0	
2	0.7991918	1.2411858	1.2256274	1.1042734	1.0010974	0.8789005	0.75325763	0.6384768	0.53739506	0	0	0	0	0	0	0	0	0	0	0	0	0	0	0	
2	0	0.8843719	0	0	0	0	0	0	0	0	0	0	0	0	0	0	0	0	0	0	0	0	0	0	
2	0.5176002	1.0576015	1.2721939	1.2584825	1.1889398	1.1128345	1.0316035	0.94259465	0.8670153	0.79709625	0.7219016	0.6484971	0.5812278	0.53799033	0.53648955	0.50648874	0	0	0	0	0	0	0	0	
2	0.813826	1.2633433	1.2481946	1.2027243	1.1190677	1.0181369	0.93301165	0.8519034	0.7635602	0.67805666	0.601464	0.5309525	0	0	0	0	0	0	0	0	0	0	0	0	
2	0.54043674	0.9720157	0	0	0	0	0	0	0	0	0	0	0	0	0	0	0	0	0	0	0	0	0	0	
2	0.84866506	1.284523	1.2867415	1.2961032	1.2398311	1.1903985	1.1881578	1.1739211	1.1389785	1.0872624	1.0171702	0.9289552	0.8468237	0.7518696	0.6599243	0.5757299	0	0	0	0	0	0	0	0	
2	0.72028625	0.80176413	0.5956156	0.56355536	0	0	0	0	0	0	0	0	0	0	0	0	0	0	0	0	0	0	0	0	
2	0	0.59467024	0.5734078	0	0	0	0	0	0	0	0	0	0	0	0	0	0	0	0	0	0	0	0	0	
2	0.75855696	1.2514275	1.2589922	1.2786971	1.2236321	1.1567085	1.0924273	1.020016	0.9296344	0.83423406	0.7382442	0.6539474	0.5778262	0.50585634	0	0	0	0	0	0	0	0	0	0	
2	0.79720837	1.2557867	1.0798182	0.8869365	0.72658926	0	0.67392254	0.5796858	0	0	0	0	0	0	0	0	0	0	0	0	0	0	0	0	
2	0	0.5681066	0	0	0	0	0	0	0	0	0	0	0	0	0	0	0	0	0	0	0	0	0	0	
2	0.82959247	1.2819457	1.2681253	1.2613107	1.1923548	1.1038367	1.0135411	0.9143487	0.8222045	0.7420354	0.6791335	0.61721176	0.5570245	0	0	0	0	0	0	0	0	0	0	0	
2	0.75689983	1.2428461	1.1041173	0.94661283	0.8177557	0.68864053	0.5796293	0	0	0	0	0	0	0	0	0	0	0	0	0	0	0	0	0	
2	0	0.6278861	0	0	0	0	0	0	0	0	0	0	0	0	0	0	0	0	0	0	0	0	0	0	
2	0.86921984	1.3008665	1.3253659	1.3208386	1.2762057	1.2407123	1.2296613	1.2187208	1.1945571	1.1601561	1.1148227	1.0563623	0.9884966	0.90324897	0.8139429	0.71264166	0.6094735	0.51781124	0	0	0	0	0	0	
2	0.80303043	1.2836766	1.2168553	1.1003042	0.9975588	0.86852634	0.7368682	0.6300073	0.5428637	0	0	0	0	0	0	0	0	0	0	0	0	0	0	0	
2	0	0	0.670051	0.5034445	0	0	0	0	0	0	0	0	0	0	0	0	0	0	0	0	0	0	0	0	
2	0.8790355	1.2967433	1.3080654	1.3337511	1.2985297	1.2692367	1.2554371	1.2430719	1.2264006	1.2043842	1.1734548	1.1321836	1.0915004	1.0254011	0.95427245	0.8738447	0.7685109	0.66853446	0.55547446	0	0	0	0	0	
2	0.88390905	1.3063465	1.2511543	1.1838003	1.1223727	1.0374159	0.9379573	0.830369	0.7166404	0.61548775	0	0	0	0	0	0	0	0	0	0	0	0	0	0	
2	0.689113	1.195862	1.2306887	1.2879449	1.2430372	1.1724855	1.1054738	1.0368314	0.9522805	0.864084	0.7737202	0.696374	0.635127	0.5603797	0	0	0	0	0	0	0	0	0	0	
2	0	0.64604086	0.69061154	0.5552956	0	0	0	0	0	0	0	0	0	0	0	0	0	0	0	0	0	0	0	0	
2	0	0.5178931	0	0	0	0	0	0	0	0	0	0	0	0	0	0	0	0	0	0	0	0	0	0	
