0	0.8783418	1.2722523	1.1969477	1.1756365	1.1821204	1.1801504	1.1496432	1.0882728	1.0053184	0.92702633	0.8546995	0.78358734	0.71512336	0.64026463	0.56941324	0	0	0	0	0	0	0	0	0	
0	0	1.0486659	0	0	0	0	0	0	0	0	0	0	0	0	0	0	0	0	0	0	0	0	0	0	
0	0.86277366	1.2573266	1.2329991	1.1854274	1.1925328	1.1942995	1.1703097	1.1213334	1.0508286	0.9722966	0.8828608	0.79336274	0.7144924	0.6367147	0.556547	0	0	0	0	0	0	0	0	0	
0	0	0.64227015	0.5842073	0.5271934	0	0	0	0	0	0	0	0	0	0	0	0	0	0	0	0	0	0	0	0	
0	0.8573295	1.2695203	1.2418717	1.1794086	1.1834418	1.1775303	1.1415167	1.080944	0.9985132	0.9095812	0.814393	0.7271245	0.65222704	0.58035755	0.50893444	0	0	0	0	0	0	0	0	0	
0	0.8831376	1.1947688	1.1065955	1.0821496	1.0608666	1.0029477	0.90902454	0.80226564	0.69717485	0.61006	0.53358763	0	0	0	0	0	0	0	0	0	0	0	0	0	
0	0.8199696	1.2697496	1.1933383	1.1602584	1.1567655	1.1341289	1.077571	0.9955968	0.89872164	0.8049165	0.7059156	0.6120187	0.52955467	0	0	0	0	0	0	0	0	0	0	0	
0	0.8659775	0.5648822	0	0	0	0	0	0	0	0	0	0	0	0	0	0	0	0	0	0	0	0	0	0	
0	0.8088707	1.2576712	1.1758226	1.1447394	1.1388203	0	1.0467409	0.9600262	0.86229897	0.770903	0.67742413	0.5921049	0.51633024	0	0	0	0	0	0	0	0	0	0	0	
0	0.8866244	1.2232988	0	0	0	1.1105857	0	0	0	0	0	0	0	0	0	0	0	0	0	0	0	0	0	0	
0	0.802482	1.2474992	1.1571959	1.1313562	1.1233343	1.0878773	1.016826	0.9268224	0.82633287	0.7373753	0.64768386	0.5623933	0	0	0	0	0	0	0	0	0	0	0	0	
0	0.88441527	0	0	0	0	0	0	0	0	0	0	0	0	0	0	0	0	0	0	0	0	0	0	0	
0	0.7485515	1.1898357	1.1776254	1.1518646	1.1471999	0	1.061878	0.97334003	0	0.76555914	0.67075104	0.5884199	0.51348615	0	0	0	0	0	0	0	0	0	0	0	
0	0.88093215	1.2598972	1.1805866	0	0	1.1223764	0	0	0.86908025	0	0	0	0	0	0	0	0	0	0	0	0	0	0	0	
0	0.8795202	1.2649839	1.1888511	1.1516553	1.1475847	1.123256	1.0636668	0.97732335	0.8773849	0.77912754	0.6790264	0.5831438	0.5088235	0	0	0	0	0	0	0	0	0	0	0	
0	0.891303	1.2623924	1.1812538	1.1366764	1.1275133	1.092749	1.0207082	0.92573977	0.82199484	0.7227896	0.6292321	0.542434	0	0	0	0	0	0	0	0	0	0	0	0	
0	0.7872855	1.1383413	1.1268798	1.1076386	1.0939438	1.0488977	0.97005206	0.87759614	0.78317875	0.7016756	0.621177	0.551018	0	0	0	0	0	0	0	0	0	0	0	0	
0	0.8788671	1.2260623	0	0	0	0	0	0	0	0	0	0	0	0	0	0	0	0	0	0	0	0	0	0	
0	0.8364701	1.276855	1.1973612	1.1478041	1.140269	1.1090679	1.0440896	0.95884585	0.86694175	0.78109825	0.6953061	0.61159915	0.5383113	0	0	0	0	0	0	0	0	0	0	0	
0	0.87097967	0	0	0	0	0	0	0	0	0	0	0	0	0	0	0	0	0	0	0	0	0	0	0	
0	0.8838622	1.2718858	1.1958752	1.1506023	1.1375484	1.1066227	1.039868	0.948699	0.8455606	0.74465907	0.6473551	0.5554746	0	0	0	0	0	0	0	0	0	0	0	0	
0	0.87263685	1.2648834	1.1820773	1.1286656	1.115663	1.0763603	1.0004026	0.9035907	0.80139565	0.7067663	0.61898434	0.5385561	0	0	0	0	0	0	0	0	0	0	0	0	
0	0.87710357	1.255615	1.1673474	1.1270536	1.1186535	1.0822961	1.0107266	0.91960156	0.81938094	0.7311929	0.6432811	0.5609537	0	0	0	0	0	0	0	0	0	0	0	0	
0	0.86815184	1.2656789	1.1812001	1.1374266	1.1309773	1.0992771	1.0324129	0.94443184	0.8481368	0.7559799	0.6690126	0.5847429	0.5103525	0	0	0	0	0	0	0	0	0	0	0	
0	0.8582724	1.2582952	1.1648982	1.1332127	1.1264006	1.0935061	1.0254865	0.9375484	0.84454864	0.75902283	0.6760274	0.59582853	0.5248998	0	0	0	0	0	0	0	0	0	0	0	
0	0.8769707	1.2687299	1.1903617	1.1410794	1.1318926	1.1014521	1.0353719	0.9475958	0.849591	0.7600884	0.6706627	0.5856133	0.5145366	0	0	0	0	0	0	0	0	0	0	0	
0	0.86736983	1.280973	1.2089155	1.1627219	1.1467838	1.1192415	1.0585039	0.97531205	0.8768063	0.78213227	0.68524253	0.5949202	0.51576316	0	0	0	0	0	0	0	0	0	0	0	
0	0.8649387	1.2548182	1.1616514	1.1288364	1.1187555	1.0805714	1.0057393	0.9096361	0.8079172	0.71355003	0.62597483	0.5460872	0	0	0	0	0	0	0	0	0	0	0	0	
0	0.8645256	1.2624148	1.1771333	1.1320515	1.1248541	1.0905694	1.020595	0.9312584	0.83121496	0.7438146	0.656284	0.5741492	0.50587445	0	0	0	0	0	0	0	0	0	0	0	
0	0.87852526	1.2484872	1.1572975	1.1209754	1.1107147	1.073063	0.9992685	0.90549594	0.8069212	0.7158329	0.6330785	0.5558023	0	0	0	0	0	0	0	0	0	0	0	0	
0	0.8605002	1.2438452	1.1405026	1.1210184	1.1113818	1.0720737	0.99826634	0.9070714	0.8132455	0.7278097	0.64780855	0.5712133	0.503153	0	0	0	0	0	0	0	0	0	0	0	
0	0.6512735	1.00989	0.9993731	0.9785772	0.9448483	0.8744868	0.78082335	0.686893	0.60328764	0.533164	0	0	0	0	0	0	0	0	0	0	0	0	0	0	
0	0.7861528	1.0921135	0	0	0	0	0	0	0	0	0	0	0	0	0	0	0	0	0	0	0	0	0	0	
0	0.860572	1.307318	1.2897615	1.2066418	1.1849798	1.1735759	1.1357833	1.0756816	0.9968794	0.9147413	0.8209702	0.7260106	0.63663167	0.5474303	0	0	0	0	0	0	0	0	0	0	
0	0	0.67586243	0	0	0	0	0	0	0	0	0	0	0	0	0	0	0	0	0	0	0	0	0	0	
0	0.86322564	1.3113647	1.2911433	1.2097192	1.1910436	1.1806804	1.1455761	1.0897083	1.0158317	0.9391105	0.84900856	0.7613178	0.67378604	0.5870182	0.5085618	0	0	0	0	0	0	0	0	0	
0	0	0.68819374	0.60575956	0	0.50288475	0	0	0	0	0	0	0	0	0	0	0	0	0	0	0	0	0	0	0	
0	0.86532915	1.2866063	1.2149512	1.1652715	1.1536232	1.1265241	1.0674531	0.98481333	0.8882531	0.7912563	0.6957362	0.6011004	0.5323047	0	0	0	0	0	0	0	0	0	0	0	
0	0.8774119	1.2543392	1.1634135	1.1289037	1.1185309	1.0808029	1.0087513	0.918085	0.81936824	0.73164636	0.6441089	0.5649122	0	0	0	0	0	0	0	0	0	0	0	0	
0	0.88391274	1.2069407	1.1059113	1.0874193	1.073001	1.0250063	0.94405985	0.8501332	0.75713676	0.67579716	0.6011823	0.53353924	0	0	0	0	0	0	0	0	0	0	0	0	
0	0.88453525	1.255462	1.1669691	1.1286896	1.1199689	1.0837095	1.0096548	0.9131084	0.8079014	0.7100612	0.6174978	0.53282326	0	0	0	0	0	0	0	0	0	0	0	0	
0	0.86864173	1.2413403	1.1336597	1.1128044	1.1018451	1.0603297	0.9827833	0.8875381	0.7891152	0.7009031	0.6187903	0.54541135	0	0	0	0	0	0	0	0	0	0	0	0	
0	0.8772911	1.2706378	1.1922741	1.1463151	1.137953	1.1066116	1.0396585	0.9487063	0.84656656	0.74686164	0.650197	0.55836797	0	0	0	0	0	0	0	0	0	0	0	0	
0	0.8724453	1.2820177	1.2110268	1.1648561	1.1546171	1.1288882	1.0715382	0.9902025	0.89560634	0.8020572	0.7074194	0.61386746	0.5334994	0	0	0	0	0	0	0	0	0	0	0	
0	0	0.52134854	0	0	0	0	0	0	0	0	0	0	0	0	0	0	0	0	0	0	0	0	0	0	
0	0.8775048	1.2620356	1.1774862	1.1445802	1.1360451	1.1037191	1.034115	0.93946725	0.83179075	0.7288686	0.627736	0.5353156	0	0	0	0	0	0	0	0	0	0	0	0	
0	0.8716479	1.2813858	1.2079465	1.1589334	1.1520154	1.1244919	1.0638689	0.9780803	0.8766478	0.7748899	0.6728653	0.5840889	0.510711	0	0	0	0	0	0	0	0	0	0	0	
0	0	0.5172277	0	0	0	0	0	0	0	0	0	0	0	0	0	0	0	0	0	0	0	0	0	0	
0	0.8813845	1.27255	1.1957449	1.1511278	1.1421199	1.1113815	1.046411	0.9595508	0.85878074	0.7656977	0.6696795	0.5801149	0.504211	0	0	0	0	0	0	0	0	0	0	0	
0	0.8805026	1.2613262	1.1802735	1.1468537	1.1369039	1.1043731	1.0376134	0.94683474	0.84208626	0.74241054	0.6426957	0.5516505	0	0	0	0	0	0	0	0	0	0	0	0	
0	0.86381906	1.1832572	1.0677009	1.0509048	1.0327028	0.9804598	0.8994669	0.80916786	0.7200272	0.64190406	0.5673692	0.50024897	0	0	0	0	0	0	0	0	0	0	0	0	
0	0.8906859	1.2396746	1.1466764	1.1210595	1.1087625	1.0663244	0.9879837	0.8915147	0.78818315	0.698883	0.61407566	0.5373779	0	0	0	0	0	0	0	0	0	0	0	0	
0	0.8871329	1.2648804	1.1820307	1.1349941	1.1234617	1.084416	1.0098485	0.9158904	0.8123315	0.7190441	0.629077	0.5469504	0	0	0	0	0	0	0	0	0	0	0	0	
0	0.8873598	1.2445507	1.1462014	1.1218052	1.1100236	1.0690032	0.9926981	0.8980737	0.8004282	0.71129453	0.63077253	0.5569802	0	0	0	0	0	0	0	0	0	0	0	0	
0	0.89405376	1.235449	1.138533	1.1176693	1.1083049	1.0682551	0.9921861	0.8981634	0.79683936	0.71052927	0.6264117	0.5492378	0	0	0	0	0	0	0	0	0	0	0	0	
0	0.8902101	1.2311016	1.1381855	1.1157901	1.1025616	1.0587926	0.9801753	0.885139	0.7867539	0.6988278	0.6146655	0.54051405	0	0	0	0	0	0	0	0	0	0	0	0	
0	0.8946273	1.2212725	1.1187477	1.0987742	1.0859544	1.0411211	0.9600931	0.8636001	0.76382595	0.67986315	0.5995877	0.5263455	0	0	0	0	0	0	0	0	0	0	0	0	
0	0.89487296	1.204047	1.1045105	1.0847993	1.068548	1.0181357	0.9354209	0.8409379	0.74837595	0.6684716	0.59489214	0.5292798	0	0	0	0	0	0	0	0	0	0	0	0	
0	0.8982297	1.2103927	1.1001799	1.0828131	1.0689133	1.022447	0.94404835	0.8549102	0.76435983	0.68969667	0.6155448	0.5464849	0	0	0	0	0	0	0	0	0	0	0	0	
0	0.8830208	1.1858977	1.0798686	1.0629556	1.045536	0.9936657	0.91184527	0.82088053	0.73195165	0.6558396	0.5826013	0.5175803	0	0	0	0	0	0	0	0	0	0	0	0	
0	0.87193775	1.1697712	1.0651103	1.0482764	1.0303606	0.97901917	0.89924794	0.81207645	0.7262231	0.65071726	0.57788515	0.5082772	0	0	0	0	0	0	0	0	0	0	0	0	
0	0.86481833	1.2821529	1.2143823	1.1755615	1.1617312	1.1374366	1.0823354	1.0030023	0.90727675	0.81443363	0.71619505	0.62186754	0.5392999	0	0	0	0	0	0	0	0	0	0	0	
0	0	0.5605763	0	0	0	0	0	0	0	0	0	0	0	0	0	0	0	0	0	0	0	0	0	0	
0	0.8963373	1.2216212	1.1349787	1.110359	1.0950073	1.0473981	0.9661147	0.8701802	0.77322966	0.6875187	0.60954857	0.5383616	0	0	0	0	0	0	0	0	0	0	0	0	
0	0.5563599	0.9414337	0.90794474	0.86401314	0.8037681	0.70315325	0.6251889	0.55203515	0	0	0	0	0	0	0	0	0	0	0	0	0	0	0	0	
0	0.84079885	0.97792876	0.7704945	0.59668195	0	0	0	0	0	0	0	0	0	0	0	0	0	0	0	0	0	0	0	0	
0	0.8600465	1.2273872	1.1496229	1.122243	1.1074207	1.0632049	0.98532474	0.89154166	0.79184633	0.70569485	0.62246346	0.54581684	0	0	0	0	0	0	0	0	0	0	0	0	
0	0.8939742	1.1984094	0.9392854	0	0	0	0	0	0	0	0	0	0	0	0	0	0	0	0	0	0	0	0	0	
0	0	0.5765998	0.6133545	0.5916747	0.5634155	0.523241	0	0	0	0	0	0	0	0	0	0	0	0	0	0	0	0	0	0	
0	0.8873624	1.2512685	1.160338	1.1310959	1.1170503	1.0758463	0.99866724	0.9016621	0.7961771	0.70284367	0.61244464	0.5313348	0	0	0	0	0	0	0	0	0	0	0	0	
0	0.54633665	1.1829866	1.1660296	1.1370801	1.1239413	0	1.0077623	0.9125227	0.8075479	0.7128722	0.621935	0.5395288	0	0	0	0	0	0	0	0	0	0	0	0	
0	0.88377106	1.2571881	1.1662362	0	0	1.0834187	0	0	0	0	0	0	0	0	0	0	0	0	0	0	0	0	0	0	
0	0.505628	1.0103827	1.1232282	1.1015825	1.0855498	0	0.95957774	0.8688331	0.77618873	0.6981414	0.6207914	0.5505826	0	0	0	0	0	0	0	0	0	0	0	0	
0	0.8707058	1.2225696	0	0	0	1.0386493	0	0	0	0	0	0	0	0	0	0	0	0	0	0	0	0	0	0	
0	0.83669484	0.9609175	0.9085266	0.87052995	0.8163224	0.7273277	0.6543245	0.58520085	0.51898575	0	0	0	0	0	0	0	0	0	0	0	0	0	0	0	
0	0.8936166	1.2295341	1.138463	1.1152427	1.1029986	1.0606174	0.98198944	0.88624084	0.78539	0.698119	0.6135532	0.53650284	0	0	0	0	0	0	0	0	0	0	0	0	
0	0.6737984	0.8959244	0.8580795	0.80345124	0.7280104	0.6215551	0.5319051	0	0	0	0	0	0	0	0	0	0	0	0	0	0	0	0	0	
0	0.8969449	1.2095435	1.1079358	1.0875765	1.0728748	1.02536	0.94464284	0.84925246	0.7523985	0.6646493	0.5820221	0.5074103	0	0	0	0	0	0	0	0	0	0	0	0	
0	0	0.5374124	0	0	0	0	0	0	0	0	0	0	0	0	0	0	0	0	0	0	0	0	0	0	
0	0.8534255	1.102005	1.0105568	0.9876724	0.95859116	0.89448225	0.80545634	0.7140471	0.62790155	0.5538592	0	0	0	0	0	0	0	0	0	0	0	0	0	0	
0	0.74708146	1.0420034	0.9670319	0.93395907	0.88536155	0.7990476	0.7109121	0.63023597	0.55697703	0	0	0	0	0	0	0	0	0	0	0	0	0	0	0	
0	0.8685273	1.0485624	0.97936225	0.9560033	0.9231678	0.8553232	0.76671344	0.67881507	0.59720224	0.5271994	0	0	0	0	0	0	0	0	0	0	0	0	0	0	
0	0.87312365	1.032849	0.9620303	0.93347436	0.8936541	0.81837714	0.72474396	0.64176816	0.56740516	0.5038663	0	0	0	0	0	0	0	0	0	0	0	0	0	0	
0	0.5958793	0.86312103	0.8113518	0.7365816	0.6502224	0.5539499	0	0	0	0	0	0	0	0	0	0	0	0	0	0	0	0	0	0	
0	0.67450225	0.7086771	0.5870625	0	0	0	0	0	0	0	0	0	0	0	0	0	0	0	0	0	0	0	0	0	
0	0.85512984	1.0150802	0.9523669	0.9217825	0.8789556	0.8019412	0.7177382	0.63756335	0.563783	0.50002015	0	0	0	0	0	0	0	0	0	0	0	0	0	0	
0	0.89049774	1.13344	1.0297652	1.0107617	0.9879518	0.9317747	0.8514703	0.7648917	0.6800164	0.6052695	0.5343106	0	0	0	0	0	0	0	0	0	0	0	0	0	
0	0.8806511	1.098029	1.0107551	0.9886065	0.9602933	0.8981142	0.8127533	0.72257155	0.63523805	0.5633203	0	0	0	0	0	0	0	0	0	0	0	0	0	0	
0	0	0.9251345	0.89108646	0.8387503	0.7657272	0.665397	0.59238476	0.5278239	0	0	0	0	0	0	0	0	0	0	0	0	0	0	0	0	
0	0.74645126	0	0.69217706	0.5640843	0	0	0	0	0	0	0	0	0	0	0	0	0	0	0	0	0	0	0	0	
0	0.8321158	0.9465367	0.91224575	0.8695305	0.81070405	0.71749264	0.6386362	0.565032	0.5002507	0	0	0	0	0	0	0	0	0	0	0	0	0	0	0	
0	0	0.5557465	0	0	0	0	0	0	0	0	0	0	0	0	0	0	0	0	0	0	0	0	0	0	
0	0.6767903	1.1188773	1.026799	1.0052605	0.98035634	0.9217152	0.83910114	0.7508401	0.6648493	0.5895428	0.5164994	0	0	0	0	0	0	0	0	0	0	0	0	0	
0	0.8951801	1.1455576	0.6326459	0.53089994	0	0	0	0	0	0	0	0	0	0	0	0	0	0	0	0	0	0	0	0	
0	0.8957611	1.1449643	1.0346287	1.0119058	0.985757	0.92682654	0.8430369	0.75464386	0.6703951	0.5961007	0.5264122	0	0	0	0	0	0	0	0	0	0	0	0	0	
0	0.8849878	1.1073637	1.0174569	0.99483716	0.9669623	0.9052769	0.8205986	0.7307623	0.64184403	0.5646454	0	0	0	0	0	0	0	0	0	0	0	0	0	0	
0	0.64705753	1.0549848	0.97594965	0.9512814	0.9178505	0.8498117	0.75974494	0.6689583	0.58516335	0.5204395	0	0	0	0	0	0	0	0	0	0	0	0	0	0	
0	0.88252586	1.0578046	0.8283578	0.6242014	0.52709436	0	0	0	0	0	0	0	0	0	0	0	0	0	0	0	0	0	0	0	
0	0.6652388	1.0972576	1.007894	0.98517793	0.9577723	0.89755994	0.8149451	0.7269784	0.64094126	0.5655578	0	0	0	0	0	0	0	0	0	0	0	0	0	0	
0	0.89496046	1.1317538	0	0	0	0	0	0	0	0	0	0	0	0	0	0	0	0	0	0	0	0	0	0	
0	0.82843494	0.9549907	0.9053407	0.8635335	0.80485326	0.71087617	0.63236815	0.5612292	0	0	0	0	0	0	0	0	0	0	0	0	0	0	0	0	
0	0.77099437	0.8949584	0.8559527	0.80295134	0.7314863	0.6296353	0.5444976	0	0	0	0	0	0	0	0	0	0	0	0	0	0	0	0	0	
0	0.6027461	0.94418085	0.91489303	0.8727005	0.8145551	0.7250956	0.64611036	0.57425	0.50750184	0	0	0	0	0	0	0	0	0	0	0	0	0	0	0	
0	0.84092116	0.96457833	0.74560374	0.5825338	0	0	0	0	0	0	0	0	0	0	0	0	0	0	0	0	0	0	0	0	
0	0.7272162	0.87717783	0.82962686	0.76269364	0.6753463	0.57872635	0.5043786	0	0	0	0	0	0	0	0	0	0	0	0	0	0	0	0	0	
0	0.7422621	0.8799174	0.83391774	0.7672023	0.67866194	0.58623785	0.5190567	0	0	0	0	0	0	0	0	0	0	0	0	0	0	0	0	0	
0	0	0.6251894	0.60559595	0.55330616	0	0	0	0	0	0	0	0	0	0	0	0	0	0	0	0	0	0	0	0	
0	0.53594273	0	0	0	0	0	0	0	0	0	0	0	0	0	0	0	0	0	0	0	0	0	0	0	
0	0.73998874	0.88111866	0.8374313	0.7742926	0.6902316	0.5977886	0.521442	0	0	0	0	0	0	0	0	0	0	0	0	0	0	0	0	0	
0	0.5404617	0.8701342	0.8208874	0.7503748	0.66038287	0.5691289	0	0	0	0	0	0	0	0	0	0	0	0	0	0	0	0	0	0	
0	0.7189304	0	0.6065309	0	0	0	0	0	0	0	0.5532221	0.60981274	0.63913083	0.66440547	0.68749493	0.6875059	0.6602092	0.6425581	0.6354215	0.588843	0.52955806	0	0	0	
0	0.5978448	0.71746355	0.6796608	0.61649746	0.542798	0	0	0	0	0	0	0	0	0	0	0	0	0	0	0	0	0	0	0	
0	0.5307801	0.61648095	0.5953745	0.5370516	0	0	0	0	0	0	0	0	0	0	0	0	0	0	0	0	0	0	0	0	
0	0.53443676	0.6393493	0.62408406	0.5664907	0	0	0	0	0	0	0	0	0	0	0	0	0	0	0	0	0	0	0	0	
0	0.8172913	0.9383951	0.9085844	0.86383396	0.80086267	0.7054888	0.627208	0.55511	0	0	0	0	0	0	0	0	0	0	0	0	0	0	0	0	
0	0.87507963	1.0845912	1.0017823	0.97912425	0.9491201	0.8855203	0.79848236	0.70865005	0.62205464	0.5487411	0	0	0	0	0	0	0	0	0	0	0	0	0	0	
0	0.64305645	0.84615135	0.80536175	0.7273078	0.63799065	0.5377561	0	0	0	0	0	0	0	0	0	0	0	0	0	0	0	0	0	0	
0	0.5630645	0.8899122	0.8472311	0.78504384	0.7015166	0.5929173	0.50659	0	0	0	0	0	0	0	0	0	0	0	0	0	0	0	0	0	
0	0.6770568	0	0.6169421	0.50981957	0	0	0	0	0	0	0	0	0	0	0	0	0	0	0	0	0	0	0	0	
0	0.84766	1.000388	0.9434262	0.9075036	0.85691994	0.76838124	0.6820636	0.60476047	0.53197676	0	0	0	0	0	0	0	0	0	0	0	0	0	0	0	
0	0.86238384	1.0144652	0.94624287	0.9123334	0.86499214	0.7843305	0.6985438	0.61645323	0.54368746	0	0	0	0	0	0	0	0	0	0	0	0	0	0	0	
0	0.855029	1.0708592	0.9911787	0.9689825	0.93723196	0.87076247	0.78163314	0.68933403	0.60367984	0.5380503	0	0	0	0	0	0	0	0	0	0	0	0	0	0	
0	0.8180081	0.92558163	0.8925523	0.8432852	0.7734887	0.68575364	0.61571354	0.55108875	0	0	0	0	0	0	0	0	0	0	0	0	0	0	0	0	
0	0.90137404	1.1293974	0.98761755	0.95185685	0.9082426	0.8291033	0.72669137	0.6280987	0.5462996	0	0	0	0	0	0	0	0	0	0	0	0	0	0	0	
0	0.8741441	1.2563319	1.2095835	1.1850414	1.1842225	1.17285	1.132665	1.0686151	0.9832178	0.89301735	0.7988157	0.71315163	0.6317578	0.5668662	0.5009729	0	0	0	0	0	0	0	0	0	
0	0	0.6857429	0	0	0	0.64422137	0.6100487	0.5833387	0.55619323	0.52761227	0	0	0	0	0	0	0	0	0	0	0	0	0	0	
0	0.7855558	0.90897995	0.8629394	0.7942034	0.703742	0.62458086	0.55488336	0	0	0	0	0	0	0	0	0	0	0	0	0	0	0	0	0	
0	0.89571196	1.1300199	1.0388193	1.0141677	0.9838199	0.92003816	0.83228654	0.7430774	0.66007125	0.58661467	0.5186788	0	0	0	0	0	0	0	0	0	0	0	0	0	
0	0.71365935	1.1514693	1.0548955	1.0314296	1.0051018	0.945473	0.86199737	0.7749815	0.6929974	0.6247072	0.5571075	0	0	0	0	0	0	0	0	0	0	0	0	0	
0	0.9037325	1.1647168	0.92795265	0	0	0	0	0	0	0	0	0	0	0	0	0	0	0	0	0	0	0	0	0	
0	0.8675155	1.3117172	1.2634954	1.2090149	1.1904564	1.1749747	1.136051	1.0746622	0.99761623	0.9161281	0.82656175	0.7313307	0.64358497	0.55605733	0	0	0	0	0	0	0	0	0	0	
0	0	0.6929095	0.66335666	0.5294789	0	0	0	0	0	0	0	0	0	0	0	0	0	0	0	0	0	0	0	0	
0	0.8621799	1.311919	1.2796625	1.2559962	1.255927	1.24683	1.2270329	1.1975063	1.1606311	1.1163757	1.0590281	0.99463004	0.9129074	0.89511377	0.8860931	0.85245025	0.81906056	0	0	0	0	0	0	0	
0	0.7362983	0.6286927	0.5580821	0	0.5850961	0.5562634	0.553647	0.55366266	0.55162066	0.532533	0	0	0	0	0	0	0	0.74228	0.6654309	0.56398016	0	0	0	0	
0	0.8519406	1.3089588	1.2667676	1.2243214	1.2096858	1.2058493	1.1840919	1.143174	1.0864995	1.023121	0.9542551	0.8710994	0.7968945	0.71390635	0.69686615	0.68655986	0.65213436	0.6182639	0.54487514	0	0	0	0	0	
0	0.85583466	1.308958	1.2654351	1.2244642	1.2135857	1.2079365	1.1857145	1.1436249	1.0889841	1.0255793	0.9569922	0.8776643	0.80131894	0.7154106	0.6345235	0.5639154	0.54272836	0.5121986	0	0	0	0	0	0	
0	0.6159713	0.6952155	0.5429274	0.51297355	0.7474869	0.7222389	0.7036478	0.6927268	0.68007857	0.66296285	0.63224196	0	0	0	0	0	0	0	0	0	0	0	0	0	
0	0.8624193	1.3159645	1.2860473	1.2244625	1.2146988	1.2068765	1.1805617	1.1374022	1.0791136	1.0152742	0.93758935	0.8607787	0.7766559	0.693535	0.61294276	0.55151725	0.5273809	0.5088438	0	0	0	0	0	0	
0	0.67688847	1.2030672	1.191195	1.1572385	0	0	1.0328609	0.9416916	0	0.73385453	0.6359147	0.5595182	0	0	0	0	0	0	0	0	0	0	0	0	
0	0.8711714	1.2951076	1.2144451	0	1.1410801	1.1031193	0	0	0.83412474	0	0	0	0	0	0	0	0	0	0	0	0	0	0	0	
0	0.8545218	1.305056	1.2616167	1.2139678	1.2004285	1.1928229	1.1651676	1.1165006	1.0501051	0.97545123	0.8915892	0.8018646	0.7167035	0.63835084	0.56446034	0	0	0	0	0	0	0	0	0	
0	0.8778662	1.2736176	1.193581	1.1515162	1.1370684	1.1006657	1.0329249	0.9434022	0.83870596	0.7407271	0.6451632	0.5699634	0.5059006	0	0	0	0	0	0	0	0	0	0	0	
0	0	0.5800443	0	0	0	0	0	0	0	0	0	0	0	0	0	0	0	0	0	0	0	0	0	0	
0	0.88113785	1.2644826	1.1758062	1.1366794	1.1240563	1.0849776	1.0095967	0.9117521	0.80566806	0.704446	0.6090612	0.52200675	0	0	0	0	0	0	0	0	0	0	0	0	
0	0.8897465	1.2579529	1.1661566	1.1283906	1.1139072	1.0721759	0.9936503	0.89329904	0.7851986	0.6856879	0.5901353	0.5065835	0	0	0	0	0	0	0	0	0	0	0	0	
0	0	0	0.98093915	0	0	0	0	0	0	0	0	0	0	0	0	0	0	0	0	0	0	0	0	0	
0	0.8585293	1.3137953	1.2641722	1.2274898	0.5926535	0.58884984	0.56517166	1.1453316	0.5014434	1.0271564	0.95825666	0.8771856	0.7982038	0	0	0	0	0	0	0	0	0	0	0	
0	0.84280604	0.6798857	1.2744457	0.70004505	1.2140763	1.2095846	1.1875526	0.638963	1.090713	0.6019575	0.5660046	0.52772444	0	0.71495867	0.635426	0.5651626	0	0	0	0	0	0	0	0	
0	0.8674356	1.3065451	1.2654124	1.2054894	1.1991975	1.1907344	1.1620338	1.1103235	1.0426551	0.9661761	0.8848067	0.7897179	0.69935185	0.6089388	0.5407585	0	0	0	0	0	0	0	0	0	
0	0.5350248	0.66949433	0.77145076	0.5668712	0.53607666	0.5551957	0.5503505	0.54903555	0.5497016	0.5450369	0.5468257	0.56057787	0.55514646	0.51883906	0	0	0	0	0	0	0	0	0	0	
0	0.8760082	1.2684057	1.170963	1.1298381	1.1117058	1.067439	0.9881007	0.88983124	0.78354764	0.69122654	0.6030951	0.5249679	0	0	0	0	0	0	0	0	0	0	0	0	
0	0.86255854	1.3101934	1.269537	1.2173555	1.2026262	1.1928018	1.1618228	1.1126747	1.0450735	0.97350204	0.8887047	0.79959434	0.71458524	0.63962144	0.5726418	0.50849134	0	0	0	0	0	0	0	0	
0	0.5736627	0.66912466	0.65346885	0.67012626	0.6406579	0.58716834	0.54688793	0.5193855	0.5811697	0.5914194	0.59379995	0.5835362	0.56714255	0.53378415	0	0	0	0	0	0	0	0	0	0	
0	0.86472577	1.2906485	1.2505119	1.1707442	1.16174	1.1364789	1.080737	1.0030718	0.90710586	0.8127951	0.7203334	0.6363108	0.5633807	0	0	0	0	0	0	0	0	0	0	0	
0	0	0.5394712	0	0	0	0	0	0	0	0	0	0	0	0	0	0	0	0	0	0	0	0	0	0	
0	0.8561338	1.2827312	1.1992716	1.1582407	1.1424725	1.1071965	1.0400714	0.9495246	0.84506965	0.7415382	0.64091265	0.5662017	0	0	0	0	0	0	0	0	0	0	0	0	
0	0.84718084	1.3088821	1.2723947	1.2571307	1.2582663	1.249009	1.2279669	1.1998976	1.1615238	1.1188271	1.0652969	0.99384266	0.9198685	0.83356214	0.75491667	0.6810665	0.60720587	0.5289094	0	0	0	0	0	0	
0	0.81299263	0.8988394	1.0325058	0.6384315	0.55677956	0	0.98151773	0.9151404	0.84198564	0.7668146	0.6873437	0.61363465	0.54902804	0.5035124	0.5211694	0.5425398	0.5628657	0.54734963	0.53793395	0.5143667	0	0	0	0	
0	0.8416622	1.2211267	1.1000684	1.0657408	1.0351999	0.9729937	0.8840711	0.79027236	0.7017904	0.62495834	0.554949	0	0	0	0	0	0	0	0	0	0	0	0	0	
0	0.8941947	1.2394371	1.137316	1.106999	1.0885049	1.0417967	0.9626987	0.86950135	0.7738576	0.6910466	0.6103329	0.5403784	0	0	0	0	0	0	0	0	0	0	0	0	
0	0.89169425	1.252567	1.1553137	1.1205336	1.1045244	1.0606366	0.9828921	0.887168	0.7882298	0.6975746	0.61588806	0.5416853	0	0	0	0	0	0	0	0	0	0	0	0	
0	0	1.2149549	0.994129	0	0	0	0	0	0	0	0	0	0	0	0	0	0	0	0	0	0	0	0	0	
0	0.86006767	1.3060062	1.2684402	1.1965934	1.184917	1.1713716	1.1329007	1.0713725	0.9922302	0.9109125	0.81672895	0.7245702	0.6360077	0.5481699	0	0	0	0	0	0	0	0	0	0	
0	0.5047241	0.60371035	0.5495791	0	0	0	0	0	0	0	0	0	0	0	0	0	0	0	0	0	0	0	0	0	
0	0.8508407	1.30493	1.2651898	1.1974262	1.1879596	1.1741023	1.136465	1.0749158	0.9957	0.9143579	0.8203755	0.7261041	0.6340053	0.5455017	0	0	0	0	0	0	0	0	0	0	
0	0	0.679861	0.6790343	0.52470696	0.5269761	0	0	0	0	0	0	0	0	0	0	0	0	0	0	0	0	0	0	0	
0	0.87459564	1.2824191	1.1986934	1.1438942	1.1279476	1.0890983	1.0169632	0.92301804	0.8198177	0.72220516	0.6281848	0.54079604	0	0	0	0	0	0	0	0	0	0	0	0	
0	0.86148965	1.3079165	1.26565	1.2009758	1.1935525	1.1818323	1.1468714	1.090607	1.0174476	0.93686116	0.8519017	0.75574195	0.66786087	0.5788997	0.50237465	0	0	0	0	0	0	0	0	0	
0	0.5061247	0.66912085	0.6623723	0.53665876	0.50287956	0	0	0	0	0	0	0	0	0	0	0	0	0	0	0	0	0	0	0	
0	0.8513494	1.2814395	1.2096264	1.1608387	1.1527895	1.1238587	1.0627944	0.97890383	0.88280624	0.7876634	0.69181997	0.5967332	0.52898484	0	0	0	0	0	0	0	0	0	0	0	
0	0.83926105	1.2784151	1.183545	1.1460905	1.1251012	1.0788382	1.0007293	0.90580493	0.80391824	0.71278256	0.6240728	0.54575354	0	0	0	0	0	0	0	0	0	0	0	0	
0	0.8603192	0	0	0	0.736902	0.6534807	0.5690468	0	0	0	0	0	0	0	0	0	0	0	0	0	0	0	0	0	
0	0.86366993	1.312129	1.2759962	1.2248878	1.2103871	1.200296	1.17405	1.1275847	1.0677536	0.998699	0.9252182	0.837258	0.75696385	0.66896987	0.5867346	0.51438427	0	0	0	0	0	0	0	0	
0	0.873039	1.2819589	1.2013271	1.1504229	1.1378887	1.1021696	1.0330265	0.94138205	0.83650994	0.7363839	0.6342323	0.56032383	0	0	0	0	0	0	0	0	0	0	0	0	
0	0.8236585	1.265219	1.1759815	1.133258	1.1221018	1.084552	1.0101093	0.91334283	0.8083125	0.7092519	0.615274	0.5306131	0	0	0	0	0	0	0	0	0	0	0	0	
0	0.88162917	0	0	0	0	0	0	0	0	0	0	0	0	0	0	0	0	0	0	0	0	0	0	0	
0	0.8842806	1.2425375	1.1526374	1.1252515	1.1118388	1.0701715	0.9926025	0.8952515	0.7922807	0.6977938	0.6088174	0.53052104	0	0	0	0	0	0	0	0	0	0	0	0	
0	0.8668278	1.3136352	1.2829875	1.2180761	1.2023492	1.1929169	1.1628325	1.1133852	1.0484934	0.977261	0.89814997	0.81168294	0.7291264	0.6406321	0.55496013	0	0	0	0	0	0	0	0	0	
0	0	0.66796786	0.65837646	0.58603036	0.5860359	0.55787367	0.5219573	0	0	0	0	0	0	0	0	0	0	0	0	0	0	0	0	0	
0	0.8666326	1.3144549	1.2832682	1.2017057	1.1918821	1.1773913	1.1407146	1.0840304	1.0126024	0.94125056	0.8603236	0.7803462	0.7007287	0.6194446	0.5506598	0	0	0	0	0	0	0	0	0	
0	0.84927434	1.2457681	1.1307844	1.1085676	1.0874375	1.036247	0.9577256	0.8707377	0.7806732	0.70318186	0.62282467	0.54962814	0	0	0	0	0	0	0	0	0	0	0	0	
0	0.8630661	1.3062907	1.2686119	1.1798238	1.1714267	1.1464686	1.0953835	1.0230812	0.9365101	0.8488687	0.75810415	0.6758961	0.60416955	0.53816855	0	0	0	0	0	0	0	0	0	0	
0	0.7939497	1.2346358	1.1128968	1.0908047	1.0711122	1.0214669	0.9438401	0.85791844	0.7709623	0.69608873	0.61920536	0.5503817	0	0	0	0	0	0	0	0	0	0	0	0	
0	0.84845054	0	0	0	0	0	0	0	0	0	0	0	0	0	0	0	0	0	0	0	0	0	0	0	
0	0.65896934	0.8917271	0.849045	0.78056747	0.6915641	0.5792708	0	0	0	0	0	0	0	0	0	0	0	0	0	0	0	0	0	0	
0	0.8579226	1.3053715	1.2732798	1.1927764	1.192369	1.1818265	1.1444458	1.0862845	1.0097991	0.9295233	0.83985955	0.74907273	0.6676437	0.5836518	0.51060635	0	0	0	0	0	0	0	0	0	
0	0	0.6206801	0.58783215	0	0	0	0	0	0	0	0	0	0	0	0	0	0	0	0	0	0	0	0	0	
0	0.8797335	1.2747486	1.188788	1.1463249	1.138246	1.1055892	1.0389808	0.9509678	0.8521019	0.75744534	0.663754	0.57633424	0.500665	0	0	0	0	0	0	0	0	0	0	0	
0	0.8699374	1.2857848	1.2050718	1.159918	1.1525767	1.124454	1.0622345	0.976753	0.87813824	0.7834123	0.6840034	0.58699185	0.5187001	0	0	0	0	0	0	0	0	0	0	0	
0	0.8752804	1.2813244	1.1985596	1.1529651	1.1447499	1.1119397	1.0450866	0.9559432	0.854121	0.75619715	0.65646315	0.56508976	0	0	0	0	0	0	0	0	0	0	0	0	
0	0.8718907	1.3205504	1.287548	1.2501715	1.2318342	1.224467	1.2055815	1.1720731	1.1255578	1.0736938	1.010758	0.9409367	0.86442786	0.78658026	0.7020977	0.64862186	0.63205546	0.5894177	0.5299408	0	0	0	0	0	
0	0.88672215	1.2743312	1.1942828	1.1531883	1.1412987	1.1082207	1.0423467	0.955347	0.85928154	0.76663786	0.6736553	0.58218193	0.5191715	0	0	0	0	0	0	0	0	0	0	0	
0	0.86799365	1.3075747	1.2311777	1.1759883	1.1644349	1.1335938	1.0745634	0.9957614	0.90637344	0.8186916	0.72545385	0.63056	0.55371755	0	0	0	0	0	0	0	0	0	0	0	
0	0.8656462	1.3100803	1.2738034	1.1929699	1.1871988	1.1698133	1.1276004	1.0641361	0.9856281	0.9038062	0.81604075	0.7238363	0.63735116	0.55529356	0	0	0	0	0	0	0	0	0	0	
0	0	0.6883724	0.66820717	0.92731935	0.84644294	0.74603045	0.642942	0.6351715	0.6116867	0.57503104	0.52937484	0.50679314	0.5035331	0	0	0	0	0	0	0	0	0	0	0	
0	0.86492765	1.2943752	1.20908	1.1496781	1.1343032	1.0953147	1.0249487	0.9363882	0.838844	0.74988186	0.66105914	0.57689846	0.5044178	0	0	0	0	0	0	0	0	0	0	0	
0	0.8413683	1.204865	1.081303	1.0586684	1.037716	0.9851633	0.905181	0.81696194	0.7291596	0.6524925	0.57843053	0.5095298	0	0	0	0	0	0	0	0	0	0	0	0	
0	0.813027	1.2575094	1.1564103	1.1291313	1.1159242	1.0742054	0.9986367	0.9069386	0.8112523	0.72506505	0.64361286	0.57102627	0.5090363	0	0	0	0	0	0	0	0	0	0	0	
0	0.865987	0	0	0	0	0	0	0	0	0.5074627	0	0	0	0	0	0	0	0	0	0	0	0	0	0	
0	0.5540865	1.1832716	1.1668675	1.140717	1.1293212	1.0903565	1.0177125	0.9260566	0.8236228	0.7327617	0.64182067	0.5577461	0	0	0	0	0	0	0	0	0	0	0	0	
0	0.87126464	1.2718488	1.1815661	0	0	0	0	0	0	0.53617525	0	0	0	0	0	0	0	0	0	0	0	0	0	0	
0	0.8632784	1.25656	1.1502571	1.1247609	1.1120046	1.070179	0.99442214	0.90280825	0.80752033	0.7213721	0.63961023	0.5659778	0.5030287	0	0	0	0	0	0	0	0	0	0	0	
0	0.86709476	1.3080112	1.2794176	1.1972064	1.1927267	1.1787224	1.1387867	1.0806475	1.0043342	0.9234672	0.83316994	0.74395937	0.65740573	0.5732481	0	0	0	0	0	0	0	0	0	0	
0	0	0.6385867	0.6398335	0.5296566	0	0.593909	0.5940605	0.58038145	0.5509435	0.5118166	0.5159018	0.5416051	0.5457718	0.52107346	0	0	0	0	0	0	0	0	0	0	
0	0.8632215	1.3128568	1.2820929	1.2137737	1.1970807	1.1842778	1.1501932	1.0938935	1.0228906	0.9462432	0.8632705	0.77161455	0.68044764	0.59277165	0.5116801	0	0	0	0	0	0	0	0	0	
0	0.5004959	0.748787	0.72192186	0.62174535	0.5809085	0.533051	0	0	0.5829956	0.56559956	0.61289316	0.6412721	0.6479134	0.61661136	0.5764474	0.52575195	0	0	0	0	0	0	0	0	
0	0.8523659	1.2285243	1.1230166	1.0985255	1.0793946	1.0305383	0.9521469	0.86437434	0.77670485	0.7024441	0.628514	0.5637702	0.5056216	0	0	0	0	0	0	0	0	0	0	0	
0	0.86048603	1.2936772	1.2104696	1.1570365	1.1422994	1.104699	1.0352184	0.94598573	0.84867746	0.75551	0.66614664	0.5820174	0.51098645	0	0	0	0	0	0	0	0	0	0	0	
0	0	0	0	0.8617767	0.76075625	0.647083	0.54172224	0	0	0	0	0	0	0	0	0	0	0	0	0	0	0	0	0	
0	0.83389086	1.2754629	1.1806036	1.141151	1.1247542	1.081314	1.0060948	0.91545147	0.8212891	0.73507196	0.6562183	0.5842932	0.52305156	0	0	0	0	0	0	0	0	0	0	0	
0	0.8586497	1.0998689	0	0	0	0	0	0	0	0	0	0	0	0	0	0	0	0	0	0	0	0	0	0	
0	0.861027	1.2764181	1.1829191	1.138683	1.1219614	1.0791864	1.0040588	0.91234964	0.8157595	0.72752774	0.64459795	0.5702509	0.5071179	0	0	0	0	0	0	0	0	0	0	0	
0	0.8622046	1.2852057	1.20189	1.1502882	1.1378222	1.1002926	1.029923	0.94134235	0.84075254	0.7508576	0.65950865	0.5740532	0.50196445	0	0	0	0	0	0	0	0	0	0	0	
0	0.8610136	1.2235901	1.1022385	1.0788151	1.0597663	1.0117172	0.93705815	0.85446817	0.7732896	0.7003661	0.6319989	0.5642511	0.5057611	0	0	0	0	0	0	0	0	0	0	0	
0	0.89621687	1.2484304	1.1407373	1.1131828	1.0983524	1.0544484	0.9769159	0.8844243	0.7893383	0.7061778	0.6266579	0.5581151	0.5000793	0	0	0	0	0	0	0	0	0	0	0	
0	0.8887927	1.2558447	1.1496159	1.1221662	1.1099889	1.0699047	0.9977152	0.9112714	0.8216117	0.7403341	0.6633991	0.5911372	0.52685696	0	0	0	0	0	0	0	0	0	0	0	
0	0.8650709	1.3068616	1.2532281	1.1937436	1.1868733	1.1690291	1.1267432	1.0623173	0.9840235	0.9064079	0.8208773	0.7340793	0.6570404	0.5827236	0.5145726	0	0	0	0	0	0	0	0	0	
0	0	0.5653976	0.54835665	0	0	0	0	0	0	0	0	0	0	0	0	0	0	0	0	0	0	0	0	0	
0	0.86969477	1.3054458	1.2366482	1.176105	1.162774	1.135217	1.0781213	1.0024878	0.9130569	0.82596576	0.73362976	0.644034	0.5618036	0.5006435	0	0	0	0	0	0	0	0	0	0	
0	0.86787796	1.308737	1.2765808	1.1872014	1.1792777	1.1563555	1.1078937	1.0383406	0.95664465	0.87660325	0.79108566	0.7081317	0.6369165	0.5674907	0.508873	0	0	0	0	0	0	0	0	0	
0	0	0.63323474	0.6155926	0.5128447	0	0	0	0	0	0	0	0	0	0	0	0	0	0	0	0	0	0	0	0	
0	0.8548835	1.2957546	1.2213953	1.1611723	1.1471248	1.1113204	1.0474443	0.96591693	0.8737957	0.7863387	0.698239	0.61510605	0.5404666	0	0	0	0	0	0	0	0	0	0	0	
0	0.74805623	1.1668822	1.0303718	1.0087048	0.98066074	0.9205218	0.83613497	0.7471739	0.6639812	0.59424263	0.5286098	0	0	0	0	0	0	0	0	0	0	0	0	0	
0	0.78117245	0	0	0	0	0	0	0	0	0	0	0	0	0	0	0	0	0	0	0	0	0	0	0	
0	0.8549903	1.2310984	1.1202168	1.097928	1.0799844	1.0315742	0.95591253	0.87031114	0.78644353	0.71135545	0.63821906	0.5661604	0.506141	0	0	0	0	0	0	0	0	0	0	0	
0	0.85584897	1.2428937	1.1282943	1.1091502	1.0957242	1.0518237	0.9770932	0.8897926	0.80267864	0.7243018	0.651438	0.58072764	0.5183162	0	0	0	0	0	0	0	0	0	0	0	
0	0.8530787	1.2338804	1.1144546	1.0979354	1.0848508	1.0417066	0.9698481	0.886768	0.805001	0.73248905	0.66094506	0.5894434	0.5306415	0	0	0	0	0	0	0	0	0	0	0	
0	0.8632114	1.2699053	1.1732011	1.1295044	1.1177322	1.0787315	1.0076952	0.92081165	0.8320462	0.7527244	0.6752683	0.59965384	0.53648615	0	0	0	0	0	0	0	0	0	0	0	
0	0.86158025	1.2975203	1.2211126	1.1687604	1.1565917	1.1243978	1.06144	0.97743434	0.88333595	0.7922227	0.70002174	0.61073416	0.5337498	0	0	0	0	0	0	0	0	0	0	0	
0	0	0.5465768	0.54378164	0	0	0	0	0	0	0	0	0	0	0	0	0	0	0	0	0	0	0	0	0	
0	0.8528719	1.3042318	1.2692682	1.189156	1.1733074	1.1478003	1.0963312	1.0261343	0.9399282	0.8521029	0.7611668	0.6707057	0.5939105	0.52117825	0	0	0	0	0	0	0	0	0	0	
0	0	0.7327264	0.70294833	0.55290914	0.5209608	0	0	0	0	0	0	0	0	0	0	0	0	0	0	0	0	0	0	0	
0	0.8700272	1.3097029	1.2776608	1.1919007	1.1776823	1.1535192	1.1034955	1.031474	0.9455372	0.8595955	0.7662698	0.67501026	0.59495705	0.51962566	0	0	0	0	0	0	0	0	0	0	
0	0	0.6746595	0.6560563	0.5339738	0	0	0.5669698	0.5651392	0.55316764	0.54163563	0.5295308	0.5068627	0	0	0	0	0	0	0	0	0	0	0	0	
0	0.8619697	1.311111	1.2715386	1.2077308	1.1864349	1.1694334	1.1308185	1.0694617	0.9920045	0.91407305	0.8252638	0.7376302	0.6532713	0.5698673	0	0	0	0	0	0	0	0	0	0	
0	0	0.7707456	0.73743457	0.6280903	0	0	0.65637946	0.67306393	0.6724586	0.6569776	0.62291336	0.6043269	0.6123536	0.5964744	0.54775196	0	0	0	0	0	0	0	0	0	
0	0.8419238	1.2363243	1.1065341	1.0810055	1.0579515	1.0046674	0.92384547	0.8353152	0.7455728	0.66935736	0.59136903	0.52088827	0	0	0	0	0	0	0	0	0	0	0	0	
0	0.859821	1.269464	1.1744702	1.1368194	1.1233572	1.0826899	1.0098791	0.92127466	0.8273881	0.7442897	0.6627103	0.58525765	0.5204871	0	0	0	0	0	0	0	0	0	0	0	
0	0.8159517	1.2594181	1.1575491	1.1259546	1.1123643	1.0711207	0.9993307	0.91429573	0.8248442	0.7475186	0.6686745	0.59975886	0.5378585	0	0	0	0	0	0	0	0	0	0	0	
0	0.87138754	0	0	0	0	0	0	0	0	0	0	0	0	0	0	0	0	0	0	0	0	0	0	0	
0	0.8152893	1.2003745	1.073732	1.0529028	1.0301244	0.9756324	0.893937	0.80493647	0.7153627	0.6352718	0.556317	0	0	0	0	0	0	0	0	0	0	0	0	0	
0	0.8570997	1.297855	1.2293937	1.1782334	1.1739923	1.1516495	1.099449	1.0245047	0.93604255	0.84959733	0.7529201	0.6615504	0.59229517	0.523113	0	0	0	0	0	0	0	0	0	0	
0	0	0.53831774	0.50776494	0	0	0	0	0	0	0	0	0	0	0	0	0	0	0	0	0	0	0	0	0	
0	0.8676042	1.3250875	1.2942731	1.2676584	1.2577971	1.2408415	1.2159334	1.1871332	1.1459298	1.0999085	1.0429555	0.96901494	0.8946075	0.8157323	0.7292079	0.7050409	0.6877281	0.69077927	0.6330181	0.5681309	0	0	0	0	
0	0.8590509	1.315048	1.2760187	1.2342216	1.2217385	1.2099589	1.1822034	1.1371953	1.0794132	1.014563	0.9424846	0.8530211	0.7708587	0.6782271	0.59973246	0.53087914	0	0	0	0	0	0	0	0	
0	0.5351127	1.1870341	0.8014427	0.76229125	0.71191466	0.70618546	0.7003654	0.69239765	0.6815485	0.6591014	0.6223297	0.5903832	0.5642903	0.54892534	0.50839967	0	0	0	0	0	0	0	0	0	
0	0.8547377	1.2840308	1.1922777	1.1442174	1.1274025	1.0846602	1.011686	0.9234325	0.82724833	0.742715	0.65678346	0.5763641	0.5096374	0	0	0	0	0	0	0	0	0	0	0	
0	0.86982745	1.3143051	1.2862526	1.2070184	1.1930896	1.1776727	1.1392815	1.0829806	1.0129493	0.9390298	0.86270595	0.77812004	0.705753	0.6309732	0.5593162	0	0	0	0	0	0	0	0	0	
0	0.84858114	1.2844197	1.1904277	1.1577592	1.1378976	1.0942899	1.0229996	0.9372462	0.847439	0.763613	0.682709	0.60432965	0.53500074	0	0	0	0	0	0	0	0	0	0	0	
0	0.85370153	0.6641332	0.59642565	0.55465794	0.5420818	0.515204	0	0	0	0	0	0	0	0	0	0	0	0	0	0	0	0	0	0	
0	0.8572014	1.289397	1.203763	1.1601362	1.142361	1.1021425	1.0321566	0.9445754	0.8479309	0.75601816	0.6657432	0.5824528	0.5110688	0	0	0	0	0	0	0	0	0	0	0	
0	0.86205214	1.2689068	1.1698502	1.1333832	1.1173848	1.0729551	0.9960296	0.9046714	0.80874103	0.7244677	0.64074373	0.56762224	0.50541997	0	0	0	0	0	0	0	0	0	0	0	
0	0.85521495	1.2444386	1.1299568	1.1068019	1.0884824	1.041363	0.965583	0.8798849	0.79274946	0.7149933	0.6378001	0.5658844	0.50055337	0	0	0	0	0	0	0	0	0	0	0	
0	0.7823862	1.222239	1.0996587	1.0852369	1.0735236	0	0.9662254	0.88810325	0.807018	0.7292444	0.6534218	0.57666415	0.50937957	0	0	0	0	0	0	0	0	0	0	0	
0	0.8446374	0	0	0	0	1.0336635	0	0	0	0	0	0	0	0	0	0	0	0	0	0	0	0	0	0	
0	0.8547591	1.2594908	1.156367	1.1364847	1.1265903	1.0891997	1.0203668	0.93653005	0.84767365	0.7682999	0.6861273	0.6069792	0.5394455	0	0	0	0	0	0	0	0	0	0	0	
0	0	0	0	0	0	0	0.5014133	0	0	0	0	0	0	0	0	0	0	0	0	0	0	0	0	0	
0	0.87004614	1.3076993	1.2682765	1.1961411	1.190372	1.1719774	1.129407	1.0667839	0.98911077	0.9098909	0.8215005	0.7338733	0.6565649	0.58508426	0.5163057	0	0	0	0	0	0	0	0	0	
0	0	0.6178163	0.6084628	0.51774156	0	0	0	0	0	0	0	0	0	0	0	0	0	0	0	0	0	0	0	0	
0	0.858887	1.3079485	1.2847043	1.2025234	1.1963235	1.1800448	1.1402363	1.0834876	1.0113329	0.93697006	0.8516424	0.7674362	0.6855412	0.60251975	0.5320367	0	0	0	0	0	0	0	0	0	
0	0.83209187	1.2371229	1.1020957	1.072359	1.047123	0.99232894	0.9122006	0.82444876	0.73636645	0.6577008	0.58204764	0.5105551	0	0	0	0	0	0	0	0	0	0	0	0	
0	0.86246777	1.3019046	1.2364973	1.1966031	1.1927118	0.55603147	1.1290395	1.0657002	0.9891694	0.9120877	0.8257363	0.74116343	0.66986823	0.5997146	0.5368111	0	0	0	0	0	0	0	0	0	
0	0.8589131	0.5563851	1.2615325	0	0	1.1727959	0	0	0	0	0	0	0	0	0	0	0	0	0	0	0	0	0	0	
0	0.86553365	1.2796893	1.1784705	1.1349391	1.1202229	1.0807681	1.0123551	0.9297925	0.8444158	0.7655967	0.68661356	0.6073334	0.5388075	0	0	0	0	0	0	0	0	0	0	0	
0	0.8116776	1.2011269	1.0680887	1.0459993	1.0218117	0.96739304	0.8887305	0.8029558	0.71416736	0.6347821	0.5552955	0	0	0	0	0	0	0	0	0	0	0	0	0	
0	0.8658679	1.2826697	1.1906161	1.1532608	1.1423758	1.1065933	1.0399185	0.95633763	0.8681345	0.7862119	0.7019936	0.61815983	0.54831976	0	0	0	0	0	0	0	0	0	0	0	
0	0.88885254	1.1916407	1.0717425	1.0492626	1.0278639	0.97590977	0.89883876	0.8136608	0.7285705	0.6498795	0.57485884	0.50285435	0	0	0	0	0	0	0	0	0	0	0	0	
0	0.85872495	1.2342081	1.1186916	1.0957994	1.0755297	1.0228218	0.94080645	0.8473463	0.7534384	0.6679003	0.5868938	0.5124104	0	0	0	0	0	0	0	0	0	0	0	0	
0	0.88407195	1.2720561	1.1814684	1.1449904	1.1332109	1.0963058	1.0248599	0.9331335	0.8338474	0.7389927	0.64998716	0.56680673	0	0	0	0	0	0	0	0	0	0	0	0	
0	0.8641018	1.3033371	1.236757	1.1840223	1.1779349	1.156563	1.1064028	1.0355027	0.9466913	0.8568618	0.773992	0.69242746	0.6202552	0.5451944	0	0	0	0	0	0	0	0	0	0	
0	0.86170024	1.2983612	1.2229282	1.1727006	1.1629751	1.1346651	1.0752493	0.9943258	0.89814687	0.80617726	0.7053535	0.61030245	0.5443141	0	0	0	0	0	0	0	0	0	0	0	
0	0	0.5216102	0	0	0	0	0	0	0	0	0	0	0	0	0	0	0	0	0	0	0	0	0	0	
0	0.8622158	1.2760706	1.1825675	1.1518716	1.1351662	1.0944743	1.0251257	0.940494	0.8511892	0.76971984	0.6869281	0.6056209	0.5384253	0	0	0	0	0	0	0	0	0	0	0	
0	0.84493244	1.2861807	1.2051541	1.1565622	0	0	0	0.9526555	0	0.76359874	0.66963595	0.58393574	0.51068425	0	0	0	0	0	0	0	0	0	0	0	
0	0.87307113	1.2180331	0	0	1.1429975	1.1061081	1.038924	0	0.85460186	0	0	0	0	0	0	0	0	0	0	0	0	0	0	0	
0	0.8246292	1.1680826	1.045376	1.0224566	0.99750274	0.9424803	0.8631654	0.77716863	0.6893819	0.61166143	0.53736275	0	0	0	0	0	0	0	0	0	0	0	0	0	
0	0.78711057	1.1301875	1.0057646	0.97060996	0.92942655	0.85516655	0.7599377	0.67010105	0.59216523	0.5277338	0	0	0	0	0	0	0	0	0	0	0	0	0	0	
0	0.86095786	1.3011823	1.2346851	1.184275	1.176393	1.1537634	1.1030499	1.0323876	0.9467241	0.8609354	0.77803177	0.7002046	0.6301521	0.55826694	0	0	0	0	0	0	0	0	0	0	
0	0	0.5050477	0	0	0	0	0	0	0	0	0	0	0	0	0	0	0	0	0	0	0	0	0	0	
0	0.83312815	1.2103589	1.0746047	1.0509465	1.027509	0.9721931	0.89182293	0.8033357	0.7151752	0.6340346	0.55686945	0	0	0	0	0	0	0	0	0	0	0	0	0	
0	0.8868413	1.269704	1.178631	1.1398805	1.1294647	1.0917264	1.0198971	0.93011266	0.8300147	0.7413146	0.6517829	0.5676139	0	0	0	0	0	0	0	0	0	0	0	0	
0	0.8901151	1.2236736	1.116625	1.0915297	1.0709254	1.0194259	0.93726593	0.84475183	0.7501352	0.670587	0.5920231	0.5221837	0	0	0	0	0	0	0	0	0	0	0	0	
0	0.8650617	1.3054751	1.2608997	1.1915802	1.1875027	1.1696343	1.1269711	1.0612507	0.979755	0.89681137	0.8148046	0.7345174	0.661754	0.5878928	0.5167682	0	0	0	0	0	0	0	0	0	
0	0	0.54327077	0.51624465	0	0	0.5724546	0.562653	0.5363182	0.5013586	0	0	0	0	0	0	0	0	0	0	0	0	0	0	0	
0	0.855737	1.2961305	1.2182862	1.1676501	1.1578765	1.1280375	1.066806	0.98565155	0.89087045	0.8015559	0.7045938	0.61095345	0.5320664	0	0	0	0	0	0	0	0	0	0	0	
0	0.8432322	1.2288178	1.0892215	1.0593615	1.0287443	0.966042	0.8771218	0.7816651	0.6878157	0.6051913	0.5285426	0	0	0	0	0	0	0	0	0	0	0	0	0	
0	0.8680821	1.3131123	1.2897184	1.2129647	1.2102666	1.2001325	1.1674778	1.1197171	1.0560718	0.9896881	0.9112564	0.83029383	0.7449161	0.6641912	0.5857785	0.51391816	0	0	0	0	0	0	0	0	
0	0.84205884	1.205451	0.7226412	0.60911113	0.5764531	0.5091622	0	0.57900864	0.5585424	0.5342953	0.55721784	0.59436727	0.5897911	0.57351184	0.5318253	0	0	0	0	0	0	0	0	0	
0	0.86012316	1.3036689	1.2772228	1.1945119	1.1870401	1.1663597	1.1205889	1.0542274	0.97378224	0.8915999	0.80231744	0.7142034	0.64221644	0.57021564	0.5073948	0	0	0	0	0	0	0	0	0	
0	0	0.6140904	0.6320927	0.5185911	0	0	0	0	0	0	0	0	0	0	0	0	0	0	0	0	0	0	0	0	
0	0.86897343	1.304775	1.2664169	1.1855063	1.174312	1.1470184	1.0919541	1.0190753	0.93074435	0.840773	0.7464192	0.6506126	0.58206105	0.51791483	0	0	0	0	0	0	0	0	0	0	
0	0.8763773	1.3167138	1.2908125	1.2231985	1.2098439	1.19339	1.1589794	1.108356	1.0424825	0.97461987	0.8959028	0.8134486	0.72937095	0.6466439	0.57336855	0.507709	0	0	0	0	0	0	0	0	
0	0.5300439	0.78700155	0.7842644	0.70166147	0.58039325	0.53661823	0.5304361	0.6707429	0.6810172	0.67807	0.6589355	0.6188358	0.596539	0.5567406	0.5029785	0	0	0	0	0	0	0	0	0	
0	0.8544937	1.2624918	1.1530466	1.1242596	1.106985	1.0631039	0.99119174	0.90832704	0.82208174	0.74623024	0.6692087	0.59895426	0.5347529	0	0	0	0	0	0	0	0	0	0	0	
0	0.8755014	1.2298683	1.1069304	1.084631	1.0667807	1.0196159	0.94485617	0.8602703	0.7753429	0.69735074	0.62426007	0.5534238	0	0	0	0	0	0	0	0	0	0	0	0	
0	0.85613555	1.2410108	1.1264832	1.1006649	1.0797217	1.0274055	0.9440722	0.8498478	0.7540078	0.6735124	0.59547734	0.5235052	0	0	0	0	0	0	0	0	0	0	0	0	
0	0.86327165	1.3005021	1.2247449	1.1732554	1.1629837	1.1319096	1.069642	0.98813164	0.8910645	0.79686886	0.6949152	0.5981955	0.5247156	0	0	0	0	0	0	0	0	0	0	0	
0	0.86912334	1.3144996	1.298163	1.2188169	1.20672	1.1941398	1.1625774	1.1108723	1.046693	0.97871536	0.90460473	0.8206166	0.74143696	0.663518	0.5883713	0.5199286	0	0	0	0	0	0	0	0	
0	0	0.69582695	0.69576305	0.55234295	0.52868575	0.5085052	0	0	0	0	0	0	0	0	0	0	0	0	0	0	0	0	0	0	
0	0.51582086	0.63626504	0.6243067	0.599194	0.5673254	0.5247414	0	0	0	0	0	0	0	0	0	0	0	0	0	0	0	0	0	0	
0	0.87671626	1.289455	1.2034489	1.1506959	1.1372207	1.1006354	1.0322783	0.94459426	0.85034865	0.7616259	0.6736218	0.58840483	0.5136764	0	0	0	0	0	0	0	0	0	0	0	
0	0.8707013	1.3126355	1.2911144	1.2109814	1.1994638	1.1826922	1.1428177	1.0859982	1.0152675	0.9395876	0.8582125	0.7779685	0.70474935	0.63091487	0.5601554	0.5010644	0	0	0	0	0	0	0	0	
0	0	0.6616734	0.6389218	0.5332057	0	0	0	0	0	0	0	0	0	0	0	0	0	0	0	0	0	0	0	0	
0	0.86661285	1.3066399	1.2365134	1.1866683	1.1738249	1.1431096	1.0874419	1.0133531	0.9252658	0.8346059	0.74248457	0.64683515	0.5698812	0.50701416	0	0	0	0	0	0	0	0	0	0	
0	0.8408809	1.2335461	1.1146096	1.088832	1.0672634	1.0144778	0.9357729	0.84812754	0.7621287	0.6847561	0.60968924	0.5373584	0	0	0	0	0	0	0	0	0	0	0	0	
0	0.8822765	1.3244544	1.2903823	1.2595365	1.2438494	1.2199254	1.1948477	1.1584493	1.1064913	1.0504059	0.9835858	0.9039698	0.8259509	0.7420751	0.6829193	0.68569356	0.65079874	0.61681104	0.55402744	0	0	0	0	0	
0	0.5673729	0.8454988	0.752782	0.66717845	0.56407654	0	0	0	0	0	0	0	0	0	0	0	0	0	0	0	0	0	0	0	
0	0.8603847	1.2545075	1.1465411	1.121013	1.102624	1.0553752	0.97992367	0.89271057	0.80542547	0.7262492	0.6504152	0.5767046	0.51139325	0	0	0	0	0	0	0	0	0	0	0	
0	0.836153	1.2753202	1.1788257	1.1458138	0.53473693	0	0	0.9436253	0	0.77060664	0.6916537	0.6143599	0.54549074	0	0	0	0	0	0	0	0	0	0	0	
0	0.864856	0	0	0	1.13432	1.0969545	1.028121	0	0.85441643	0	0	0	0	0	0	0	0	0	0	0	0	0	0	0	
0	0.8456944	1.2803342	1.1907239	1.1472837	1.1351666	1.0975058	1.0274585	0.93944925	0.8434399	0.75435287	0.66697437	0.5880768	0.5206467	0	0	0	0	0	0	0	0	0	0	0	
0	0.8777112	0	0	0	0	0	0	0	0	0.53587854	0	0	0	0	0	0	0	0	0	0	0	0	0	0	
0	0.8679454	1.3127471	1.2859861	1.20956	1.2061561	1.1944283	1.1611753	1.111101	1.0459604	0.97944075	0.90247387	0.8217622	0.7387954	0.6612876	0.58509123	0.5148213	0	0	0	0	0	0	0	0	
0	0	0.7104452	0.66964763	0.56975985	0.5121404	0	0.62008095	0.6154765	0.5989956	0.57279676	0.5370505	0.5727255	0.5739185	0.54347885	0.50980586	0	0	0	0	0	0	0	0	0	
0	0.8647855	1.293452	1.2082328	1.1692886	1.1605523	1.1310573	1.0724748	0.9949902	0.9086634	0.82545835	0.7379918	0.648514	0.57235616	0	0	0	0	0	0	0	0	0	0	0	
0	0.75273085	1.0985948	0.9639925	0.9224559	0.8675771	0.7745854	0.68878365	0.6168338	0.55150586	0	0	0	0	0	0	0	0	0	0	0	0	0	0	0	
0	0.8677952	1.3073496	1.2436346	1.1952964	1.1933378	1.1772544	1.136554	1.0766419	1.002729	0.9279465	0.8418753	0.75665724	0.6881494	0.6179838	0.5583049	0.5003592	0	0	0	0	0	0	0	0	
0	0.77619964	1.161315	1.0056119	0.9849839	0.9583675	0.8999371	0.81717277	0.7326017	0.65284216	0.58342123	0.51539975	0	0	0	0	0	0	0	0	0	0	0	0	0	
0	0.5725699	1.164913	1.1595254	1.1397674	0	0	1.0213953	0.9401709	0	0.7729892	0.687981	0.60857594	0.53708255	0	0	0	0	0	0	0	0	0	0	0	
0	0.8431469	1.2728554	0	0	1.1278801	1.0892465	0	0	0.85182494	0	0	0	0	0	0	0	0	0	0	0	0	0	0	0	
0	0.8613246	1.307996	1.2711257	1.1982709	1.19039	1.1685786	1.1235254	1.0588702	0.9830236	0.9073965	0.82234097	0.7347975	0.6517793	0.57692915	0.5131724	0	0	0	0	0	0	0	0	0	
0	0	0.6609793	0.6625939	0.530519	0	0.5159055	0.5118443	0	0	0	0	0	0	0	0	0	0	0	0	0	0	0	0	0	
0	0.8068782	1.2522055	1.135811	1.1085438	0	0	0.97206426	0.8896641	0	0.732361	0.65669656	0.5853365	0.5218968	0	0	0	0	0	0	0	0	0	0	0	
0	0.85729945	1.1048243	0	0	1.0907123	1.0447685	0	0	0.8054311	0	0	0	0	0	0	0	0	0	0	0	0	0	0	0	
0	0.8163895	1.1991624	1.0631541	1.0454112	1.0249653	0.9742434	0.8983361	0.8134825	0.72508395	0.6445708	0.56803596	0	0	0	0	0	0	0	0	0	0	0	0	0	
0	0.8778683	1.269838	1.172504	1.1453532	1.1347843	1.0982304	1.0295266	0.9438502	0.85320413	0.7681937	0.68482476	0.6034353	0.53166604	0	0	0	0	0	0	0	0	0	0	0	
0	0.86493564	1.3070811	1.241743	1.1969752	1.1928576	1.1755819	1.1336464	1.0713378	0.99286973	0.9114805	0.8247798	0.7437849	0.6713569	0.5945987	0.52749825	0	0	0	0	0	0	0	0	0	
0	0.8752578	1.3103578	1.2805066	1.2049199	1.1996249	1.1837701	1.1437275	1.0882657	1.0178337	0.9441036	0.86042607	0.7792631	0.7016756	0.62408954	0.55314255	0	0	0	0	0	0	0	0	0	
0	0	0.55938625	0.5353615	0	0	0	0	0	0	0	0	0	0	0	0	0	0	0	0	0	0	0	0	0	
0	0.8674904	1.3014809	1.2150584	1.1670215	1.1547766	1.120856	1.0580602	0.97779197	0.8896043	0.8047316	0.71948314	0.63434035	0.55814266	0	0	0	0	0	0	0	0	0	0	0	
0	0.863286	1.3080617	1.2704127	1.1959784	1.1906912	1.1724991	1.1284603	1.0643818	0.98500675	0.90058887	0.8127229	0.7292647	0.6544841	0.58524215	0.51771027	0	0	0	0	0	0	0	0	0	
0	0	0.60503906	0	0	0	0	0	0	0	0	0	0	0	0	0	0	0	0	0	0	0	0	0	0	
0	0.8578214	1.290707	1.1992979	1.1612244	1.1469151	1.1076885	1.0403475	0.958208	0.8679688	0.7830444	0.69749963	0.6167755	0.54455256	0	0	0	0	0	0	0	0	0	0	0	
0	0.8444482	1.2562449	1.1311032	1.0982915	1.0742075	1.019607	0.9382339	0.8472766	0.7544679	0.6709653	0.58790594	0.5128442	0	0	0	0	0	0	0	0	0	0	0	0	
0	0.8564749	1.3031056	1.2656251	1.1948258	1.1861557	1.163587	1.117372	1.0499535	0.96776205	0.8842695	0.7941933	0.710338	0.6396171	0.5663102	0	0	0	0	0	0	0	0	0	0	
0	0	0	0.55975646	0	0	0	0	0	0	0	0	0	0	0	0	0	0	0	0	0	0	0	0	0	
