1	0	0	0	0	0	0	0	0	0	0	0	0	0	0	0	0	0.5255808	0.5334616	0.51553476	0.5190453	0	0	0	0	
1	0	0.9075888	0.9570358	0.86798024	0.8437209	0.8186232	0.78132284	0.74246407	0.70436645	0.7232883	0.72636575	0.7179488	0.6958555	0.72864157	0.737989	0.73915976	0.823316	0.89607024	0.9541831	0.92188585	0.9009552	0	0	0	
1	0	0.8168255	0.90022045	0.85411227	0.803806	0.7297279	0.65200883	0	0	0	0	0	0	0	0	0	0	0	0	0	0	0.76379955	0.589159	0	
1	0.7947122	1.3269361	1.3090916	1.2852255	1.2605779	1.2308959	1.2029507	1.1676362	1.1200998	1.1877354	1.2509738	1.2801323	1.2839274	1.2589512	1.2192419	1.1681442	1.1402885	1.0839602	0.97785306	0.8862908	0.7935522	0.6663507	0.50682193	0	
1	0	1.249258	1.1616569	1.013833	0.87486684	0.7301474	0.6305474	0.5450602	0	0	0	0	0	0	0	0	0	0	0	0	0	0	0	0	
1	0.80306983	1.3208805	1.3202777	1.3009127	1.2765429	1.2450081	1.2180582	1.1878992	1.1463985	1.0987923	1.0408579	0.96593094	0.89145094	0.83221126	0.7974119	0.777413	0.7292491	0.7041657	0.64797753	0.5936732	0.54760873	0.50632286	0	0	
1	0.75394785	1.3079079	1.2835912	1.2174654	1.1729635	1.1111025	1.0337249	0.94365203	0.84115756	0.7388757	0.6373387	0.5514076	0	0	0	0	0	0	0	0	0	0	0	0	
1	0.77452725	1.3244342	1.3035402	1.2905488	1.269318	1.2291908	1.1962197	1.1586885	1.1108522	1.0551142	0.9828853	0.9042607	0.83386755	0.77220356	0.6980045	0.6149351	0.57677823	0.5758828	0.55274135	0.5002818	0	0	0	0	
1	0.69791883	1.2725772	1.201305	1.0875654	0.6127318	0	0	0	0	0	0	0	0	0	0	0	0	0	0	0	0	0	0	0	
1	0.82219714	1.3249731	1.3276021	1.3013754	1.2834398	1.2551128	1.2388433	1.2176788	1.18615	1.1489798	1.1020719	1.0507852	0.9894822	0.9229801	0.84181845	0.75539017	0.6846482	0.6229671	0.59378684	0.55684227	0	0	0	0	
1	0.75088423	1.3059738	1.308596	1.2539835	1.1398398	1.1506977	1.0890275	1.0170976	0.9298892	0.835662	0.73651695	0.63587815	0.54697335	0	0	0	0	0	0	0	0	0	0	0	
1	0.61635125	1.1581306	1.2392654	1.1433069	1.0399349	0.9281868	0.8786241	0.8952825	0.8835765	0.84593767	0.79124194	0.7254277	0.6719669	0.6672626	0.65961975	0.64975244	0.64625686	0.621542	0.59031224	0.58169806	0.5495715	0	0	0	
1	0.8109724	1.3232138	1.3121034	1.2872831	1.2538012	1.2329351	1.2062569	1.1712008	1.1278574	1.0751481	1.0111665	0.9350726	0.851515	0.754207	0.6615749	0.5925532	0.58830184	0.56420565	0.5163577	0	0	0	0	0	
1	0.72633743	1.2988052	1.1587625	1.1568524	1.0813677	0.979264	0.8620738	0.98987085	0.63699776	0	0	0	0	0	0	0	0	0	0	0	0	0	0	0	
1	0.83107024	1.3349214	1.3303094	1.3250375	1.2985818	1.2835882	1.2761838	1.272326	1.2670392	1.2591299	1.2475616	1.228692	1.2116764	1.1857779	1.1507807	1.0909607	1.0460978	0.9647738	0.84560704	0.7458281	0.61651933	0	0	0	
1	0.76383585	1.3173076	1.2878609	1.2411112	1.2141011	1.1717603	1.1170895	1.0529175	0.9731939	0.88361853	0.78702307	0.684991	0.59461534	0.5114155	0	0	0	0	0	0	0	0	0	0	
1	0.6889153	1.1978458	1.0363994	0.8306137	0.6832663	0.55166864	0	0	0	0	0	0	0	0	0	0	0	0	0	0	0	0	0	0	
1	0.8163428	1.319666	1.3357114	1.3260069	1.2911851	1.2779862	1.2709041	1.2642359	1.2558285	1.2441533	1.2276907	1.2021046	1.1803528	1.142722	1.1034911	1.0344498	0.96936345	0.8921421	0.78060955	0.6507139	0.5392217	0	0	0	
1	0.83922595	1.3394085	1.3211949	1.2758693	1.2617956	1.258278	1.2274983	1.2225513	1.1666788	1.1607193	1.0666668	1.004128	0.9199292	0.8337574	0.83434546	0.7387548	0.5553263	0.5388378	0	0	0	0	0	0	
1	0.71479565	1.2822349	1.203336	1.0844158	0.97409284	0.8345577	0.7181055	0.6232699	0.5401341	0	0	0	0	0	0	0	0	0	0	0	0	0	0	0	
1	0	0.8868371	0.8453371	0.97697055	1.1459324	1.2480315	1.2534206	1.2765816	1.2996184	1.3304842	1.3323016	1.333145	1.3322687	1.3183641	1.3292378	1.2950824	1.2823359	1.2418579	1.2771862	1.2888976	1.2340852	1.1063555	0.9968638	0.9542822	
1	0.8371596	1.3349053	1.321654	1.3032546	1.2619812	1.2449211	1.2242846	1.2248814	1.2668908	1.2839978	1.2788128	1.2598933	1.2337523	1.199619	1.1761205	1.1411264	1.0645461	1.0144007	0.92591536	0.7925789	0.6935846	0.5685104	0	0	
1	0.74188226	1.2939062	1.2587227	1.1674558	0.9299717	0.96334887	0.85410553	0.74835753	0.64537317	0	0	0	0	0	0	0	0	0	0	0	0	0	0	0	
1	0.86800104	1.3302994	1.323674	1.3127035	1.2755048	1.2600669	1.2459292	1.2293569	1.2065312	1.1792903	1.1412508	1.1002457	1.0492998	0.9887457	0.9057133	0.831615	0.74648887	0.6536304	0.55477726	0	0	0	0	0	
1	0.7550765	1.3192806	1.2908401	1.1722585	1.1065642	1.0142269	0.9086086	0.7957973	0.6834749	0.5895613	0.50630975	0	0	0	0	0	0	0	0	0	0	0	0	0	
1	0.6852033	1.250907	1.1455237	0.98744434	0.8470671	0	0	0	0	0	0	0	0	0	0	0	0	0	0	0	0	0	0	0	
1	0.62823445	0	1.3188596	1.2890866	1.2542746	0	1.197971	0	1.1117272	0	0.9848383	0.8942125	0.8047615	0.7025983	0.64375556	0	0.55877906	0	0	0	0	0	0	0	
1	0.8165836	1.3097968	1.3029363	1.2570089	1.2370094	1.2274244	1.1678029	1.1620686	1.0571299	1.0554153	0.8981765	0.8006932	0.7088965	0.62256074	0.54554534	0.59233236	0	0.5198274	0	0	0	0	0	0	
1	0.6841977	1.2515912	1.1771972	1.0362014	0.90879023	0.7611222	0.6340587	0.5348051	0	0	0	0	0	0	0	0	0	0	0	0	0	0	0	0	
1	0.8452274	1.3320819	1.3316635	1.3234427	1.2966604	1.2801502	1.2717662	1.2665105	1.2568644	1.245812	1.2288978	1.204549	1.185176	1.1391116	1.1058955	1.041951	0.95987964	0.88141656	0.76290244	0.6452524	0.55684924	0	0	0	
1	0.78660804	1.3347877	1.3311833	1.2831666	1.2660508	1.2560668	1.2388613	1.217934	1.1892595	1.1545777	1.1069518	1.0542895	0.98103225	0.90519285	0.8084265	0.71569246	0.6133967	0.52185744	0	0	0	0	0	0	
1	0.7259186	1.2816855	1.2277076	1.1143407	1.0156558	0.8882208	0.7602683	0.6589995	0.5686072	0	0	0	0	0	0	0	0	0	0	0	0	0	0	0	
1	0.84631324	1.334687	1.3307319	1.3225079	1.2869667	1.2792447	1.27453	1.2679802	1.2614871	1.2514423	1.2374477	1.2159386	1.1931843	1.1632537	1.1212537	1.0537381	0.99936765	0.911105	0.80208147	0.69786984	0.5722141	0	0	0	
1	0.7472314	1.302952	1.2801399	1.2252867	1.1877047	1.1328876	1.0645663	0.9864444	0.89356697	0.80019987	0.6975271	0.601173	0.5200152	0	0	0	0	0	0	0	0	0	0	0	
1	0.6665167	0	1.1106063	0.9347835	0.783651	0.6308011	0	0	0	0	0	0	0	0	0	0	0	0	0	0	0	0	0	0	
1	0.8091532	1.3283993	1.3323447	1.2977178	1.2738374	1.2567376	1.2407842	1.2202476	1.1930101	1.1588045	1.1102254	1.055423	0.9944593	0.92152894	0.84475344	0.7739445	0.6918544	0.6134084	0.5252925	0	0	0	0	0	
1	0.72801363	1.298012	1.0519564	0.8492064	0	0	0	0	0	0	0	0	0	0	0	0	0	0	0	0	0	0	0	0	
1	0.63646907	0	0	0.52668804	0	0	0	0	0	0	0	0	0	0	0	0	0	0	0	0	0	0	0	0	
1	0.8374177	1.3328818	1.3249696	1.31166	1.2971258	1.2745123	1.2606336	1.2496674	1.231938	1.2103987	1.1842171	1.1514913	1.1024013	1.0513008	0.9699102	0.8829823	0.78186977	0.67627627	0.6064515	0.5574975	0.53557473	0	0	0	
1	0.7557636	1.3241616	1.2635493	1.1398437	1.0560285	1.1399074	0	0.9995229	0	0.5230603	0	0	0	0	0	0	0	0	0	0	0	0	0	0	
1	0	1.1531566	1.1138997	0.9422061	0.79127365	0.6468908	0.5329909	0	0	0	0	0	0	0	0	0	0	0	0	0	0	0	0	0	
1	0	0	0.57666034	0	0	0	0	0	0	0	0	0	0	0	0	0	0	0	0	0	0	0	0	0	
1	0.8160948	1.3281795	1.3374504	1.3042408	1.2863998	1.265529	1.2493758	1.2350916	1.2129148	1.1873659	1.1516391	1.1141632	1.062455	1.0050331	0.92343795	0.84298176	0.7561678	0.6613099	0.5577609	0	0	0	0	0	
1	0.74342847	1.2939266	0	0	0	0.5212298	0	0	0.52246195	0	0	0	0	0	0	0	0	0	0	0	0	0	0	0	
1	0.6305995	0	0.7277622	0.5438129	0	0	0	0	0	0	0	0	0	0	0	0	0	0	0	0	0	0	0	0	
1	0.84690386	1.3299665	1.3312066	1.2989053	1.2771703	1.2609388	1.2472973	1.2289277	1.2069743	1.1785057	1.1391095	1.0899712	1.0363016	0.9636065	0.867487	0.7807592	0.67647254	0.5691496	0	0	0	0	0	0	
1	0.6734717	1.2392068	1.1338861	0.97232795	0.83343476	0.68535614	0.72271186	0.62103647	0.53084415	0	0	0	0	0	0	0	0	0	0	0	0	0	0	0	
1	0	0	0.8742205	0.65114814	0.5157094	0	0	0	0	0	0	0	0	0	0	0	0	0	0	0	0	0	0	0	
1	0.7615225	1.3198572	1.2781645	1.2418473	1.2158245	1.1743066	1.1228719	1.0610547	0.98493963	0.9025676	0.80611753	0.7102329	0.6191007	0.53321606	0	0	0	0	0	0	0	0	0	0	
1	0.7173407	1.2878573	1.2273563	1.134384	1.051424	0.9419329	0.82502264	0.7104023	0.6031266	0.5160953	0	0	0	0	0	0	0	0	0	0	0	0	0	0	
1	0	0.74750876	0	0	0	0	0	0	0	0	0	0	0	0	0	0	0	0	0	0	0	0	0	0	
1	0.78983945	0.6569344	1.3119708	1.2767607	1.2193959	0.646035	1.1823325	0.62833834	1.1682909	1.1491469	1.1123954	1.058381	0.9987902	0.9251656	0.8380291	0.5127153	0.68018776	0	0	0	0	0	0	0	
1	0.8074287	1.3163451	1.299868	1.2325059	1.2266732	1.1924145	1.0718628	1.1781772	0.89624	0.7986158	0.69613016	0.603198	0.52512217	0	0	0.7617185	0	0.5954869	0.50305974	0	0	0	0	0	
1	0.69026107	1.174227	0.98837787	0.7656329	0.6136383	0.61686474	0.50771123	0	0	0	0	0	0	0	0	0	0	0	0	0	0	0	0	0	
1	0	0	0.5785826	0	0	0	0	0	0	0	0	0	0	0	0	0	0	0	0	0	0	0	0	0	
1	0.76851916	1.3235337	1.3032632	1.2703264	1.2291657	1.1754199	1.1208949	1.0559896	0.97359705	0.888664	0.80455536	0.72022766	0.64137006	0.6107997	0.58617747	0.5694834	0.53993094	0	0	0	0	0	0	0	
1	0.70787644	1.2864312	1.225966	1.1228105	1.0305248	0.9089822	0.77993333	0.6724183	0.5779085	0.5024249	0	0	0	0	0	0	0	0	0	0	0	0	0	0	
1	0.84152	1.3394773	1.3382198	1.3336402	1.3051907	1.2803966	1.270332	1.2655202	1.2560732	1.2823148	1.2977325	1.2880868	1.2744346	1.2542894	1.2352171	1.2087153	1.1999757	1.1497952	1.050486	1.009639	0.9191272	0.7724394	0.6246008	0	
1	0.75450826	1.3051313	1.2855359	1.1703389	1.1000241	1.0045764	0.8936307	0.7767796	0.66775554	0.5816975	0.50270385	0	0	0	0	0	0	0	0	0	0	0	0	0	
1	0.6722404	0	1.0931356	0.90697014	0.74828047	0.607092	0.502179	0	0	0	0	0	0	0	0	0	0	0	0	0	0	0	0	0	
1	0.7569678	1.3138535	1.3192118	1.2763743	1.2551658	1.2363918	1.2111536	1.1778677	1.135167	1.0829858	1.0187644	0.94385767	0.86618686	0.7850324	0.7295037	0.7042477	0.69487274	0.6616429	0.6147961	0.5869655	0.529694	0	0	0	
1	0.731433	1.2891071	1.2490516	1.1508521	1.0713097	0.9684421	0.85329974	0.73718834	0.62489194	0	0	0	0	0	0	0	0	0	0	0	0	0	0	0	
1	0.61921	1.1147207	0.87986946	0.66180056	0.5311845	0	0	0	0	0	0	0	0	0	0	0	0	0	0	0	0	0	0	0	
1	0.57225955	0	1.3042668	1.3111858	1.2971756	0	1.2589258	0	1.2294518	0	1.1763825	1.131626	1.084475	1.0157228	0.94016504	0	0.82157993	0	0	0	0	0	0	0	
1	0.8464773	1.3311249	1.319668	1.2614022	1.1720854	1.2732624	1.1602397	1.2452071	0.8573814	1.2070725	0.6642515	0.57285744	0	0.59605104	0.51570255	0.8757913	0	0.75064427	0.6833371	0.5880774	0.522349	0	0	0	
1	0.68257195	1.2590007	1.1598243	0.7134142	0.57125396	0.7039904	0.58689785	0	0	0	0	0	0	0	0	0	0	0	0	0	0	0	0	0	
1	0.80195564	1.3276321	1.327143	1.2997687	1.2743016	1.2417892	1.2150456	1.1828697	1.1415799	1.089067	1.0165095	0.9521105	0.91477937	0.8643131	0.8239346	0.76639485	0.6948236	0.63631904	0.56164473	0	0	0	0	0	
1	0.6835629	1.2515024	1.1593622	1.0143718	0.8838083	0.735908	0.6119882	0.5160109	0	0	0	0	0	0	0	0	0	0	0	0	0	0	0	0	
1	0	0	0.6282142	0	0	0	0	0	0	0	0	0	0	0	0	0	0	0	0	0	0	0	0	0	
1	0.54497075	0	1.2493168	1.3112668	1.3071585	0	1.2731608	0	1.2576457	0	1.230482	1.2095499	1.1759565	1.1497082	1.094334	0	0.96994495	0	0	0	0	0	0	0	
1	0.86599267	1.3286054	1.3248708	1.263213	1.2332819	1.2855643	1.162231	1.2650787	1.0483032	1.2458289	0.88195443	0.78493667	0.68608177	0.60548526	0.53418076	1.0393288	0	0.86836153	0.76789796	0.6503088	0.53229475	0	0	0	
1	0.6792631	1.2543621	0	0	0	0.55187345	0	0	0	0	0	0	0	0	0	0	0	0	0	0	0	0	0	0	
1	0.8316709	1.3338277	1.3242275	1.3036642	1.2679121	1.2483048	1.2314402	1.2081944	1.1823187	1.1506219	1.1094767	1.0643585	1.0158737	0.95932406	0.8851523	0.8303357	0.7618056	0.68064487	0.599619	0.5160638	0	0	0	0	
1	0.7000818	1.2712047	1.172065	1.0409329	0.92017734	0.7769355	0.6429758	0.5373039	0	0	0	0	0	0	0	0	0	0	0	0	0	0	0	0	
1	0.84764725	1.3334005	1.3117296	1.3000257	1.245248	1.2479761	1.2592933	1.2637645	1.2612842	1.247118	1.2257898	1.1978723	1.1646289	1.1302502	1.0767406	1.0010036	0.9315249	0.83274764	0.70645237	0.5888314	0	0	0	0	
1	0.7280108	1.3011035	1.2344397	1.1418926	1.0598716	0.95071083	0.83074486	0.7213775	0.6184522	0.5319428	0	0	0	0	0	0	0	0	0	0	0	0	0	0	
1	0	1.1995019	1.0399464	0.8320587	0.6797653	0.5507968	0	0	0	0	0	0	0	0	0	0	0	0	0	0	0	0	0	0	
1	0.78757954	1.3013854	1.250587	1.2592752	1.2186522	1.1633872	1.1012273	1.0281662	0.94381416	0.8572958	0.7659525	0.6833571	0.6194504	0.55455166	0	0	0	0	0	0	0	0	0	0	
1	0.73099643	1.2859313	1.2366345	1.1484023	0.848059	0.6985532	0.57475907	0	0	0	0	0	0	0	0	0	0	0	0	0	0	0	0	0	
1	0.80529857	1.3111855	1.2944489	1.2414647	1.2127159	1.1711823	1.117916	1.053329	1.0218416	0.99833053	0.9655092	0.9158227	0.86584204	0.7948759	0.7305046	0.66306436	0.58904064	0.52147937	0	0	0	0	0	0	
1	0.7274373	1.2833176	1.2614908	1.1682034	1.0932992	0.99692285	0.88369256	0.7672429	0.6580206	0.5699227	0	0	0	0	0	0	0	0	0	0	0	0	0	0	
1	0.6170371	0	0	0	0	0	0	0	0	0	0	0	0	0	0	0	0	0	0	0	0	0	0	0	
1	0.83371645	1.3216417	1.3022361	1.3053737	1.2868494	1.2604016	1.2416818	1.2206831	1.1964136	1.1636592	1.1183492	1.0618275	0.9975796	0.9146423	0.8347022	0.75182664	0.65882033	0.5721912	0	0	0	0	0	0	
1	0.78345084	1.3200612	1.313113	1.249796	1.2141352	1.174394	1.1208776	1.0554998	0.97493225	0.88545454	0.78709614	0.69036955	0.61038285	0.53209	0	0	0	0	0	0	0	0	0	0	
1	0	1.1658669	0	0.73592347	0	0	0	0	0	0	0	0	0	0	0	0	0	0	0	0	0	0	0	0	
1	0.64843214	1.1410679	1.1746906	1.204481	1.2423627	1.250866	1.2585398	1.2441001	1.2227008	1.2070581	1.2297515	1.2730366	1.2895046	1.2636552	1.2645317	1.2242274	1.2164366	1.23372	1.2684323	1.2457625	1.0961504	0.9628152	0.85542315	0.7071415	
1	0	0.94177175	0	0	0	0	0	0	0	0	0	0	0	0	0	0	0	0	0	0	0	0	0	0	
1	0.79574215	1.3260295	1.3168	1.2926133	1.2901175	1.2583865	1.2266484	1.1964998	1.1617019	1.1180668	1.0587721	0.98571974	0.90864134	0.81684905	0.72346675	0.63478464	0.6227435	0.60409635	0.5570333	0.53648496	0.5104373	0	0	0	
1	0.72589844	1.2459848	1.1666726	1.0194827	0.8863035	0.7348785	0.60184515	0.50464207	0	0	0	0	0	0	0	0	0	0	0	0	0	0	0	0	
1	0.6037755	0	0.7902257	0.58473915	0	0	0	0	0	0	0	0	0	0	0	0	0	0	0	0	0	0	0	0	
1	0.82462895	1.3327087	1.3222204	1.2705877	1.2545654	1.2335564	1.2060668	1.2185085	1.2493408	1.2647076	1.2651852	1.2533543	1.2305201	1.1944884	1.1662003	1.1276865	1.0501161	0.99105114	0.90042734	0.768657	0.6564265	0.5324415	0	0	
1	0.7348624	1.291848	1.2761014	1.2119215	1.1662568	1.1027483	1.0251757	0.9379014	0.8399434	0.742882	0.64430875	0.5556844	0	0	0	0	0	0	0	0	0	0	0	0	
1	0	1.2184058	1.0322053	0.82824224	0.6682603	0.53118175	0	0	0	0	0	0	0	0	0	0	0	0	0	0	0	0	0	0	
1	0.80859935	1.324574	1.31297	1.2887268	1.2861174	1.2552837	1.2211287	1.1905267	1.151468	1.10555	1.0460815	0.96570003	0.88617545	0.7843803	0.6851751	0.6185254	0.58965963	0.5751129	0.5364443	0	0	0	0	0	
1	0.74563146	1.3089073	1.2798215	1.203006	1.1495606	1.0785762	0.99164367	0.895481	0.7892509	0.69020087	0.59727126	0.514651	0	0	0	0	0	0	0	0	0	0	0	0	
1	0	0	0	0.6274774	0	0	0	0	0	0	0	0	0	0	0	0	0	0	0	0	0	0	0	0	
1	0.59484726	0.54368263	1.2991753	1.2851763	1.2608942	0.6667875	1.2156136	0.6598726	1.1483418	1.104187	1.0479071	0.98805016	0.9146255	0.84017456	0.7635764	0.57792354	0.6075236	0.5097713	0	0	0	0	0	0	
1	0.859437	1.331773	1.312097	1.2613887	1.2470984	1.2390239	1.1912931	1.1847404	1.1016674	1.0430635	0.9686835	0.8886581	0.8001352	0.70542806	0.6145277	0.68667924	0	0.5440641	0	0	0	0	0	0	
1	0.65781593	1.2452523	0	0	0	0	0	0	0	0	0	0	0	0	0	0	0	0	0	0	0	0	0	0	
1	0.817073	1.3276027	1.3216584	1.2969671	1.2944486	1.2688304	1.2458475	1.2263781	1.2033572	1.1752187	1.1393574	1.0915885	1.0391799	0.9685471	0.89729416	0.8091848	0.7220958	0.62957746	0.5311538	0	0	0	0	0	
1	0.7506878	1.3120213	1.28521	1.2119875	1.1625197	1.0982565	1.0197562	0.9314385	0.83233744	0.7358247	0.63705945	0.5466456	0	0	0	0	0	0	0	0	0	0	0	0	
1	0	0	0.5455934	0	0	0	0	0	0	0	0	0	0	0	0	0	0	0	0	0	0	0	0	0	
1	0.8672968	1.3325788	1.3201503	1.302557	1.2540617	1.2309542	1.2034253	1.1693169	1.1248856	1.0728818	1.0132039	0.93877697	0.8612698	0.7759482	0.6916645	0.6125209	0.53739053	0.50430536	0	0	0	0	0	0	
1	0.73787886	1.2807833	1.2248735	1.20343	1.1538864	1.0825127	0.9951868	0.8976971	0.78717154	0.6833823	0.58696187	0.5057269	0	0	0	0	0	0	0	0	0	0	0	0	
1	0	0	0	0.5150569	0	0	0	0	0	0	0	0	0	0	0	0	0	0	0	0	0	0	0	0	
1	0.80593175	1.3320193	1.3363898	1.307079	1.2946552	1.27252	1.258465	1.2448695	1.2300901	1.209347	1.1815269	1.1416464	1.1024153	1.0401944	0.97982967	0.8965711	0.8039914	0.71162635	0.6001423	0	0	0	0	0	
1	0.7829115	1.3112859	1.214401	1.0995953	0.99693227	0.8674652	0.7340067	0.6268134	0.53561956	0	0	0	0	0	0	0	0	0	0	0	0	0	0	0	
1	0.67583346	1.233327	0	0	0	0	0	0	0	0	0	0	0	0	0	0	0	0	0	0	0	0	0	0	
1	0.8206787	1.3138818	1.3261677	1.3065169	1.2864281	1.2778392	1.2732319	1.265393	1.2583044	1.246929	1.2316021	1.2090418	1.1817186	1.1507574	1.1032686	1.0349488	0.97409546	0.8812983	0.76478815	0.6554679	0.53197414	0	0	0	
1	0.8177002	1.3314297	1.3138468	1.2591071	1.0571766	0.9495339	0.83273727	0.7173369	0.6077795	0.9852515	0.9006099	0.8043269	0.71260315	0	0	0	0	0	0	0	0	0	0	0	
1	0.6912643	1.2609543	1.1093785	0.93512166	0.7847173	0.55460995	0	0	0	0	0	0	0	0	0	0	0	0	0	0	0	0	0	0	
1	0.8396175	1.3340855	1.3298835	1.3077106	1.293644	1.2769905	1.266763	1.257207	1.2463677	1.2304759	1.2079693	1.1735175	1.1414459	1.0845933	1.0265164	0.9526643	0.87306744	0.8073368	0.71842253	0.6472382	0.54504687	0	0	0	
1	0.71264297	1.2947445	1.2528802	1.0740851	0.96419835	0.82809657	0.6994088	0.5970587	0.507043	0	0	0	0	0	0	0	0	0	0	0	0	0	0	0	
1	0.6555085	0	0	0	0	0	0	0	0	0	0	0	0	0	0	0	0	0	0	0	0	0	0	0	
1	0.8499408	1.3306592	1.3184465	1.2969055	1.2734872	1.2537894	1.238568	1.2170095	1.1904031	1.1572436	1.1134257	1.0554012	0.99916404	0.92149836	0.8263172	0.7424823	0.6479382	0.55620617	0	0	0	0	0	0	
1	0.7520276	1.3044994	1.2513827	0	0	1.0812925	0.995052	0.8983986	0.79067343	0.68783104	0.5895533	0.50607055	0	0	0	0	0	0	0	0	0	0	0	0	
1	0.840664	1.3348315	1.3247578	1.3068959	1.2877535	1.2681843	1.2569034	1.2433847	1.2272015	1.2056942	1.1775504	1.1380967	1.0979697	1.0388123	0.98083633	0.9028684	0.8033816	0.7015038	0.6088263	0.5242184	0	0	0	0	
1	0.79367673	1.3182602	1.3250685	1.2710854	1.2474296	1.2253205	1.195821	1.1561577	1.1071348	1.0475124	0.9773686	0.8901859	0.8008876	0.703579	0.61095804	0.5280068	0	0	0	0	0	0	0	0	
1	0.669585	1.2216812	1.0789112	0.89002883	0.73111826	0.5897829	0	0	0	0	0	0	0	0	0	0	0	0	0	0	0	0	0	0	
1	0.8403774	1.3358095	1.3284528	1.3121624	1.2915001	1.2757562	1.2693095	1.2610267	1.250856	1.236599	1.2183658	1.1933497	1.1575818	1.1241783	1.0672486	0.99687755	0.925949	0.82725513	0.7093364	0.5976771	0	0	0	0	
1	0.7664494	1.3140001	1.28715	1.220325	1.1804608	1.1216049	1.0480418	0.96249235	0.8630326	0.76353675	0.664882	0.5882043	0.52316135	0	0	0	0	0	0	0	0	0	0	0	
1	0.82091796	1.3340516	1.3292031	1.3143646	1.2997607	1.2810285	1.2727425	1.2656745	1.257769	1.2454956	1.2295707	1.207455	1.1727086	1.1430553	1.0841087	1.0340011	0.957196	0.8822819	0.78573096	0.6988692	0.6025653	0	0	0	
1	0.7503564	1.3091874	1.2732897	0	1.17249	1.1104802	1.0350714	0.94878995	0.8509467	0.7543433	0.65382546	0.56043327	0	0	0	0	0	0	0	0	0	0	0	0	
1	0.6447835	0	0	0	0	0	0	0	0	0	0	0	0	0	0	0	0	0	0	0	0	0	0	0	
1	0	0	1.204318	1.1076062	0.99477303	0	0.772385	0	0.6560824	0	0.6101433	0.5726503	0.5505723	0.51412517	0	0	0	0	0	0	0	0	0	0	
1	0.79840904	1.306168	1.2888423	1.2450863	1.2187924	1.1799378	1.1288878	1.0649867	0.98653966	0.9026716	0.8038243	0.7014242	0.6200746	0.54459184	0	0	0	0	0	0	0	0	0	0	
1	0.59489095	1.2073439	0.89122933	0	0	0.5186228	0	0	0	0	0	0	0	0	0	0	0	0	0	0	0	0	0	0	
1	0.77279913	1.3004277	1.2878822	1.244213	1.2735342	1.2544717	1.2104651	1.1629678	1.1089326	1.0516958	0.98128444	0.8999482	0.8164779	0.72684866	0.63869774	0.61103964	0.59205884	0.592904	0.57302153	0.5258751	0	0	0	0	
1	0.6940376	1.2425803	1.1987089	1.0642878	0.9445497	0.8023464	0.670084	0.5608094	0	0	0	0	0	0	0	0	0	0	0	0	0	0	0	0	
1	0.8386077	1.3273517	1.3073297	1.2990705	1.2764629	1.2447318	1.2191032	1.1901906	1.1537287	1.108736	1.0490181	0.97963053	0.8981818	0.8111864	0.7136663	0.6176216	0.5636139	0.53823256	0.5045573	0	0	0	0	0	
1	0.7300646	1.2267368	1.2387826	1.1398544	1.0573939	0.9514997	0.8366972	0.7235085	0.61665154	0.5305286	0	0	0	0	0	0	0	0	0	0	0	0	0	0	
1	0	0	0.842978	0.64336467	0.51375973	0	0	0	0	0	0	0	0	0	0	0	0	0	0	0	0	0	0	0	
1	0.7828612	1.3243941	1.3088437	1.2962519	1.3017298	1.2777534	1.2549474	1.2364372	1.2166823	1.1916556	1.1587002	1.1135474	1.0625657	0.9933784	0.9200184	0.8277625	0.72580665	0.62692475	0.5376603	0	0	0	0	0	
1	0.7108676	1.2064506	1.226992	1.1139983	1.0172831	0.89523906	0.7667318	0.64894867	0.55153894	0	0	0	0	0	0	0	0	0	0	0	0	0	0	0	
1	0	1.1150941	0	0.59019786	0	0	0	0	0	0	0	0	0	0	0	0	0	0	0	0	0	0	0	0	
1	0.67739856	1.208958	1.1117429	0.9927285	0.8559493	0.69553196	0.5996748	0.5942328	0.5857933	0.5741979	0.5584258	0.5362084	0.5074133	0	0	0	0	0	0	0	0	0	0	0	
1	0	0	0.5149583	0	0	0	0	0	0	0	0	0	0	0	0	0	0	0	0	0	0	0	0	0	
1	0.7255935	1.3070503	1.2423948	1.2086815	1.1532654	1.0775139	1.0012461	0.9202303	0.8268081	0.7345821	0.6421769	0.5547939	0	0	0	0	0	0	0	0	0	0	0	0	
1	0.6959521	1.2495508	1.1552522	0.59645766	0	0	0.60251796	0.517815	0	0	0	0	0	0	0	0	0	0	0	0	0	0	0	0	
1	0.7493948	1.2833579	1.2967614	1.2936258	1.3076973	1.2907467	1.2723228	1.2591119	1.2477885	1.2337613	1.2161021	1.1935074	1.156086	1.129521	1.0726455	1.0261343	0.9654594	0.8814799	0.76901126	0.6580915	0.57776064	0	0	0	
1	0.785892	1.3186816	1.3050157	1.2494396	1.2263744	1.1892874	1.1396071	1.079879	1.0016731	0.918325	0.83284044	0.7557415	0.6889285	0.62288404	0.55867946	0	0	0	0	0	0	0	0	0	
1	0.6420736	1.1681699	0	0	0	0	0	0	0	0	0	0	0	0	0	0	0	0	0	0	0	0	0	0	
1	0.7127398	0	1.3241878	1.2846442	1.281054	1.2458184	1.205524	0.6387516	1.11779	1.0590076	0.98714936	0.9309405	0.8769887	0.8139475	0.74590695	0.60543644	0.5935525	0.5606331	0.5557859	0.535649	0	0	0	0	
1	0.79921514	1.3242772	1.3199654	1.260583	1.2286378	1.1972897	1.154447	1.165989	1.0322446	0.95457757	0.86525786	0.7657337	0.6730033	0.58556277	0.50927395	0.6733316	0	0	0	0	0	0	0	0	
1	0.7067236	0	1.0979594	0.90465873	0	0	0	0	0	0	0	0	0	0	0	0	0	0	0	0	0	0	0	0	
1	0.8087504	1.3256269	1.2896593	1.2360289	1.2052097	1.1586492	1.1772376	1.2240026	1.2464147	1.2364339	1.2030135	1.1605945	1.1065238	1.0463005	0.96588254	0.8920968	0.7888609	0.6945962	0.59737414	0.50431234	0	0	0	0	
1	0.6483473	1.2149001	1.0673878	0.87696904	0.7176907	0	0	0	0	0	0	0	0	0	0	0	0	0	0	0	0	0	0	0	
1	0.81230205	1.331463	1.3357986	1.3119005	1.2942564	1.2712183	1.2571903	1.2448679	1.2304147	1.2110871	1.1847365	1.1473426	1.1171025	1.0585986	1.013539	0.94869787	0.8586488	0.77444375	0.68581134	0.5858965	0	0	0	0	
1	0.7467686	1.3158704	1.2838653	1.2133331	1.1659673	1.1024058	1.0245247	0.93642664	0.83682317	0.73972446	0.6401498	0.5474747	0	0	0	0	0	0	0	0	0	0	0	0	
1	0.655914	0	0.71019375	0.53001153	0	0	0	0	0	0	0	0	0	0	0	0	0	0	0	0	0	0	0	0	
1	0.80592406	1.3133796	1.2952063	1.2576114	1.2402782	1.2127203	1.1752127	1.1304394	1.0720367	1.0054343	0.9199553	0.82966155	0.74621457	0.7099029	0.6559929	0.5902254	0.5093308	0	0	0	0	0	0	0	
1	0.7170841	1.2705774	1.2592435	1.1663532	1.0907161	0.9921164	0.8774004	0.7584169	0.6495746	0.56393737	0	0	0	0	0	0	0	0	0	0	0	0	0	0	
1	0	0	0.68684804	0.5156774	0	0	0	0	0	0	0	0	0	0	0	0	0	0	0	0	0	0	0	0	
1	0.8387317	1.3300892	1.3254703	1.3065648	1.2814103	1.2631236	1.2489815	1.2332515	1.2073702	1.1776778	1.1404155	1.0929686	1.0237274	0.9534628	0.8642641	0.7860234	0.7106234	0.63393897	0.5613576	0	0	0	0	0	
1	0.7512553	1.3193991	1.2785838	1.2301958	1.196154	1.1450038	1.0804503	1.0036706	0.9127735	0.81673634	0.7140361	0.6204199	0.5388127	0	0	0	0	0	0	0	0	0	0	0	
1	0.6729106	1.103023	0	0	0	0	0	0	0	0	0	0	0	0	0	0	0	0	0	0	0	0	0	0	
1	0.8088213	1.3204603	1.3074678	1.266496	1.2543931	1.2335244	1.207074	1.1815453	1.166559	1.1485695	1.1230834	1.0839949	1.0198904	0.95010394	0.8541461	0.76646507	0.66817176	0.57439196	0	0	0	0	0	0	
1	0.72746223	1.2851452	1.2833765	1.2109562	1.1589096	1.0895343	1.0032315	0.90348446	0.7936055	0.7000933	0.61525875	0.53886	0	0	0	0	0	0	0	0	0	0	0	0	
1	0.7720439	1.3228167	1.3059192	1.2857487	1.2746252	1.236459	1.1977656	1.1560537	1.1066892	1.0445987	0.96895754	0.87709767	0.7811731	0.70545864	0.6580822	0.6164947	0.55822873	0.532089	0	0	0	0	0	0	
1	0.7118726	1.2874204	1.1832565	1.0450451	0.92005813	0.773892	0.650473	0.5549944	0	0	0	0	0	0	0	0	0	0	0	0	0	0	0	0	
1	0.8631307	1.3333119	1.3247777	1.3126109	1.2779026	1.2591468	1.2466135	1.228188	1.2043302	1.1741992	1.1341714	1.0776125	1.0218551	0.9364359	0.8475899	0.7479578	0.65275955	0.5841754	0.5110579	0	0	0	0	0	
1	0.7492793	1.2934465	1.2473408	1.166766	1.0979767	1.0037197	0.8951388	0.7816689	0.6682702	0.5738963	0	0	0	0	0	0	0	0	0	0	0	0	0	0	
1	0.6520476	1.1871492	1.012263	0.7960184	0	0	0	0	0	0	0	0	0	0	0	0	0	0	0	0	0	0	0	0	
1	0.77651286	1.327225	1.3080537	1.2956468	1.298563	1.2765251	1.254459	1.2355626	1.2165171	1.1909105	1.1541845	1.1055334	1.0537795	0.9869368	0.9166637	0.8494217	0.7642807	0.6644563	0.564163	0	0	0	0	0	
1	0.6821753	1.2676771	1.0984797	0	0.7596293	0.6239748	0.51494944	0.58910024	0.50029904	0	0	0	0	0	0	0	0	0	0	0	0	0	0	0	
1	0.818843	1.3290181	1.3130828	1.2896662	1.2587008	1.2316977	1.2064608	1.1742297	1.1336408	1.0858405	1.0294999	0.9643075	0.8917453	0.8055095	0.72670746	0.6457038	0.5596456	0	0	0	0	0	0	0	
1	0.72289276	1.2889917	1.2663045	1.1889659	1.1271673	1.0433964	0.9425982	0.8314903	0.71509457	0	0	0	0	0	0	0	0	0	0	0	0	0	0	0	
1	0.78400403	1.3244425	1.3135431	1.2735038	1.2385753	1.1853645	1.1305116	1.0703112	0.99410146	0.9066082	0.80849785	0.7113643	0.627698	0.5435395	0.50212926	0	0	0	0	0	0	0	0	0	
1	0	1.2589505	0.8634557	0.8262382	0.6803571	0	0	0	0	0	0	0	0	0	0	0	0	0	0	0	0	0	0	0	
1	0.8575211	1.3321221	1.323746	1.3055357	1.2824175	1.2684475	1.2574781	1.2459288	1.2281905	1.206845	1.1759347	1.1387867	1.0963403	1.0339779	0.956946	0.87837243	0.77352506	0.668585	0.55178934	0	0	0	0	0	
1	0.74410284	1.2595339	1.2352005	1.2127111	1.1677232	1.1022972	1.0207702	0.92842805	0.82210135	0.7193349	0.62178314	0	0	0	0	0	0	0	0	0	0	0	0	0	
1	0.73043185	1.2587004	1.2843597	1.2379439	1.2009909	1.1542025	1.0976229	1.0318148	0.95489967	0.875438	0.7870055	0.70171666	0.6230728	0.5491121	0.5107809	0	0	0	0	0	0	0	0	0	
1	0.752895	1.285072	1.1983732	1.0894399	0.9860648	0.856393	0.7265097	0.61096907	0.5134791	0	0	0	0	0	0	0	0	0	0	0	0	0	0	0	
1	0	0.727539	0.66924816	0	0	0	0	0	0	0	0	0	0	0	0	0	0	0	0	0	0	0	0	0	
1	0.86983615	1.3346038	1.3045667	1.3148878	1.2662729	1.25956	1.2607641	1.2568262	1.2426013	1.2248297	1.196362	1.167417	1.127474	1.0741476	1.0065747	0.93348736	0.8472127	0.75444084	0.6722686	0.5750451	0	0	0	0	
1	0.7414403	1.3072779	1.3186404	1.2079043	1.1601464	1.0921742	1.0097786	0.9157738	0.8120289	0.71068203	0.6095772	0.5194906	0	0	0	0	0	0	0	0	0	0	0	0	
1	0.6808526	1.2570429	1.0418164	0.83522755	0.6800536	0.5477754	0	0.5074426	0	0	0	0	0	0	0	0	0	0	0	0	0	0	0	0	
1	0.8539679	1.3372504	1.3288546	1.3269068	1.2866864	1.2796129	1.274726	1.2699312	1.2622312	1.2528974	1.2388866	1.2156132	1.199533	1.1644108	1.1305978	1.0642668	1.0022011	0.9222096	0.7980222	0.6928764	0.56825316	0	0	0	
1	0.73551697	1.270774	0	1.1471993	1.0703374	0.96804994	0.85445344	0.7422499	0.63394403	0.54380333	0	0	0	0	0	0	0	0	0	0	0	0	0	0	
1	0.6460169	0	1.1062547	0.9297848	0.77585614	0.62234443	0.50559646	0	0	0	0	0	0	0	0	0	0	0	0	0	0	0	0	0	
1	0.82061917	1.3298887	1.3123128	1.2584337	1.2246948	1.1908094	1.1871417	1.2132376	1.2335335	1.2350407	1.2185277	1.1885253	1.1458105	1.0899408	1.0235451	0.95807636	0.8600393	0.76109576	0.6433784	0.53166497	0	0	0	0	
1	0.6795085	1.241171	1.0802033	0.888158	0.73161644	0	0	0	0	0	0	0	0	0	0	0	0	0	0	0	0	0	0	0	
1	0.7995999	1.3276684	1.3177127	1.2713863	1.254311	1.2345649	1.2080612	1.1750724	1.1323042	1.0824604	1.0182439	0.942377	0.858286	0.76863784	0.67147285	0.57951087	0.50756675	0	0	0	0	0	0	0	
1	0.72907954	1.2967929	1.1427537	1.1567917	1.0830063	0.9810547	0.8666154	0.7498584	0.6434772	0.55408275	0	0	0	0	0	0	0	0	0	0	0	0	0	0	
1	0.86520076	1.3296821	1.3094132	1.2843289	1.2376814	1.2077132	1.1758482	1.1339114	1.0811677	1.0214006	0.9540203	0.8717347	0.79768175	0.714523	0.63019645	0.5535676	0	0	0	0	0	0	0	0	
1	0.8066084	1.3004743	1.3051125	1.1782012	1.1132109	1.0240394	0.9187782	0.8058856	0.6964616	0.6043034	0.5186479	0	0	0	0	0	0	0	0	0	0	0	0	0	
1	0.8376589	1.3306624	1.3273126	1.3118361	1.2918595	1.2724972	1.2638083	1.2538391	1.2408447	1.2237993	1.2025261	1.1742929	1.1355584	1.0988898	1.0420893	0.9686498	0.90423805	0.8182131	0.7052541	0.6061917	0.5156361	0	0	0	
1	0.7886535	1.3330148	1.3282123	1.279687	1.2631903	1.2502693	1.2319328	1.2058692	1.1752124	1.1360657	1.0825747	1.0202245	0.9441909	0.8583556	0.76182485	0.6699128	0.58005834	0	0	0	0	0	0	0	
1	0.7155318	1.2673801	1.2007223	1.080519	0.9723245	0.8380731	0.7079	0.6018459	0	0	0	0	0	0	0	0	0	0	0	0	0	0	0	0	
1	0.83828115	1.3343294	1.3249614	1.2975049	1.2582003	1.2414142	1.2498589	1.2604159	1.2690597	1.2690321	1.2612371	1.2458379	1.217276	1.2037381	1.1589404	1.1355344	1.0829973	0.9915041	0.90477735	0.7996226	0.66440254	0.531894	0	0	
1	0.7421113	1.3174134	1.277758	1.2213712	1.1807657	1.1229665	1.0506651	0.9674507	0.87056756	0.77113634	0.66905636	0.57239294	0	0	0	0	0	0	0	0	0	0	0	0	
1	0.7010257	0	1.0189964	0.92032224	0.7657855	0.5201196	0	0	0	0	0	0	0	0	0	0	0	0	0	0	0	0	0	0	
1	0.83964276	1.3300958	1.3196762	1.3056376	1.3036149	1.2826064	1.2637819	1.2526253	1.2388539	1.2218282	1.1963934	1.1636132	1.1305052	1.0725673	1.0151403	0.9422249	0.8390416	0.7491076	0.6327802	0.5128261	0	0	0	0	
1	0.7975194	1.3229587	1.3166174	1.2548001	1.2209986	1.1846133	1.1348543	1.0749911	0.99909914	0.9123868	0.81373435	0.7177697	0.63664454	0.56036395	0	0	0	0	0	0	0	0	0	0	
1	0.68105245	0	0	0	0	0	0	0	0	0	0	0	0	0	0	0	0	0	0	0	0	0	0	0	
1	0.5913212	0	1.307874	1.279158	1.2526217	0	1.215788	0	1.1541997	0	1.058527	0.98902833	0.9250003	0.84260947	0	0	0.58930165	0	0	0	0	0	0	0	
1	0.84806967	1.3283395	1.3081696	1.2449974	1.212725	1.2348695	1.1186799	1.1904225	0.97405046	1.1117569	0.5122537	0.68794745	0	0	0.750262	0.66979045	0	0.5145819	0	0	0	0	0	0	
1	0.6782405	1.2345992	0	0	0	0.6440532	0.52416515	0	0	0	0	0	0	0	0	0	0	0	0	0	0	0	0	0	
1	0.7712274	1.3160641	1.3052577	1.2675157	1.2494981	1.2731652	1.2462404	1.2041794	1.1573925	1.10719	1.045277	0.98768425	0.93754095	0.8822553	0.8331343	0.77513075	0.71108794	0.6445531	0.56434375	0	0	0	0	0	
1	0	1.1324446	0.91436774	0.6928523	0.5538576	0	0	0	0	0	0	0	0	0	0	0	0	0	0	0	0	0	0	0	
1	0.8678466	1.3255461	1.3162808	1.2954606	1.2460482	1.2235634	1.1927679	1.1088855	1.1045632	1.0485464	0.98255706	0.89929944	0.81966937	0.7271652	0.63589054	0.5004822	0	0	0	0	0	0	0	0	
1	0.8060224	1.3303204	0	1.255433	0	0	0	1.154372	0	0	0	0	0	0	0	0.55434805	0	0	0	0	0	0	0	0	
1	0.6833815	0	0	0.9834905	0.8475346	0.69960266	0.5733209	0	0	0	0	0	0	0	0	0	0	0	0	0	0	0	0	0	
1	0.8170375	1.3308625	1.3350805	1.3013831	1.2661761	1.2503711	1.2326512	1.2110012	1.1789818	1.1424803	1.098448	1.0447869	0.9766433	0.9038119	0.8221496	0.7327928	0.63567543	0.5561022	0	0	0	0	0	0	
1	0.6911047	0	1.2095633	1.0873469	0.98072267	0.84878325	0.7224472	0.61685467	0.52415	0	0	0	0	0	0	0	0	0	0	0	0	0	0	0	
1	0.8540911	1.3364902	1.3239746	1.296902	1.2559544	1.2540861	1.2619593	1.2678937	1.2667271	1.2630922	1.2504139	1.2313776	1.2167594	1.1792569	1.158825	1.1056904	1.0412369	0.9783065	0.8690857	0.74824184	0.6387133	0.50479007	0	0	
1	0.7309906	1.2615871	1.2030983	1.0783573	0.8969736	0.7509333	0.7971126	0.68245715	0	0	0	0	0	0	0	0	0	0	0	0	0	0	0	0	
1	0.6218671	0	0.973261	0.75624776	0.6056211	0	0	0	0	0	0	0	0	0	0	0	0	0	0	0	0	0	0	0	
1	0.8460068	1.3339223	1.3300691	1.316871	1.2903364	1.2714947	1.2597369	1.2493006	1.2316184	1.2114353	1.1812551	1.1487501	1.1057228	1.0473903	0.9666757	0.88972175	0.7838496	0.6816535	0.5851645	0.5313775	0	0	0	0	
1	0.7558337	1.3264643	1.3000121	1.2519094	1.2282639	1.1948223	1.1500179	1.0925202	1.0225314	0.9429374	0.8487835	0.7513565	0.670782	0.592199	0.5189378	0	0	0	0	0	0	0	0	0	
1	0.6829306	0	0	0	0	0	0	0	0	0	0	0	0	0	0	0	0	0	0	0	0	0	0	0	
1	0.843208	1.3124518	1.3239589	1.3056738	1.2906575	1.2688634	1.2537491	1.2397637	1.2179626	1.1916885	1.1589246	1.1164376	1.0543671	0.991665	0.9062241	0.8254395	0.7446221	0.66755795	0.57653785	0.5017573	0	0	0	0	
1	0.79303694	1.3350657	1.3248831	1.2711859	1.2475363	1.2265506	1.1971126	1.1590304	1.1113061	1.0547621	0.9803785	0.9017952	0.81112003	0.7198488	0.6233386	0.53702104	0	0	0	0	0	0	0	0	
1	0.6937902	1.254793	0	1.0143608	0.88452035	0.7366928	0.604119	0.514157	0	0	0	0	0	0	0	0	0	0	0	0	0	0	0	0	
1	0.8239883	1.3332863	1.3254817	1.3135616	1.2978742	1.2798868	1.2708151	1.2623491	1.2544912	1.2412219	1.2227856	1.1950591	1.1636001	1.1203675	1.0630144	1.014171	0.93826926	0.8887343	0.7940775	0.72503513	0.63223875	0.5325106	0	0	
1	0.70038486	1.2943866	1.1717341	1.0450789	0.9262544	0.7850485	0.65229267	0.54187554	0	0	0	0	0	0	0	0	0	0	0	0	0	0	0	0	
1	0	1.0672971	0.5123123	0.5637586	0	0	0	0	0	0	0	0	0	0	0	0	0	0	0	0	0	0	0	0	
1	0.81896174	1.3326089	1.3234395	1.3109621	1.2732171	1.2476894	1.2304361	1.20974	1.1787598	1.1367269	1.0780886	0.9960154	0.95623296	0.9425208	0.90762335	0.8857567	0.833056	0.77593994	0.71158934	0.6181786	0.5550653	0	0	0	
1	0.6969344	1.2568226	1.17032	1.0320084	0.9088441	0.76732403	0.6359904	0.5284059	0	0	0	0	0	0	0	0	0	0	0	0	0	0	0	0	
1	0	0	0	0	0.5718215	0	0	0	0	0	0	0	0	0	0	0	0	0	0	0	0	0	0	0	
1	0.7823784	1.3246229	1.3181871	1.2778076	1.2731771	1.230946	1.185056	1.1390297	1.0903287	1.0375079	0.9693974	0.89147896	0.8140195	0.7301486	0.64754915	0.6045335	0.5981434	0.57231617	0.5180627	0	0	0	0	0	
1	0.7246017	1.184322	1.1616068	1.0043001	0.8627803	1.0230908	0.614243	0.8132529	0	0	0	0	0	0	0	0	0	0	0	0	0	0	0	0	
1	0	1.1211367	0.88243866	0.662209	0.52263856	0	0	0	0	0	0	0	0	0	0	0	0	0	0	0	0	0	0	0	
1	0.82381153	1.3164963	1.3126355	1.2828691	1.2567172	1.2374411	1.2186111	1.1935233	1.1608884	1.1203961	1.0667714	1.00951	0.9355637	0.86309975	0.7804475	0.69318885	0.60201937	0.52506346	0	0	0	0	0	0	
1	0.79220986	1.3226688	1.2964132	1.2268099	1.0594083	0.9495694	0.82588136	0.70668024	0.6014673	0.52197456	0	0	0	0	0	0	0	0	0	0	0	0	0	0	
1	0.6611368	0	0	0	0	0	0	0	0	0	0	0	0	0	0	0	0	0	0	0	0	0	0	0	
1	0.8041188	1.3297555	1.3303769	1.301437	1.2662983	1.2367442	1.209772	1.1775526	1.1444008	1.1018717	1.045581	0.9789596	0.9007192	0.8150536	0.7266749	0.6383381	0.5707481	0.5025232	0	0	0	0	0	0	
1	0.7395826	1.2933798	1.2733123	1.2033573	1.1501257	1.0763849	0.98538387	0.8825451	0.77187806	0.6816667	0.598445	0.5246194	0	0	0	0	0	0	0	0	0	0	0	0	
1	0.65301764	1.1959518	0.99980235	0.7807462	0.6325206	0.5095655	0	0	0	0	0	0	0	0	0	0	0	0	0	0	0	0	0	0	
1	0.8468833	1.3348064	1.3323922	1.321964	1.2984214	1.2824417	1.2754185	1.2693365	1.2639763	1.2543555	1.2416974	1.2235137	1.1964754	1.1741567	1.1266114	1.0785788	1.0192581	0.9247148	0.8101291	0.69458073	0.564187	0	0	0	
1	0.7623825	1.3274077	1.2629242	1.18038	1.1157993	1.0272561	0.9227438	0.81194127	0.7044744	0.61128485	0.523693	0	0	0	0	0	0	0	0	0	0	0	0	0	
1	0.69369686	1.2085456	0	0	0	0	0	0	0	0	0	0	0	0	0	0	0	0	0	0	0	0	0	0	
1	0.8460368	1.3307053	1.3303285	1.3109596	1.2809483	1.256925	1.24008	1.2182119	1.1920485	1.1571336	1.1085267	1.0487037	0.9775577	0.8890372	0.8106164	0.74685466	0.67588675	0.6134317	0.52762425	0	0	0	0	0	
1	0.76114225	1.3053117	1.222272	1.1145004	1.0184908	0.89547473	0.7645771	0.64878917	0.5534093	0	0	0	0	0	0	0	0	0	0	0	0	0	0	0	
1	0	0	1.0783503	0.8875381	0.7265666	0.595438	0	0	0	0	0	0	0	0	0	0	0	0	0	0	0	0	0	0	
1	0.79017985	1.3272214	1.3311846	1.2966297	1.2804403	1.2448055	1.2129972	1.1840779	1.1469419	1.1045575	1.0524243	0.98494965	0.9260429	0.8506514	0.7662982	0.69873214	0.6293981	0.57210785	0.512085	0	0	0	0	0	
1	0.7311006	1.2845137	1.1150576	0.9457475	0.79621357	0.653021	0.5396295	0	0	0	0	0	0	0	0	0	0	0	0	0	0	0	0	0	
1	0.8193634	1.3229227	1.3278738	1.2909226	1.2473624	1.2191573	1.1871802	1.1448876	1.0901012	1.0250456	0.94237	0.8517782	0.7671246	0.6841857	0.6071477	0.53750426	0	0	0	0	0	0	0	0	
1	0.7132082	1.2720056	1.1303684	0.9619962	0	0	0	0	0	0	0	0	0	0	0	0	0	0	0	0	0	0	0	0	
1	0.8385682	1.3296217	1.324625	1.3054264	1.2838439	1.2624276	1.2485008	1.2309818	1.2102115	1.1826942	1.1455634	1.093555	1.0454255	0.9699885	0.8873321	0.8006148	0.6964091	0.58971304	0.5073799	0	0	0	0	0	
1	0.744118	1.3172545	1.2785333	1.2232596	1.1847671	1.1280168	1.056927	0.9748683	0.87734765	0.77722335	0.6742626	0.57643956	0.5020888	0	0	0	0	0	0	0	0	0	0	0	
1	0	0	1.1139235	0	0	0	0	0	0	0	0	0	0	0	0	0	0	0	0	0	0	0	0	0	
1	0.7901229	1.315126	1.2778482	1.2324364	1.1990296	1.1486887	1.0850681	1.0096387	0.9185132	0.81993866	0.7155934	0.6310176	0.5798197	0.52730834	0	0	0	0	0	0	0	0	0	0	
1	0.6518193	1.1977227	0	0.74291414	0.6052591	0	0	0	0	0	0	0	0	0	0	0	0	0	0	0	0	0	0	0	
1	0.7866206	1.3175715	1.2723433	1.2336005	1.1723673	1.1058143	1.0254055	0.9352937	0.8300697	0.73981833	0.67864525	0.61765087	0.5563118	0	0	0	0	0	0	0	0	0	0	0	
1	0.7302719	1.2406708	0	0.9502826	0.805222	0	0	0	0	0	0	0	0	0	0	0	0	0	0	0	0	0	0	0	
1	0	0	0.5754475	0	0	0	0	0	0	0	0	0	0	0	0	0	0	0	0	0	0	0	0	0	
1	0.76454765	1.32386	1.2859044	1.2787509	1.2508656	1.1973886	1.140223	1.074421	0.9896242	0.9429531	0.9084264	0.86952424	0.8261746	0.77152526	0.72057885	0.6534844	0.5947971	0.5514861	0.514284	0	0	0	0	0	
1	0.69186014	1.2073326	1.2005692	1.0700146	0.95371807	0.8144625	0.6895056	0.58489454	0	0	0	0	0	0	0	0	0	0	0	0	0	0	0	0	
1	0.7818826	1.3280402	1.335675	1.298466	1.300909	1.2784203	1.2581655	1.2407162	1.2246541	1.2021984	1.1710316	1.1254977	1.0834155	1.0094452	0.94224435	0.8534443	0.748501	0.64525956	0.5322694	0	0	0	0	0	
1	0.6869947	1.2540509	1.1002489	1.0882044	0.98174584	0.8512305	0.7200519	0	0	0	0	0	0	0	0	0	0	0	0	0	0	0	0	0	
1	0	0	0.6240471	0	0	0	0	0	0	0	0	0	0	0	0	0	0	0	0	0	0	0	0	0	
1	0.76970786	1.3142564	1.3049437	1.260099	1.2647425	1.3058115	1.3019097	1.2859101	1.2767904	1.2728238	1.2904758	1.3078607	1.2880689	1.2758607	1.302482	1.276989	1.2793311	1.2450931	1.1570542	1.125259	1.1034088	1.0203545	0.847496	0.7701664	
1	0.65808654	1.1963534	1.1052088	0	0.7751937	0.7308679	0.6797158	0.62250084	0.5636659	0.50873935	0	0	0	0	0	0	0	0	0	0	0	0	0	0	
1	0.8078726	1.3312018	1.3304625	1.2840991	1.2791927	1.2720456	1.263707	1.2519422	1.2345291	1.2128197	1.2292447	1.2529646	1.2486931	1.2515571	1.2363256	1.2129402	1.2010629	1.1478	1.064549	1.0221022	0.9287444	0.7775969	0.6449545	0	
1	0.7371012	1.3065317	0	1.2602193	1.242286	1.2170995	1.1832426	1.1436334	1.0916073	1.03552	0.96778387	0.8861059	0.8073928	0.7220598	0.6337687	0.55675715	0	0	0	0	0	0	0	0	
1	0.6634166	1.231398	0.9493728	0.7392884	0	0	0	0	0	0	0	0	0	0	0	0	0	0	0	0	0	0	0	0	
1	0	0	1.0044156	1.2780368	1.3138701	0	1.288018	0	1.2842143	0	1.280105	1.2766422	1.2631855	0	0	0	1.2095169	0	0	0	0	0	0	0	
1	0.799846	1.3299401	1.3280597	1.3053514	1.185961	1.2996365	1.2220207	1.2829895	1.1558132	1.2825215	1.0552771	0.9841556	0.9034	1.2655296	1.2451407	1.2468092	0.5234946	1.185988	1.167551	1.0926939	0.9555381	0.8877385	0.79912204	0.5937555	
1	0.6748704	1.2509638	0	0	0	0.6317766	0.52428836	0	0	0	0	0	0	0	0	0	0	0	0	0	0	0	0	0	
1	0	0	1.2811729	1.3097519	1.2895142	0	1.2510723	0	1.2157255	0	1.1521798	1.1069212	1.0535457	0	0	0	0.74567056	0	0	0	0	0	0	0	
1	0.79247123	1.32523	1.3220705	1.2112987	1.2388132	1.2667526	1.1717653	1.2361888	1.066515	1.1895549	0.9124659	0.8220638	0.72537124	0.9810564	0.9111567	0.8273731	0	0.6465274	0.54620343	0	0	0	0	0	
1	0.69783473	1.1748445	1.1206268	0.9559384	0.8096585	0.6604943	0.5442208	0	0	0	0	0	0	0	0	0	0	0	0	0	0	0	0	0	
1	0.67792374	0	1.3389184	1.3110819	1.3055696	0	1.2720003	0	1.25684	0	1.2290719	1.2037627	1.1801385	1.1424897	0	0	0.9545708	0	0	0	0	0	0	0	
1	0.79794884	1.3331684	1.328288	1.27734	1.2578112	1.2854806	1.2197295	1.2640911	1.1519084	1.2454538	1.0441927	0.9732831	0.8907768	0.80003077	1.0992101	1.0247539	0.5169438	0.8643681	0.73980415	0.6289262	0.5235238	0	0	0	
1	0.70919436	1.2728833	1.1754968	0.9460161	0.79161495	0	0	0	0	0	0	0	0	0	0	0	0	0	0	0	0	0	0	0	
1	0.807409	1.3307961	1.3304468	1.2954308	1.2615875	1.2322633	1.2034113	1.168884	1.1215887	1.0661591	0.99408525	0.90711904	0.81936383	0.7189589	0.62952304	0.5609101	0.50722885	0	0	0	0	0	0	0	
1	0.74473196	1.3007438	0	0	0	0	0	0	0	0	0	0	0	0	0	0	0	0	0	0	0	0	0	0	
1	0.8039936	1.3364936	1.3293878	1.3273937	1.3064297	1.2751838	1.2583392	1.2445421	1.229451	1.2077931	1.1783121	1.1357582	1.09216	1.023028	0.9535066	0.85993475	0.75369334	0.66091734	0.58901405	0.5370881	0	0	0	0	
1	0.75807595	1.3200611	1.2945775	1.2256931	1.1825571	1.1261106	1.0537369	0.968963	0.8699584	0.76762474	0.66260505	0.5768606	0.5126751	0	0	0	0	0	0	0	0	0	0	0	
1	0.68026686	1.2393961	0	0	0	0	0	0	0	0	0	0	0	0	0	0	0	0	0	0	0	0	0	0	
1	0.78156203	1.2805893	1.3352846	1.3119593	1.3134443	1.2973017	1.2854196	1.2797395	1.2780445	1.2736471	1.2682601	1.2618457	1.2463585	1.2374294	1.2125759	1.1985661	1.1448659	1.0973939	1.0449141	0.9390182	0.82153356	0.7413076	0.6037997	0	
1	0.80141145	1.3316634	1.3307801	1.2833353	1.2673564	1.2570605	1.2421733	1.2206824	1.1957929	1.1637743	1.1204754	1.0645657	1.0064456	0.92773914	0.8382787	0.7491836	0.6449543	0.54544944	0	0	0	0	0	0	
1	0.71009535	1.2864285	1.2445748	1.1623561	1.0919249	0.99801415	0.8924809	0.78464735	0.6753917	0.58128536	0	0	0	0	0	0	0	0	0	0	0	0	0	0	
1	0.7739658	1.3087947	1.2415034	1.139148	1.0557804	0.9444969	0.8206828	0.7320714	0.6517271	0.5898995	0.5299969	0	0	0	0	0	0	0	0	0	0	0	0	0	
1	0.59915775	0	0.8694371	0.6497821	0.51035285	0	0	0	0	0	0	0	0	0	0	0	0	0	0	0	0	0	0	0	
1	0.8531583	1.3281591	1.3223847	1.299358	1.2921823	1.2746642	1.2642628	1.2536309	1.2404385	1.2227261	1.2001126	1.1694995	1.1283982	1.0857221	1.0237126	0.9360696	0.857845	0.760119	0.6393873	0.5178581	0	0	0	0	
1	0.5143363	1.0115914	0.88288677	0.71817887	0.5869712	0.5723291	0	0	0	0	0	0	0	0	0	0	0	0	0	0	0	0	0	0	
1	0.81375927	1.3315716	1.3270836	1.3160007	1.3023468	1.2847927	1.2779593	1.2745081	1.2662663	1.2580742	1.2452883	1.2349485	1.2199756	1.1870666	1.1650627	1.121071	1.0410405	0.98901683	0.89156204	0.7568607	0.65997756	0.5340773	0	0	
1	0.72817594	1.3099197	1.2111118	0	0	0	0	0	0	0	0	0	0	0	0	0	0	0	0	0	0	0	0	0	
1	0	1.2420597	0	0.943264	0.7950473	0.6454165	0.52643234	0	0	0	0	0	0	0	0	0	0	0	0	0	0	0	0	0	
1	0.82799196	1.3333685	1.3243271	1.3224192	1.2948481	1.2747855	1.2625983	1.2509177	1.2378037	1.2187011	1.1917411	1.150874	1.1133333	1.043806	0.9775478	0.8957997	0.8323331	0.76119417	0.70990753	0.6217908	0.5508598	0	0	0	
1	0.75324667	1.3188571	1.2726984	1.1938564	1.1343343	1.0522226	0.9508667	0.8402479	0.74306715	0.6598142	0.5786695	0.5072596	0	0	0	0	0	0	0	0	0	0	0	0	
1	0.657672	0	1.0336984	0	0	0.548382	0	0	0	0	0	0	0	0	0	0	0	0	0	0	0	0	0	0	
1	0.7876041	1.3263376	1.3214424	1.2752236	1.29361	1.2905284	1.26709	1.2439628	1.2193574	1.1955394	1.1673385	1.1321385	1.0805783	1.0312661	0.9567067	0.8750238	0.7958343	0.7081476	0.6131184	0.5250344	0	0	0	0	
1	0.7503396	1.3014848	1.3164389	1.2541658	1.21883	1.1822475	1.1326803	1.0709224	0.9956001	0.9116463	0.81540364	0.7111893	0.6162551	0.5394365	0	0	0	0	0	0	0	0	0	0	
1	0.65751517	1.1498237	0.93757194	0.8837675	0.7437043	0.61857957	0.51702976	0	0	0	0	0	0	0	0	0	0	0	0	0	0	0	0	0	
1	0	0.63042796	0	0	0	0	0	0	0	0	0	0	0	0	0	0	0	0	0	0	0	0	0	0	
1	0.87422276	1.3309363	1.3265697	1.3299599	1.2916713	1.2680832	1.2585332	1.2475945	1.2293141	1.2076967	1.1816659	1.1491307	1.099938	1.0546733	0.981384	0.9006735	0.8158958	0.7149274	0.5968277	0	0	0	0	0	
1	0.8133576	1.3339576	1.3031093	1.2773265	1.262367	1.248716	1.2298529	1.2032871	1.1716753	1.1318313	1.0778832	1.014829	0.9394311	0.8546463	0.7555087	0.6632767	0.564771	0	0	0	0	0	0	0	
1	0.71301186	1.2765859	1.0795043	0.88833535	0.72881746	0.59515214	0	0	0	0	0	0	0	0	0	0	0	0	0	0	0	0	0	0	
1	0.6083498	0.58108866	1.3104482	1.3039446	1.2836044	1.2661557	1.2528822	0.5873553	1.2180479	1.1922376	1.1550623	1.1095518	1.05535	0.9807203	0.90951264	0.54509014	0.74654275	0	0	0	0	0	0	0	
1	0.8276888	1.3321799	1.3196216	1.220226	1.2289703	1.1970499	1.1537489	1.2384355	0.8736848	0.77900946	0.67783374	0.5843332	0.50363904	0	0.5100204	0.833367	0	0.6684205	0.585649	0.5014887	0	0	0	0	
1	0.70103216	1.2716756	1.1696311	0.9411862	0.78967965	0.64046556	0.5261424	0.5416844	0	0	0	0	0	0	0	0	0	0	0	0	0	0	0	0	
1	0.85838246	1.3286855	1.3154032	1.2844279	1.2720572	1.2481016	1.2258747	1.1996838	1.1659926	1.1250865	1.0716281	1.0041294	0.9344751	0.8501659	0.7539539	0.65770113	0.56297755	0	0	0	0	0	0	0	
1	0.72202015	1.2634454	1.2045615	1.083974	0.97646827	0.8431554	0.70976615	0.596391	0	0	0	0	0	0	0	0	0	0	0	0	0	0	0	0	
1	0.77328604	1.326849	1.3109443	1.3245761	1.3103241	1.2726177	1.2481964	1.2306026	1.2078866	1.1792543	1.1422797	1.0924305	1.0336232	0.9564316	0.8727753	0.77181774	0.6690557	0.57839197	0.51690906	0	0	0	0	0	
1	0.7888784	1.3297328	1.3148824	1.2547852	1.1536615	1.0847417	1.0007957	0.9068576	0.8027426	0.7019118	0.6045901	0.51566064	0	0	0	0	0	0	0	0	0	0	0	0	
1	0.6854241	1.1595329	0.955876	0.72810733	0.56921715	0	0	0	0	0	0	0	0	0	0	0	0	0	0	0	0	0	0	0	
1	0	0.9043647	0	0	0	0	0	0	0	0	0	0	0	0	0	0	0	0	0	0	0	0	0	0	
1	0.85690933	1.3373119	1.335758	1.339501	1.3055763	1.2865366	1.2843636	1.2838883	1.2801685	1.278011	1.2731395	1.2619293	1.262588	1.2493584	1.2392397	1.2068015	1.2020942	1.1579804	1.0557771	1.0072464	0.9264084	0.79066694	0.60378253	0	
1	0.7621077	1.3119279	1.269376	1.2094599	1.1644865	1.0983784	1.0184441	0.92726874	0.8256817	0.7262662	0.6266409	0.5362679	0	0	0	0	0	0	0	0	0	0	0	0	
1	0.78652257	1.3285586	1.2881647	1.2380848	1.2035022	1.156918	1.0986605	1.0295552	0.9473658	0.8605929	0.76363444	0.6675609	0.58103925	0	0	0	0	0	0	0	0	0	0	0	
1	0.73141193	1.2895188	1.2242267	1.1188034	1.0243074	0.90298206	0.7725691	0.65794533	0.5632942	0	0	0	0	0	0	0	0	0	0	0	0	0	0	0	
1	0.8179557	1.3316687	1.333336	1.3114864	1.2786596	1.2666602	1.2564421	1.2418491	1.2241299	1.2011766	1.1710473	1.1288491	1.0841751	1.0190231	0.9527983	0.8656545	0.7624705	0.6663761	0.556228	0	0	0	0	0	
1	0.73714215	1.316489	0	1.234265	1.230303	1.2000864	1.1585324	1.106116	1.0423452	0.9674351	0.8842676	0.78561056	0.6947791	0.59960705	0.51110023	0	0	0	0	0	0	0	0	0	
1	0	0	1.1836784	0	0	0	0	0	0	0	0	0	0	0	0	0	0	0	0	0	0	0	0	0	
1	0.79493797	1.3304808	1.3271668	1.314301	1.3034228	1.2697382	1.2457547	1.2282461	1.2076447	1.1815152	1.145249	1.1043931	1.0580567	0.9990554	0.9217561	0.85870355	0.7790119	0.6905753	0.59070617	0.5156136	0	0	0	0	
1	0.7004881	1.2700853	1.1975847	1.0744522	0.9656878	0.8353358	0.70717466	0.5954346	0.5000829	0	0	0	0	0	0	0	0	0	0	0	0	0	0	0	
1	0	0	0.9255262	0.7062381	0.5753487	0	0	0	0	0	0	0	0	0	0	0	0	0	0	0	0	0	0	0	
1	0.798251	1.3249339	1.3030101	1.2799996	1.2439562	1.2052364	1.16456	1.1153795	1.052358	0.97987115	0.89059216	0.7959524	0.70207566	0.61541873	0.5344023	0	0	0	0	0	0	0	0	0	
1	0.76289326	1.2822788	1.2695583	0	0	0	0	0	0	0	0	0	0	0	0	0	0	0	0	0	0	0	0	0	
1	0.8373267	1.3288686	1.3307291	1.3123472	1.2994565	1.2794611	1.2668679	1.2585641	1.2476525	1.2327473	1.2110754	1.1770316	1.150344	1.0940024	1.0441773	0.96455747	0.88973933	0.7909053	0.700058	0.59806895	0.5071377	0	0	0	
1	0.7478552	0	1.2214471	1.1129444	1.016072	0.8916166	0.7594946	0.6416552	0.5511236	0	0	0	0	0	0	0	0	0	0	0	0	0	0	0	
1	0	0	0.70924586	0.5311709	0	0	0	0	0	0	0	0	0	0	0	0	0	0	0	0	0	0	0	0	
1	0.6092321	0.5657653	1.3271052	1.3189511	1.2945439	0.571065	1.278043	0.5718607	1.2695023	0.56919223	1.2518276	1.2359928	1.2153599	1.1962231	1.1562215	0.5280006	1.0629174	0	0	0	0	0	0	0	
1	0.8571797	1.3312079	1.3232735	1.2722834	1.2522768	1.2829086	1.2075431	1.2733662	1.130579	1.2620732	1.0147798	0.93607306	0.8511078	0.758535	0.6592086	1.1133703	0	0.97320455	0.89377683	0.78723186	0.67034966	0.5709339	0	0	
1	0.71373826	1.2736206	1.2037688	1.0835184	0.9743932	0.83805656	0.7084949	0.60658884	0.51396525	0	0	0	0	0	0	0	0	0	0	0	0	0	0	0	
1	0	1.1568683	0	0.72052	0	0	0	0	0	0	0	0	0	0	0	0	0	0	0	0	0	0	0	0	
1	0.7979783	1.3335721	1.3286474	1.3129109	1.3103034	1.292579	1.2800115	1.2763156	1.2730018	1.2679002	1.2596061	1.2451667	1.2336947	1.2163997	1.1894454	1.1497856	1.1200587	1.052398	0.9380653	0.8660743	0.75838315	0.62001395	0	0	
1	0.7937349	1.3267962	1.3322556	1.2864455	1.2712144	1.262473	1.2508518	1.2333412	1.211655	1.1841735	1.1478376	1.0967599	1.0445719	0.9620284	0.88449395	0.7881651	0.68533957	0.5938614	0.50636125	0	0	0	0	0	
1	0.71136606	1.2802914	1.2127956	1.094179	0.98950106	0.85854423	0	0.616666	0.53189343	0	0	0	0	0	0	0	0	0	0	0	0	0	0	0	
1	0.7820542	1.3180261	1.3204639	1.2785373	1.2311194	1.1932918	1.1478579	1.0923367	1.0231812	0.9428658	0.85308594	0.7522909	0.7030382	0.68618697	0.6547006	0.6341946	0.60358316	0.55477995	0.5051776	0	0	0	0	0	
1	0.673341	1.2393216	1.1387334	0.9767331	0.8350619	0.68251735	0.558975	0	0	0	0	0	0	0	0	0	0	0	0	0	0	0	0	0	
1	0.79691	1.3261778	1.2835162	1.2626148	1.2231522	1.1716912	1.1137487	1.0433567	0.9567947	0.8636855	0.76077557	0.6857273	0.6267158	0.5618025	0	0	0	0	0	0	0	0	0	0	
1	0.67316556	1.2040902	1.0561169	0.8552887	0.6970891	0.56435615	0	0	0	0	0	0	0	0	0	0	0	0	0	0	0	0	0	0	
1	0.81794375	1.332035	1.3270636	1.3000675	1.2840488	1.2558194	1.2325892	1.2094839	1.1807648	1.1450005	1.0956484	1.0445179	0.9761973	0.9070953	0.82200885	0.73058987	0.63443	0.5563125	0	0	0	0	0	0	
1	0.74250114	1.3116598	1.279682	0	0	0.86334664	0.7340249	0.61763	0.8330862	0.73554456	0.6403794	0.55153334	0	0	0	0	0	0	0	0	0	0	0	0	
1	0.6699495	1.2162043	0.73417765	0.551625	0	0	0	0	0	0	0	0	0	0	0	0	0	0	0	0	0	0	0	0	
1	0.7733543	1.3238478	1.2859517	1.271969	1.2302608	1.1768817	1.1201454	1.0540758	0.9714988	0.8803524	0.77375025	0.69082123	0.62781554	0.5617098	0	0	0	0	0	0	0	0	0	0	
1	0.6887795	1.2500026	1.0796647	0.9964788	0.85806316	0.7083564	0.59529096	0.5066143	0	0	0	0	0	0	0	0	0	0	0	0	0	0	0	0	
1	0	0	0	0.5841554	0	0	0	0	0	0	0	0	0	0	0	0	0	0	0	0	0	0	0	0	
1	0.77454746	1.3228062	1.2902383	1.2231163	1.2359278	1.1775792	1.0911362	1.0013062	0.89970124	0.8783021	0.8740971	0.8695485	0.8606702	0.84535843	0.8321185	0.8103431	0.7596428	0.73521745	0.6794799	0.58948255	0.5243188	0	0	0	
1	0.67557555	1.1156873	1.0098653	0.79565555	0.6390261	0.50915223	0	0	0	0	0	0	0	0	0	0	0	0	0	0	0	0	0	0	
1	0.514263	0	0.52571577	0.57351077	0.7739078	0	0.96965295	0	1.0315144	0	0.9948385	0.93449	0.8559479	0.75882024	0	0	0.50389415	0	0	0	0	0	0	0	
1	0.7814993	1.3290995	1.3209454	1.2636701	1.2752872	1.2546779	1.2173619	1.1794001	1.1350636	1.0855943	1.0216261	0.9399139	0.7173302	0.6179393	0.65478617	0.5567239	0	0.5105936	0.5046092	0	0	0	0	0	
1	0.6910017	1.231707	1.1659869	1.017	0.88564914	0.7376488	0.5285358	0	0	0	0	0	0	0	0	0	0	0	0	0	0	0	0	0	
1	0.81897134	1.3279676	1.3308227	1.2988766	1.2689064	1.2434132	1.2194325	1.1910843	1.1497574	1.1013427	1.0386839	0.9596411	0.8892911	0.80307347	0.7335773	0.69029474	0.63307476	0.59143275	0.5232082	0	0	0	0	0	
1	0.7384256	1.2898527	1.2709417	1.1904573	1.1316754	1.0532352	0.9594365	0.85841465	0.7505853	0.65235627	0.5581111	0	0	0	0	0	0	0	0	0	0	0	0	0	
1	0	0	0.85895073	0.64415693	0.5098972	0	0	0	0	0	0	0	0	0	0	0	0	0	0	0	0	0	0	0	
1	0.7990194	1.3273128	1.3326957	1.2969931	1.293532	1.267274	1.2412401	1.2200887	1.1917187	1.1585709	1.1170638	1.0634584	0.99630046	0.9215574	0.83366245	0.73794067	0.64183193	0.57592946	0.5638254	0.52432746	0	0	0	0	
1	0.73322016	1.180236	1.0763788	0.8770884	0.7226354	0.5864681	0	0	0	0	0	0	0	0	0	0	0	0	0	0	0	0	0	0	
1	0.73761773	1.2388138	1.2082113	1.1440191	1.0580342	0.93904006	0.80938125	0.68262	0.62417585	0.6170072	0.60820055	0.5971534	0.5793751	0.56286865	0.5301597	0.5069212	0	0	0	0	0	0	0	0	
1	0.63640696	0	0	0	0.5369609	0	0	0	0	0	0	0	0	0	0	0	0	0	0	0	0	0	0	0	
1	0.85789376	1.3357738	1.3291161	1.3303045	1.2901363	1.2798175	1.2767912	1.2712055	1.2646828	1.2549896	1.2430288	1.2271901	1.1974816	1.1792052	1.1261169	1.0940214	1.0298508	0.92971706	0.84061986	0.7248989	0.5893284	0	0	0	
1	0.7424824	1.3128818	1.2791228	1.232835	1.2004672	1.1530585	1.0934745	1.0226604	0.940172	0.8552854	0.7590504	0.66375554	0.58088815	0.503316	0	0	0	0	0	0	0	0	0	0	
1	0.87553257	1.3200201	1.318495	1.302881	1.2664028	1.2528977	1.2342595	1.2176545	1.223104	1.2211332	1.2094721	1.1837335	1.1388583	1.0953757	1.0285095	0.9455195	0.8669277	0.7650249	0.6379243	0.5198768	0	0	0	0	
1	0.80664045	1.3260658	1.31641	1.2610704	1.2357197	1.2070006	1.1680106	1.119958	0.66675866	0.57585377	0	0	0	0	0	0	0	0	0	0	0	0	0	0	
1	0.6964085	1.2733332	0.9662715	0.749692	0.60638636	0	0	0	0	0	0	0	0	0	0	0	0	0	0	0	0	0	0	0	
1	0.8201197	1.332187	1.3303269	1.3238599	1.2970368	1.2826576	1.2765181	1.2735171	1.2680714	1.2607626	1.2498453	1.2315195	1.2173833	1.192442	1.1618341	1.1042274	1.0670544	0.994375	0.87414646	0.773738	0.65933853	0.5253728	0	0	
1	0.7576876	1.3009266	1.2887801	1.1765907	1.112929	1.0232447	0.917357	1.0691333	0.696826	0.6089801	0	0	0	0	0	0	0	0	0	0	0	0	0	0	
1	0	1.1678793	0.96629566	0.7444426	0.68795663	0	0	0	0	0	0	0	0	0	0	0	0	0	0	0	0	0	0	0	
1	0.78494024	1.3258939	1.3328907	1.3124738	1.311218	1.2927281	1.2799557	1.2730929	1.2686176	1.2608294	1.2511028	1.2388407	1.2150807	1.1995195	1.1569077	1.1340817	1.0754664	0.97912514	0.89848185	0.79179263	0.6600361	0.5198147	0	0	
1	0.77408946	1.3274437	1.3007985	1.252115	1.2284867	1.1947958	1.1507517	1.095073	1.0249299	0.94916344	0.8561074	0.7548486	0.660437	0.5703435	0	0	0	0	0	0	0	0	0	0	
1	0.69400805	0	1.1604583	1.0126358	0.8835507	0.73895115	0.61231667	0.5120671	0	0	0	0	0	0	0	0	0	0	0	0	0	0	0	0	
1	0.74384624	1.2969632	1.2949716	1.2630626	1.2377611	1.2074165	1.1685252	1.1190398	1.0566353	1.121251	1.16411	1.1728715	1.1782389	1.1633759	1.1227263	1.061012	1.037649	1.0096246	1.0154719	0.93815434	0.87971175	0.7472429	0.71593916	0.6363477	
1	0.76752925	1.2138652	1.2164378	1.0977583	0.99403155	0.8766119	0.7622321	0.66311	0.5944382	0.5546183	0.5131442	0	0	0	0	0	0	0	0	0	0	0	0	0	
1	0	0.92923087	0.693106	0.5182519	0	0	0	0	0	0	0	0	0	0	0	0	0	0	0	0	0	0	0	0	
1	0.7953221	1.3237695	1.3280032	1.2756898	1.249918	1.2303618	1.2013156	1.165359	1.1167327	1.0604151	0.98758936	0.89931506	0.8503852	0.82207394	0.7907422	0.7507278	0.69689417	0.6459843	0.56906956	0.51392686	0	0	0	0	
1	0.67282295	1.2297738	1.1443661	0.87161356	0.7143539	0.6755041	0.5620481	0	0	0	0	0	0	0	0	0	0	0	0	0	0	0	0	0	
1	0.8210053	1.3357675	1.3361242	1.3255665	1.3083444	1.2864027	1.2798738	1.2769843	1.2720567	1.2643987	1.2561458	1.2474521	1.2315624	1.2108577	1.1859586	1.1572099	1.0888041	1.0365632	0.9623053	0.8427816	0.71056867	0.60353327	0.50032115	0	
1	0.7346034	1.3006479	1.2206558	1.1215172	1.0309912	0.91211724	0.78578645	0.6687576	0.5683598	0	0	0	0	0	0	0	0	0	0	0	0	0	0	0	
1	0.8217347	1.3308519	1.3234607	1.3120172	1.2795457	1.2486494	1.2227074	1.1961374	1.16244	1.1220242	1.0701785	1.00455	0.9405074	0.8617106	0.77176934	0.68847626	0.6103657	0.53728545	0	0	0	0	0	0	
1	0.7362959	1.3042337	1.1436111	1.1504443	1.0738395	0.9692423	0.8505992	0.73129284	0	0	0	0	0	0	0	0	0	0	0	0	0	0	0	0	
1	0.78512996	1.3263531	1.3121477	1.2686143	1.2956828	1.2798147	1.2488388	1.2183172	1.1896733	1.1558558	1.1075665	1.0524331	0.9808406	0.89940566	0.8038866	0.7093383	0.6339203	0.640587	0.62458885	0.576588	0.51607835	0	0	0	
1	0.66675514	1.2433864	1.1385096	0.9812585	0.8390038	0.6845979	0	0	0	0	0	0	0	0	0	0	0	0	0	0	0	0	0	0	
1	0.54987454	0	0	0	0	0	0	0	0	0	0	0	0	0	0	0	0	0	0	0	0	0	0	0	
1	0.83571196	1.3384898	1.3340139	1.3340269	1.2968132	1.2832601	1.2797295	1.2772073	1.269942	1.2641432	1.2537558	1.2405238	1.2310745	1.1996508	1.1841139	1.1347251	1.087757	1.0323004	0.9268437	0.82220453	0.7201016	0.581905	0	0	
1	0.77625597	1.3265946	1.2896624	1.239804	1.2117376	0.977377	0.86089855	0.7438329	0.6316714	0.5470378	0	0	0	0	0	0	0	0	0	0	0	0	0	0	
1	0.6885719	1.2499079	1.1509424	1.0010648	0.8684992	0.7203131	0.59035647	0	0	0	0	0	0	0	0	0	0	0	0	0	0	0	0	0	
1	0.80935967	1.3152648	1.2979373	1.2829304	1.267364	1.2224693	1.1759322	1.1297724	1.0699731	1.0014267	0.91341436	0.81458247	0.72467256	0.648609	0.6075519	0.5846195	0.5411568	0.513931	0	0	0	0	0	0	
1	0.7777048	1.3213114	1.2977585	1.2263966	1.189592	1.1347307	1.0653988	0.98401606	0.88686806	0.787082	0.6851918	0.59613585	0.5199414	0	0	0	0	0	0	0	0	0	0	0	
1	0.6539551	1.1652894	1.0661985	0.74002504	0.5842973	0.5746085	0	0	0	0	0	0	0	0	0	0	0	0	0	0	0	0	0	0	
1	0.8475039	1.3111004	1.2970401	1.3133615	1.282891	1.2454659	1.2172445	1.1908851	1.1521486	1.1081263	1.0538309	0.9837353	0.9094754	0.8218837	0.73381346	0.6451975	0.59749925	0.5449534	0	0	0	0	0	0	
1	0.71514016	1.2623272	1.2168295	1.1009178	0.99780613	0.86935025	0.73579997	0.6162297	0.5181012	0	0	0	0	0	0	0	0	0	0	0	0	0	0	0	
1	0.82878846	1.3107218	1.2645628	1.2687005	1.2632765	1.2310895	1.1909505	1.1495094	1.0953275	1.0335522	0.95442796	0.8634319	0.78115934	0.70479345	0.6302907	0.56114465	0	0	0	0	0	0	0	0	
1	0.7149862	1.2554612	1.1776767	1.0405468	0.9150944	0.7677985	0.6383646	0.5432996	0	0	0	0	0	0	0	0	0	0	0	0	0	0	0	0	
1	0	0	0	0.60194707	0	0	0	0	0	0	0	0	0	0	0	0	0	0	0	0	0	0	0	0	
1	0.79307294	1.3280532	1.3221624	1.2983147	1.3044207	1.2805486	1.2551336	1.2377042	1.2156199	1.1909444	1.15689	1.1177253	1.0617918	1.0015999	0.915214	0.81562513	0.7150165	0.60634196	0.5640137	0.5420995	0	0	0	0	
1	0.788976	1.3059871	1.2844362	1.216592	1.1742016	1.112014	1.0349891	0.94747645	0.84930474	0.7501092	0.651307	0.5583702	0	0	0	0	0	0	0	0	0	0	0	0	
1	0.6897894	0	0	0	0	0	0.55001193	0	0	0	0	0	0	0	0	0	0	0	0	0	0	0	0	0	
1	0.8165893	1.3081185	1.3013111	1.307855	1.2732499	1.2421206	1.2179576	1.1888659	1.1504824	1.103695	1.0416965	0.96680665	0.880897	0.7852014	0.68846774	0.6118446	0.5356132	0	0	0	0	0	0	0	
1	0.7169031	0	1.2217548	0	0	0.70816046	0	0	0	0	0	0	0	0	0	0	0	0	0	0	0	0	0	0	
1	0.8621297	1.3212013	1.2912142	1.2796161	1.2778833	1.241082	1.1999463	1.1613137	1.114115	1.0582397	0.98875034	0.91266394	0.8370804	0.7599191	0.6760549	0.63474447	0.5983127	0.54023904	0	0	0	0	0	0	
1	0.77311134	1.2944348	1.2631284	1.1783997	1.1133598	1.0277066	0.9276837	0.8210611	0.7100997	0.61175865	0.5223416	0	0	0	0	0	0	0	0	0	0	0	0	0	
1	0.61044806	1.0972759	0	0.63423145	0	0	0	0	0	0	0	0	0	0	0	0	0	0	0	0	0	0	0	0	
1	0.8863278	1.3341457	1.3344893	1.342606	1.3110925	1.2870603	1.2841641	1.2836083	1.2815288	1.2792904	1.2751544	1.2662636	1.2609979	1.2539842	1.2351515	1.2187321	1.2025424	1.1437659	1.0783955	1.029734	0.9284341	0.7679391	0.6658819	0	
1	0.7836847	1.3290533	1.3231807	1.2681675	1.2443135	1.2205346	1.1882889	1.144849	1.0920035	1.0273073	0.94992626	0.85793775	0.76256543	0.67185444	0.593114	0.52078205	0	0	0	0	0	0	0	0	
1	0.70880574	1.2352366	1.2015002	1.0792993	0.97013956	0.83578134	0.7037265	0.5948368	0.5014963	0	0	0	0	0	0	0	0	0	0	0	0	0	0	0	
1	0	0	0.81165034	0	0	0	0	0	0	0	0	0	0	0	0	0	0	0	0	0	0	0	0	0	
1	0.81294096	1.3272823	1.3291951	1.3039207	1.2790112	1.2536354	1.2341977	1.2122619	1.1832811	1.1473681	1.0973792	1.0446981	0.97312874	0.8986816	0.80577755	0.70995605	0.61406314	0.519854	0	0	0	0	0	0	
1	0.7719399	1.3034277	1.3092076	1.2499849	1.2197418	1.1831167	1.1335857	1.074622	1.0011926	0.91806287	0.82545793	0.7260647	0.63290745	0.5443614	0	0	0	0	0	0	0	0	0	0	
1	0.82681125	1.3287731	1.3317051	1.3005071	1.2902184	1.2615471	1.2355747	1.2140054	1.1826355	1.14571	1.1003054	1.0421609	0.96792483	0.8931656	0.8063373	0.7192251	0.6333205	0.5646011	0.51463234	0	0	0	0	0	
1	0.7361313	1.2446067	1.1494296	0.99763554	0.8644674	0.71704745	0.5889058	0	0	0	0	0	0	0	0	0	0	0	0	0	0	0	0	0	
1	0	1.1354731	0.8964338	0	0	0	0	0	0	0	0	0	0	0	0	0	0	0	0	0	0	0	0	0	
1	0.69133335	1.2431881	1.2375236	1.1664599	1.0845926	0.9869705	0.8847725	0.7830148	0.681725	0.62351686	0.60841244	0.58992684	0.56268394	0.5380569	0	0	0	0	0	0	0	0	0	0	
1	0.7547538	1.2647187	1.1878158	1.0674875	0.953002	0.8159083	0.68288666	0.571885	0	0	0	0	0	0	0	0	0	0	0	0	0	0	0	0	
1	0.8574526	1.3234383	1.3292015	1.328781	1.2876987	1.2652898	1.2534877	1.2384107	1.2185047	1.1930288	1.1566873	1.1106408	1.0588027	0.9845279	0.90780777	0.8244292	0.7431288	0.66553915	0.5832394	0.52739024	0	0	0	0	
1	0.8214468	1.3341072	1.2787868	1.2750673	1.2586952	1.2445711	1.2217767	1.1947479	1.1564093	1.1129643	1.0587326	0.98771864	0.9137377	0.8185148	0.72408223	0.629951	0.5337232	0	0	0	0	0	0	0	
1	0.81870425	1.3245546	1.2924159	1.2554065	1.2001292	1.1416605	1.0729448	0.987422	0.89950407	0.8263808	0.75092286	0.67861676	0.6193317	0.5718166	0.5118762	0	0	0	0	0	0	0	0	0	
1	0.8234561	1.2901994	1.2807968	1.1450025	1.202008	1.153187	1.0925953	1.0220872	0.93634194	0.8428889	0	0	0	0	0	0	0	0	0	0	0	0	0	0	
1	0.62340003	0	1.0709939	0	0.72081465	0	0	0	0	0	0	0	0	0	0	0	0	0	0	0	0	0	0	0	
1	0.8495942	1.3302383	1.319929	1.3113077	1.2923932	1.2616097	1.2406441	1.2215637	1.1941293	1.1608407	1.1183728	1.0614926	0.9963043	0.90888286	0.81884533	0.7157226	0.63346535	0.55910605	0	0	0	0	0	0	
1	0.6890259	0	1.2524694	1.1673352	1.0966773	1.0004584	0.8894016	0.7731947	0.6569847	0.56390744	0	0	0	0	0	0	0	0	0	0	0	0	0	0	
1	0.6075778	1.324754	1.3121899	1.3187835	1.2917485	1.2790152	1.2748955	1.2696607	1.2598671	1.2478217	1.2342764	1.2189997	1.1950481	1.1632179	1.1215326	1.0784631	0.99925804	0.9071939	0.81336164	0.68955237	0.55618954	0	0	0	
1	0.8518753	1.334556	1.3282354	1.2459004	1.2576629	1.24184	1.2192053	1.1895459	1.1513715	1.1057445	1.0459542	0.9725141	0.89214003	0.8002568	0.70033616	0.6064176	0.513502	0	0	0	0	0	0	0	
1	0.7067419	1.2740203	1.1992704	1.0740904	0.9590225	0.8165229	0.69177246	0.59785753	0.51606625	0	0	0	0	0	0	0	0	0	0	0	0	0	0	0	
1	0.8339326	1.3255899	1.3207164	1.2939306	1.2778205	1.2691447	1.260029	1.246199	1.2315928	1.2113912	1.1840012	1.1440202	1.1073687	1.0441599	0.9868948	0.9067976	0.80128115	0.70754075	0.5986567	0	0	0	0	0	
1	0.7563807	1.298724	1.2863415	1.220261	1.1751915	1.1152543	1.0394753	0.95290554	0.8511285	0.750762	0.65359646	0.56474036	0	0	0	0	0	0	0	0	0	0	0	0	
1	0.8596178	1.3320582	1.3162361	1.3157245	1.2844489	1.2519691	1.2325164	1.2092853	1.180309	1.1436266	1.0945866	1.0335907	0.9675003	0.8853053	0.79084927	0.7006985	0.5988423	0.5088615	0	0	0	0	0	0	
1	0.81475425	1.3052354	1.3175126	1.2658359	1.2447288	1.2209284	1.1879498	1.1464608	1.090951	1.0296307	0.95356387	0.8608186	0.7702458	0.6727898	0.5856446	0.50975305	0	0	0	0	0	0	0	0	
1	0.666081	1.2117186	1.0568271	0.85752296	0.6960918	0	0	0	0	0	0	0	0	0	0	0	0	0	0	0	0	0	0	0	
1	0.834088	1.3376822	1.3304609	1.331821	1.2978306	1.284214	1.2822528	1.2794167	1.2781705	1.273683	1.2680483	1.259806	1.2406641	1.2372082	1.1997647	1.1948779	1.1534196	1.0684986	1.029668	0.9424034	0.8092553	0.6922226	0.5738135	0	
1	0.73532736	1.3141054	1.2257664	1.0431589	0.9191233	0.77638024	0.65231717	0.79081553	0.69804883	0.6214906	0.54873997	0	0	0	0	0	0	0	0	0	0	0	0	0	
1	0.6456584	0	0.9773175	0	0	0	0	0	0	0	0	0	0	0	0	0	0	0	0	0	0	0	0	0	
1	0.8567925	1.3394485	1.3359332	1.3369588	1.3054397	1.2759697	1.2656695	1.2568681	1.2741139	1.2836171	1.2846745	1.2769722	1.270396	1.2471164	1.2463193	1.2119536	1.2082529	1.1814376	1.100871	1.0030456	0.9491678	0.84370446	0.6725024	0	
1	0.7894609	1.3285314	1.3019139	1.246108	1.2218719	1.1840066	1.1351122	1.0762401	1.0038271	0.9211472	0.83116305	0.73227775	0.64113826	0.5519917	0	0	0	0	0	0	0	0	0	0	
1	0.69261277	0	0.8788564	0.6625799	0.5259028	0	0	0	0	0	0	0	0	0	0	0	0	0	0	0	0	0	0	0	
1	0.85091746	1.334242	1.322436	1.3146642	1.2903861	1.2805793	1.278186	1.274031	1.2658349	1.255741	1.2448019	1.2332271	1.2148303	1.1858941	1.1560671	1.116853	1.0390148	0.9671862	0.87614506	0.7474122	0.6176012	0	0	0	
1	0.7020123	1.2746664	1.2178129	1.1054941	1.0041897	0	0	0	0.54654294	0	0	0	0	0	0	0	0	0	0	0	0	0	0	0	
1	0	0	0.95371306	0.73793644	0.59152055	0	0	0	0	0	0	0	0	0	0	0	0	0	0	0	0	0	0	0	
1	0.8644578	1.3391348	1.3344762	1.3380344	1.3067365	1.2786765	1.2686341	1.2625787	1.2706703	1.2814163	1.2826921	1.2703183	1.266728	1.249358	1.2389338	1.2048156	1.2018893	1.1595247	1.0596198	1.0039649	0.92550474	0.7927014	0.59587276	0	
1	0.7407726	1.2703394	1.2107059	0	0	0	0	0	0	0	0	0	0	0	0	0	0	0	0	0	0	0	0	0	
1	0	1.0636669	0	0	0	0	0	0	0	0	0	0	0	0	0	0	0	0	0	0	0	0	0	0	
1	0	0.6366485	0.67356926	0.6769642	0.67757976	0.67764544	0.67728454	0.675989	0.6749853	0.6726588	0.67019606	0.66754204	0.66066086	0.65696526	0.6472823	0.64212894	0.6161197	0.605092	0.58550847	0.53767127	0	0	0	0	
1	0.8206339	1.3302875	1.3232334	1.296928	1.286534	1.2523688	1.2196627	1.1896081	1.1480922	1.0980811	1.0350567	0.95116365	0.8823148	0.82397616	0.76783437	0.71149415	0.65765846	0	0	0	0	0	0	0	
1	0.6791441	1.2398391	1.1286178	0.9657176	0.82006663	0.66636467	0.5568366	0	0	0	0	0	0	0	0	0	0	0	0	0	0	0	0	0	
1	0.75845414	1.3235056	1.2782935	1.260667	1.2284342	1.184044	1.1311353	1.0677693	0.98849386	0.898017	0.79390025	0.7146225	0.6592673	0.6004079	0.54043794	0	0	0	0	0	0	0	0	0	
1	0.70915663	1.2549928	1.1286922	0.95408326	0.8020074	0	0	0	0	0	0	0	0	0	0	0	0	0	0	0	0	0	0	0	
1	0.828841	1.318892	1.33002	1.2971499	1.2772155	1.2578241	1.239523	1.2195802	1.1920078	1.1582005	1.1108088	1.0594813	0.98842114	0.91239434	0.8207433	0.731512	0.63870925	0.5451042	0	0	0	0	0	0	
1	0.7256244	1.3073131	1.258464	1.1764745	1.1106912	1.0230786	0.92085564	0.81174105	0.70062786	0.6070185	0.52325886	0	0	0	0	0	0	0	0	0	0	0	0	0	
1	0	0	1.0213294	0.80791664	0.65439636	0	0	0	0	0	0	0	0	0	0	0	0	0	0	0	0	0	0	0	
1	0.8677887	1.336756	1.3315299	1.3181252	1.3009336	1.2862045	1.2787617	1.276281	1.2716166	1.2658678	1.2567163	1.2404135	1.2307087	1.2092725	1.1847373	1.1347314	1.1074082	1.043764	0.9302076	0.8343723	0.73121977	0.60138077	0	0	
1	0.74836564	1.2981944	1.2474278	1.1721047	1.1085703	1.0213697	0.9210687	0.8172272	0.71059036	0.61419815	0.5251428	0	0	0	0	0	0	0	0	0	0	0	0	0	
1	0.81845015	1.3275223	1.3320177	1.299568	1.2663343	1.2494607	1.2297779	1.2051411	1.1708155	1.1304705	1.078691	1.0086441	0.9371243	0.8409562	0.74675655	0.64528215	0.5621979	0	0	0	0	0	0	0	
1	0.7387796	1.3269804	1.3128818	1.2512102	1.1341056	1.0544373	0.95737165	1.0729437	1.0000829	0.9191118	0.827738	0.7292499	0.63935596	0.5501566	0	0	0	0	0	0	0	0	0	0	
1	0.8303433	1.331767	1.3256712	1.2966499	1.2808311	1.2695519	1.2584821	1.2462133	1.2295946	1.2086706	1.178815	1.139861	1.1000526	1.0357164	0.96513575	0.8850879	0.7785886	0.6829187	0.57078797	0	0	0	0	0	
1	0.73998255	1.2980814	1.220488	1.1169027	1.0230216	0.8994142	0.7678574	0.6437158	0.5499459	0	0	0	0	0	0	0	0	0	0	0	0	0	0	0	
1	0.8886048	1.331917	1.324357	1.3012677	1.2899595	1.2701246	1.2523345	1.2366815	1.2176878	1.1930044	1.1581601	1.1148252	1.0678034	1.0005363	0.91671854	0.8358583	0.73372406	0.6239414	0.5089283	0	0	0	0	0	
1	0.78050184	1.3062457	1.2374126	0.9531337	1.108317	1.0166895	0.9081636	0.79361117	0.67839164	0.58911127	0.5140816	0	0	0	0	0	0	0	0	0	0	0	0	0	
1	0.8671462	1.3370491	1.3344415	1.3435519	1.3125113	1.2847596	1.2798935	1.2768787	1.2735008	1.2673616	1.2593766	1.2476623	1.2294284	1.2163465	1.1813381	1.1559551	1.1098297	1.0234861	0.94384986	0.84393287	0.7103806	0.5813375	0	0	
1	0.79024166	1.3283674	1.3209821	1.2625215	1.2483078	1.2240586	1.1934955	1.1532147	1.1031284	1.0424695	0.97202647	0.88359886	0.79484373	0.69307005	0.59664863	0.51341724	0	0	0	0	0	0	0	0	
1	0.70337474	1.2716255	1.1880088	1.0514475	0.9276624	0.7876831	0.68276364	0.5821256	0	0	0	0	0	0	0	0	0	0	0	0	0	0	0	0	
1	0	0	0.7331738	0.536944	0	0	0	0	0	0	0	0	0	0	0	0	0	0	0	0	0	0	0	0	
1	0.8592523	1.3310456	1.320545	1.3055264	1.2875414	1.2660002	1.2530842	1.2379521	1.2183883	1.1931105	1.1599652	1.1137593	1.0636065	0.9905411	0.9155745	0.8236417	0.73201776	0.6435305	0.5405675	0	0	0	0	0	
1	0.7592701	1.3119934	1.2787161	1.2085935	1.1595356	1.0915068	1.0077919	0.91217375	0.8050454	0.7031625	0.6124908	0.531117	0	0	0	0	0	0	0	0	0	0	0	0	
1	0.6652557	0	0	0	0	0	0	0	0	0	0	0	0	0	0	0	0	0	0	0	0	0	0	0	
1	0.8569388	1.3310368	1.3197808	1.3117316	1.2945035	1.2782531	1.2687219	1.2622781	1.2515811	1.2385656	1.2192727	1.1911064	1.1683797	1.1175237	1.0791823	1.0117958	0.92118406	0.8396204	0.72346395	0.59351915	0	0	0	0	
1	0.6976687	1.2501768	1.2281096	1.1292377	1.0415815	0.9273584	0.8033203	0.68541265	0.58029944	0	0	0	0	0	0	0	0	0	0	0	0	0	0	0	
1	0	0	0	0.6441712	0.51855606	0	0	0	0	0	0	0	0	0	0	0	0	0	0	0	0	0	0	0	
1	0.84045523	1.3306402	1.3313359	1.3251148	1.2934563	1.2813311	1.27765	1.273992	1.2645938	1.2568437	1.2435614	1.2316111	1.2166269	1.1817015	1.1601968	1.1143651	1.0368469	0.9842219	0.88865733	0.75678295	0.6340907	0.51822895	0	0	
1	0.7858252	1.3061072	1.2337704	1.1341037	1.0481644	0.9368907	0.81624943	0.69924736	0.5900378	0.50130826	0	0	0	0	0	0	0	0	0	0	0	0	0	0	
1	0.79213625	1.3237048	1.3233254	1.3006043	1.2549638	1.2176453	1.1833385	1.1437806	1.0891819	1.028066	0.9514084	0.86383826	0.78004366	0.687348	0.6017319	0.52505285	0	0	0	0	0	0	0	0	
1	0.7345697	1.2970153	1.3054161	1.2386004	1.0347283	0.91742957	0	0	0	0	0	0.6453754	0.5677147	0	0	0	0	0	0	0	0	0	0	0	
1	0	0	0.8398045	0	0	0	0	0	0	0	0	0	0	0	0	0	0	0	0	0	0	0	0	0	
1	0.7664232	1.2973839	1.273353	1.22671	1.1778457	1.1175145	1.0426931	0.95693964	0.8549454	0.75473124	0.697669	0.6732402	0.647353	0.61365426	0.57774913	0.5288761	0	0	0	0	0	0	0	0	
1	0.6358272	1.1947405	1.1257832	0.9517218	0.79844886	0.65624446	0.54911596	0	0	0	0	0	0	0	0	0	0	0	0	0	0	0	0	0	
1	0	0	0.7700377	0.57428724	0	0	0	0	0	0	0	0	0	0	0	0	0	0	0	0	0	0	0	0	
1	0.8728688	1.3346745	1.3290024	1.330068	1.2895894	1.259937	1.2441971	1.2264903	1.2019362	1.1703286	1.1254086	1.072405	1.0055437	0.92316216	0.840984	0.768108	0.69595534	0.6264469	0.54242706	0	0	0	0	0	
1	0.745248	1.3167702	1.2774988	1.0508577	1.184421	0.7902524	1.0564178	0.9735354	0.87710476	0.7791014	0.67769283	0	0	0	0	0	0	0	0	0	0	0	0	0	
1	0.6886897	1.2658741	1.3290969	1.2852457	1.2439398	1.2141466	1.1812549	1.1369712	1.0841744	1.0213233	0.948416	0.864939	0.77835685	0.68332785	0.59816474	0.5199505	0	0	0	0	0	0	0	0	
1	0.8279519	1.3300183	1.3066536	1.2404615	1.2007135	1.1543231	1.094171	1.0225449	0.9359338	0.8428121	0.7415219	0.64533526	0.5625943	0	0	0	0	0	0	0	0	0	0	0	
1	0.6586612	1.2049103	1.0540519	0.85464406	0.6935706	0.5616071	0	0	0	0	0	0	0	0	0	0	0	0	0	0	0	0	0	0	
1	0.8133183	1.3282822	1.3248416	1.3101547	1.2876691	1.2544507	1.2312799	1.2075258	1.1773986	1.1388301	1.08511	1.0269563	0.948537	0.8662692	0.7668552	0.6737989	0.5812839	0	0	0	0	0	0	0	
1	0.7386794	1.3056258	1.2578745	0.919341	0.7712553	0.6228525	0.51211435	0	0	0	0	0	0	0	0	0	0	0	0	0	0	0	0	0	
1	0.7914153	1.3114722	1.3060067	1.2643663	1.2386465	1.202389	1.161224	1.1091669	1.0452602	0.9695518	0.8841623	0.7882557	0.6959699	0.60584646	0.55354995	0.5012953	0	0	0	0	0	0	0	0	
1	0.69373876	0	1.1598613	1.003244	0.8633347	0.7161231	0.5973731	0.50490147	0	0	0	0	0	0	0	0	0	0	0	0	0	0	0	0	
1	0.8658361	1.3346161	1.3334048	1.3405217	1.3063073	1.2860962	1.2828535	1.2822077	1.2799711	1.2770283	1.2721295	1.2624744	1.2549378	1.2467386	1.2249075	1.2061669	1.185619	1.1232269	1.045611	0.9880525	0.8810148	0.7210138	0.617995	0	
1	0.7853367	1.3305545	1.3138015	0	0	0	0	0	0.7046519	0.6128287	0.52472186	0	0	0	0	0	0	0	0	0	0	0	0	0	
1	0.7079476	1.2893792	1.0777966	1.1300228	1.0449319	0.9331757	0.8131576	0.69647485	0.5879206	0.500089	0	0	0	0	0	0	0	0	0	0	0	0	0	0	
1	0.5835571	1.1168883	1.3215154	1.2939584	1.2705312	1.2364231	1.2055054	1.1724337	1.1268263	1.0741473	1.0104145	0.92846346	0.84510255	0.74562144	0.64251775	0.5480407	0	0	0	0	0	0	0	0	
1	0.81008685	1.3306098	1.3002224	1.1359278	1.1176734	1.0294862	0.9242922	0.81370705	0.71162564	0.6244579	0.54404104	0	0	0	0	0.5597515	0	0	0	0	0	0	0	0	
1	0.67160714	1.2222505	1.083435	0.8966529	0.74013776	0.59659445	0	0	0	0	0	0	0	0	0	0	0	0	0	0	0	0	0	0	
1	0.775641	1.3129472	1.2783812	1.240197	1.1913252	1.1357101	1.066657	0.9842754	0.88783073	0.7890352	0.6886949	0.5974191	0.56205547	0.5466941	0.5165661	0	0	0	0	0	0	0	0	0	
1	0.73031354	1.2540563	0	1.1280636	1.0395206	0.9219958	0.79480076	0.68075144	0	0	0	0	0	0	0	0	0	0	0	0	0	0	0	0	
1	0.8294643	1.3342967	1.3276429	1.3258915	1.2908942	1.2730578	1.2638042	1.2542088	1.241262	1.2246125	1.2024666	1.1705589	1.138904	1.0923016	1.0433456	0.9695841	0.8840566	0.80553806	0.70415676	0.59503573	0	0	0	0	
1	0.74736136	1.318254	1.2686887	1.1078644	1.009351	0.88322204	1.0478925	0.96478367	0.87041545	0.77336025	0.6752669	0	0	0	0	0	0	0	0	0	0	0	0	0	
1	0.69787556	1.2256029	1.1770642	1.043565	0.9220998	0.7821068	0.6598202	0.55931735	0	0	0	0	0	0	0	0	0	0	0	0	0	0	0	0	
1	0.63530844	1.1416184	1.1080947	0.97343665	0.8200181	0.67579305	0.5592555	0	0	0	0	0	0	0	0	0	0	0	0	0	0	0	0	0	
1	0.7904475	1.3225852	1.310661	1.2670273	1.227612	1.178599	1.1282219	1.0664043	0.99036473	0.9087648	0.8100519	0.7233658	0.64650464	0.57701707	0.5127274	0	0	0	0	0	0	0	0	0	
1	0.70156026	1.2531338	0	0.99038106	0.8566695	0.7093701	0	0	0	0	0	0	0	0	0	0	0	0	0	0	0	0	0	0	
1	0	0	0.52993137	0	0	0	0	0	0	0	0	0	0	0	0	0	0	0	0	0	0	0	0	0	
1	0.85791427	1.3318295	1.3288296	1.3131107	1.2952183	1.2808808	1.277232	1.2728919	1.2654865	1.2555467	1.2443064	1.2313491	1.2091705	1.1842228	1.1455802	1.1106806	1.038493	0.95212966	0.8671156	0.7454043	0.60557735	0	0	0	
1	0.7904656	1.3118718	1.3227353	1.2685748	1.2437847	1.2207692	1.1870198	1.1466951	1.092736	1.0315112	0.95356894	0.8641183	0.7702667	0.671662	0.5748018	0.5022362	0	0	0	0	0	0	0	0	
1	0	1.228797	1.1629931	1.0107318	0.8719022	0.72307754	0.60917157	0.5247924	0	0	0	0	0	0	0	0	0	0	0	0	0	0	0	0	
1	0.7831271	1.3262033	1.2961438	1.2343559	1.2041311	1.1602468	1.1062376	1.0416528	0.9615773	0.87527984	0.7799849	0.6836918	0.60125095	0.5222493	0	0	0	0	0	0	0	0	0	0	
1	0.7002061	1.279633	0	0	0.5503944	0	0	0	0	0	0	0	0	0	0	0	0	0	0	0	0	0	0	0	
1	0.76739234	1.3035569	1.2781658	1.2717038	1.2232412	1.162168	1.0992347	1.0279703	0.95128846	0.878139	0.7976139	0.71058625	0.62521106	0.5410622	0	0	0	0	0	0	0	0	0	0	
1	0.7391604	1.2985716	1.217402	1.1121014	1.0161628	0.89244103	0.76308185	0.65206724	0.55689365	0	0	0	0	0	0	0	0	0	0	0	0	0	0	0	
1	0	0	0.73022044	0.54819775	0	0	0	0	0	0	0	0	0	0	0	0	0	0	0	0	0	0	0	0	
1	0.84032875	1.3356599	1.3321292	1.3262776	1.2971841	1.2841362	1.2819973	1.2795906	1.2752483	1.2686667	1.2617692	1.2546489	1.2405882	1.222534	1.2011932	1.1753691	1.1085279	1.067444	0.99476516	0.8708285	0.76784104	0.6564128	0	0	
1	0.8191172	1.3262852	1.30885	1.2324592	1.2632885	1.2500522	1.2317855	1.2064154	1.1744742	1.1350535	1.0824904	1.0146934	0.94277585	0.8520196	0.7584987	0.66652775	0.5794621	0.50010866	0	0	0	0	0	0	
1	0.7002001	1.27325	1.1981096	1.0829074	0.97926676	0.8525464	0.72687745	0.6154017	0.5192999	0	0	0	0	0	0	0	0	0	0	0	0	0	0	0	
1	0	0	0.7493828	0	0	0	0	0	0	0	0	0	0	0	0	0	0	0	0	0	0	0	0	0	
1	0.7625456	1.3126292	1.2649496	1.2649566	1.2426322	1.1818309	1.1144652	1.0434672	0.9553447	0.8698964	0.7939283	0.71984553	0.6518432	0.5884886	0.5592996	0.51940316	0	0	0	0	0	0	0	0	
1	0.73159206	1.2564281	1.2179289	1.1159903	1.0233645	0.9033589	0.7761195	0.6569878	0.55182433	0	0	0	0	0	0	0	0	0	0	0	0	0	0	0	
1	0	1.0698897	0.8145873	0	0	0	0	0	0	0	0	0	0	0	0	0	0	0	0	0	0	0	0	0	
1	0.6790125	0.95854884	1.055812	0.993172	0.90966433	0.85232687	0.77218026	0.6998402	0.6341857	0.57992405	0.5745486	0.56852245	0.558105	0.5489255	0.53145665	0.5193349	0	0	0	0	0	0	0	0	
1	0.762167	1.3074219	1.2764415	1.2116759	1.1682506	1.1107998	1.0434299	0.9704333	0.89170444	0.8151291	0.7385742	0.6611974	0.59743005	0	0	0	0	0	0	0	0	0	0	0	
1	0	0	0	0.6988241	0.56370324	0	0	0	0	0	0	0	0	0	0	0	0	0	0	0	0	0	0	0	
1	0.76103157	1.2965233	1.3019552	1.2570281	1.230377	1.1998602	1.1592098	1.1089646	1.0479898	0.97775024	0.89813334	0.8049517	0.71841186	0.6288409	0.60906726	0.59247375	0.5702354	0.5277966	0	0	0	0	0	0	
1	0.69183046	1.1842431	0.79240143	0	0.55080926	0	0	0	0	0	0	0	0	0	0	0	0	0	0	0	0	0	0	0	
1	0	0.9003325	0.67650425	0	0	0	0	0	0	0	0	0	0	0	0	0	0	0	0	0	0	0	0	0	
1	0.8236546	1.3296378	1.3313437	1.3084136	1.287059	1.2678964	1.2550827	1.2430063	1.2266744	1.2066529	1.179088	1.1448139	1.1125212	1.0593055	1.0107579	0.9545245	0.87593126	0.78097814	0.69561017	0.6126844	0.52438563	0	0	0	
1	0.72369874	1.2519557	1.105922	1.0991334	0.7766656	0.64877075	0.5482219	0	0	0	0	0	0	0	0	0	0	0	0	0	0	0	0	0	
1	0.80521923	1.3274972	1.3060597	1.2409964	1.1953797	1.142994	1.0778188	1.001022	0.90916276	0.81569135	0.71451145	0.6242377	0.57244706	0.51691693	0	0	0	0	0	0	0	0	0	0	
1	0	1.2368611	1.1512282	0.63277864	0	0	0	0	0	0	0	0	0	0	0	0	0	0	0	0	0	0	0	0	
1	0.8173369	1.3264749	1.3172213	1.2935333	1.253365	1.2010455	1.1546813	1.101604	1.0403416	0.97375	0.895065	0.8144656	0.7356509	0.66950506	0.6047343	0.5413625	0	0	0	0	0	0	0	0	
1	0.7062593	1.2630326	0	0	0	0	0	0	0	0	0	0	0	0	0	0	0	0	0	0	0	0	0	0	
1	0	1.1009231	0.85373366	0	0	0	0	0	0	0	0	0	0	0	0	0	0	0	0	0	0	0	0	0	
1	0.8294041	1.3305159	1.3287708	1.3186818	1.2963713	1.2761285	1.2635386	1.2541739	1.241728	1.2252331	1.2017338	1.1671727	1.1387652	1.0798899	1.0337818	0.96195215	0.86042756	0.76642865	0.6557191	0.5399683	0	0	0	0	
1	0.7443986	1.3127072	1.2669708	1.2180609	1.1736593	1.1121635	1.034261	0.944517	0.8395579	0.7375292	0.645408	0	0	0	0	0	0	0	0	0	0	0	0	0	
1	0.6203761	0	0	0	0	0	0	0	0	0	0	0	0	0	0	0	0	0	0	0	0	0	0	0	
1	0.7621821	1.3090551	1.27744	1.2645586	1.2155803	1.1545506	1.0913967	1.019675	0.93307173	0.8405612	0.7496553	0.66894865	0.5960604	0.52275455	0	0	0	0	0	0	0	0	0	0	
1	0.6995934	0	1.1546013	0.99751776	0.85632366	0.7080525	0.5955296	0.50549936	0	0	0	0	0	0	0	0	0	0	0	0	0	0	0	0	
1	0	0	0.71162796	0.5319177	0	0	0	0	0	0	0	0	0	0	0	0	0	0	0	0	0	0	0	0	
1	0.751099	1.316449	1.2617393	1.2456462	1.2014148	1.1144507	1.022096	0.92694765	0.81769043	0.7147369	0.6765849	0.6278673	0.57965994	0.52371365	0	0	0	0	0	0	0	0	0	0	
1	0	1.1352359	0.90766615	0.6924106	0.5612758	0	0	0	0	0	0	0	0	0	0	0	0	0	0	0	0	0	0	0	
1	0.7834052	1.3207119	1.298837	1.3030678	1.2787873	1.2518653	1.2303139	1.2060611	1.1728281	1.1311349	1.0747007	1.0089692	0.9385775	0.8705525	0.8037608	0.7276473	0.65555817	0.56942856	0	0	0	0	0	0	
1	0.7170081	1.2892063	1.2761737	1.2032311	1.1503434	1.0783272	0.9902207	0.8914891	0.78336895	0.68494624	0.5912576	0.50663584	0	0	0	0	0	0	0	0	0	0	0	0	
1	0	0	0.7876301	0.5878445	0	0	0	0	0	0	0	0	0	0	0	0	0	0	0	0	0	0	0	0	
1	0.81182784	1.3272928	1.3315462	1.288668	1.2609576	1.2298423	1.2039983	1.1683136	1.123943	1.0706586	0.9998605	0.9239103	0.8437812	0.75986826	0.67480177	0.5991161	0.5168075	0	0	0	0	0	0	0	
1	0.7171972	1.2915767	0	0	0	0	0	0	0	0	0	0	0	0	0	0	0	0	0	0	0	0	0	0	
1	0	0	0.82444346	0.6178357	0	0	0	0	0	0	0	0	0	0	0	0	0	0	0	0	0	0	0	0	
1	0.8196598	1.330238	1.332483	1.2966288	1.2599974	1.2377632	1.2155913	1.1847392	1.1460811	1.099144	1.0402688	0.97280043	0.8931232	0.80006105	0.7098141	0.61974967	0.5306836	0	0	0	0	0	0	0	
1	0.7161005	1.2398419	1.1050248	0.93927675	0.79153675	0.6424903	0.5268347	0	0	0	0	0	0	0	0	0	0	0	0	0	0	0	0	0	
1	0.80139095	1.3234407	1.2956756	1.294226	1.2732679	1.232238	1.194851	1.153343	1.1033723	1.0400172	0.96250767	0.86651933	0.7693929	0.70895344	0.6483464	0.629026	0.6173651	0.584564	0.5347668	0.5037775	0	0	0	0	
1	0.790945	1.3245113	1.3140554	1.2492534	1.2096459	1.1673976	1.1115355	1.0426519	0.95799625	0.8656501	0.7635908	0.6744547	0.5979954	0.522815	0	0	0	0	0	0	0	0	0	0	
1	0	0	0.7771084	0.5767262	0	0	0	0	0	0	0	0	0	0	0	0	0	0	0	0	0	0	0	0	
1	0.8509303	1.3076166	1.3284539	1.2968837	1.2879262	1.2765689	1.2705119	1.2628815	1.252054	1.2379751	1.2209241	1.1992422	1.1631504	1.1338893	1.0720052	1.0236481	0.9500559	0.84761834	0.7534355	0.6431883	0.5252716	0	0	0	
1	0.76291543	1.3069454	1.2963159	1.2229757	1.1754037	1.115806	1.0402517	0.95197976	0.8508534	0.74924475	0.6450455	0.55632037	0	0	0	0	0	0	0	0	0	0	0	0	
1	0.8227715	1.3005328	1.3166885	1.2625458	1.2348673	1.2028627	1.1565129	1.1181295	1.0720065	1.0148172	0.94056875	0.8551527	0.8000325	0.76217633	0.7272732	0.6880792	0.6447265	0.59498644	0.53763413	0	0	0	0	0	
1	0.6081524	0	0	0	0	0	0	0	0	0	0	0	0	0	0	0	0	0	0	0	0	0	0	0	
1	0.7914364	1.3146306	1.2728797	1.2696614	1.2356653	1.1946104	1.1484556	1.0958959	1.029269	0.9545603	0.8646201	0.7706206	0.6856343	0.6021247	0.5728608	0.5430109	0.5056359	0	0	0	0	0	0	0	
1	0.7461672	1.2533883	1.250857	1.1511892	1.0709398	0.9683388	0.85505205	0.74208707	0.634649	0.54701936	0	0	0	0	0	0	0	0	0	0	0	0	0	0	
1	0	1.0342572	0.7784992	0.58305264	0	0	0	0	0	0	0	0	0	0	0	0	0	0	0	0	0	0	0	0	
1	0.8354268	1.3243626	1.3362244	1.3145207	1.2820699	1.2704885	1.2645864	1.2532179	1.238499	1.2190686	1.19342	1.1574398	1.1103466	1.0536615	0.98815954	0.9514534	0.8886005	0.82764345	0.7523509	0.64367753	0.56992877	0	0	0	
1	0.7668873	1.3011334	1.2553879	1.1572418	1.0779439	0.97479004	0.856425	0.7383409	0.62891597	0.5482177	0	0	0	0	0	0	0	0	0	0	0	0	0	0	
1	0.7442412	1.3217571	1.3036718	1.2791961	1.2273284	1.1900015	1.1434116	1.0891697	1.0200975	0.9437431	0.8665733	0.79259014	0.71368384	0.62905586	0.571751	0.5442774	0.50049	0	0	0	0	0	0	0	
1	0.83402014	1.3202789	1.2969577	1.2268952	1.1815264	1.124186	1.0511985	0.96583027	0.8648007	0.7643455	0.6637787	0.57438505	0.50142586	0	0	0	0	0	0	0	0	0	0	0	
1	0	1.2103065	1.0726035	0.88084096	0.7203211	0.58272827	0	0	0	0	0	0	0	0	0	0	0	0	0	0	0	0	0	0	
1	0.81913537	1.3148721	1.2891126	1.2379332	1.2083689	1.1645806	1.1091146	1.0420762	0.96263963	0.88010526	0.78395987	0.68989277	0.61495596	0.56880504	0.52417976	0	0	0	0	0	0	0	0	0	
1	0.72638965	1.1816797	1.2241789	1.1116005	0.6336128	0.8900339	0.7603843	0.6456295	0.54520935	0	0	0	0	0	0	0	0	0	0	0	0	0	0	0	
1	0.8061858	1.3238175	1.3024358	1.2819502	1.2281255	1.1865985	1.1520114	1.2040197	1.2437217	1.2541006	1.2430881	1.2152694	1.1784526	1.1242578	1.0727693	1.0122956	0.91659254	0.8294648	0.71192867	0.61677116	0.57066697	0.5222177	0	0	
1	0.7187315	1.286936	1.2554315	1.1775094	1.1141735	1.0300233	0.93379843	0.8326897	0.7265855	0.6348088	0.54844856	0	0	0	0	0	0	0	0	0	0	0	0	0	
1	0.8037491	1.3145158	1.3073317	1.2608385	1.2446994	1.2193303	1.1861758	1.1428847	1.0898529	1.0258602	0.9485212	0.8571605	0.7633412	0.6674478	0.61113936	0.58168066	0.5638421	0.5288711	0	0	0	0	0	0	
1	0.7169098	1.279053	1.2133397	1.1077142	1.0129312	0.89237094	0.76656604	0.6495968	0	0	0	0	0	0	0	0	0	0	0	0	0	0	0	0	
1	0.8546436	1.3363254	1.3338053	1.3199062	1.2777158	1.2523674	1.2339365	1.2271097	1.2538607	1.2732115	1.2785789	1.2687715	1.2409823	1.2277756	1.1861771	1.1727948	1.1304599	1.046168	0.9728018	0.88015795	0.74813956	0.6141496	0	0	
1	0.7610111	1.3138899	1.2773616	1.230706	1.1961882	1.1446179	1.0788141	0.9998403	0.90599716	0.80819076	0.7057595	0.6132265	0.53830165	0	0	0	0	0	0	0	0	0	0	0	
1	0	0	0	0.5279943	0.61510664	0	0	0	0	0	0	0	0	0	0	0	0	0	0	0	0	0	0	0	
1	0.780566	1.306286	1.2912085	1.2157177	1.1715741	1.1086437	1.0312567	0.94217277	0.83998996	0.77405787	0.7188132	0.65908796	0.597712	0.5337599	0.5154728	0	0	0	0	0	0	0	0	0	
1	0.7016445	1.2811255	1.2496428	0	0	0	0	0	0	0	0	0	0	0	0	0	0	0	0	0	0	0	0	0	
1	0	0	0	0.6921156	0.55787474	0	0	0	0	0	0	0	0	0	0	0	0	0	0	0	0	0	0	0	
1	0.8696399	1.3378668	1.3352603	1.3385048	1.3039027	1.2860204	1.2851983	1.2847149	1.2806386	1.2788638	1.2742548	1.265267	1.2660507	1.2523341	1.2456491	1.2116741	1.2120314	1.173459	1.076954	1.0329717	0.9640431	0.8391421	0.6445947	0	
1	0.7928332	1.3312495	1.3099812	1.2615232	1.2455986	1.2215952	1.1876965	1.1467682	1.0923775	1.0295295	0.949325	0.8591516	0.7740111	0.6881431	0.6059442	0.52758574	0	0	0	0	0	0	0	0	
1	0.6964939	0	0.8798553	0.6575134	0	0	0.60230666	0	0	0	0	0	0	0	0	0	0	0	0	0	0	0	0	0	
1	0.83478755	1.3366017	1.3241823	1.3291769	1.2953343	1.2769601	1.271647	1.2643342	1.2567114	1.2446401	1.2285322	1.2050639	1.1760488	1.1435452	1.0938691	1.0222907	0.9581229	0.8627278	0.74380195	0.6301718	0.512925	0	0	0	
1	0.7314653	1.3007039	1.2252823	1.1443015	1.0698837	0.97237897	0.8679312	0.76440275	0.6651572	0.5783299	0.5002854	0	0	0	0	0	0	0	0	0	0	0	0	0	
1	0.86536354	1.3356646	1.3217564	1.3157715	1.2684002	1.230895	1.2387458	1.2533927	1.2612923	1.2653174	1.2573043	1.2356555	1.2205913	1.184965	1.1611104	1.1050481	1.0517807	0.9858762	0.8726728	0.76277125	0.65103257	0.5150817	0	0	
1	0.68774503	1.3144478	1.2022613	0.9869505	0.845326	0.6941438	0.5741036	0	0	0	0	0	0	0	0	0	0	0	0	0	0	0	0	0	
1	0.6732901	0	0	0	0	0	0	0	0	0	0	0	0	0	0	0	0	0	0	0	0	0	0	0	
1	0.62354136	1.3299453	1.3183535	1.3127652	1.2947352	1.2805605	1.2740986	1.2695214	1.2601268	1.250633	1.2355301	1.215945	1.1992997	1.1568027	1.1318787	1.0762032	0.9960507	0.93059605	0.8249624	0.6901614	0.5848183	0	0	0	
1	0.85681874	1.3323777	1.3262094	1.2750125	1.2537707	1.2368569	1.2105949	1.1785152	1.1344366	1.0836532	1.0186653	0.93414706	0.849794	0.75029737	0.660726	0.5822587	0.50670904	0	0	0	0	0	0	0	
1	0.713583	1.2695551	1.1995422	1.0731535	0.958903	0.8172581	0.693946	0.60864305	0.5321315	0	0	0	0	0	0	0	0	0	0	0	0	0	0	0	
1	0.8593957	1.3266394	1.3202261	1.2729001	1.2226375	1.1813117	1.1316893	1.0666455	0.990841	0.92032975	0.82859045	0.751498	0.684171	0.61363274	0.5449757	0	0	0	0	0	0	0	0	0	
1	0.6706917	1.1782905	1.237554	1.1397985	1.055234	0.94541705	0.82322305	0.7029455	0.5918888	0.507126	0	0	0	0	0	0	0	0	0	0	0	0	0	0	
1	0	0.75749594	0.5462805	0	0	0	0	0	0	0	0	0	0	0	0	0	0	0	0	0	0	0	0	0	
1	0.80014426	1.3301655	1.327214	1.2813728	1.2532055	1.2189487	1.1815649	1.1359581	1.0765586	1.0053203	0.9293409	0.8609069	0.79915845	0.7342679	0.6622627	0.59692156	0.5197606	0	0	0	0	0	0	0	
1	0.6808383	1.1912704	0.86322343	0.64578867	0	0.5862714	0	0	0	0	0	0	0	0	0	0	0	0	0	0	0	0	0	0	
1	0.82928646	1.3357646	1.3303293	1.3226979	1.2882863	1.280722	1.2767026	1.272492	1.2640795	1.2558652	1.2425283	1.2235339	1.2096591	1.1719456	1.1472595	1.0900996	1.0219581	0.9533188	0.8396258	0.7145794	0.5982474	0	0	0	
1	0.75347316	1.3150547	1.2908429	1.2339032	1.2001508	1.1515911	1.0886569	1.0121039	0.9215877	0.82685226	0.7222653	0.6263886	0.54877055	0	0	0	0	0	0	0	0	0	0	0	
1	0.68410057	0	0	0	0	0	0	0	0	0	0	0	0	0	0	0	0	0	0	0	0	0	0	0	
1	0.7917712	1.3279408	1.3046893	1.2655959	1.2359618	1.2054294	1.1660687	1.1154382	1.0540696	0.98126554	0.89874905	0.8026616	0.7096577	0.62950695	0.5607156	0	0	0	0	0	0	0	0	0	
1	0.70056146	1.2725428	0	0	0	0	0	0	0	0	0	0	0	0	0	0	0	0	0	0	0	0	0	0	
1	0.8572158	1.3291668	1.3130684	1.2933424	1.2634844	1.2389467	1.2163066	1.1857513	1.1481773	1.101923	1.0422945	0.9761968	0.89554715	0.80555266	0.7142126	0.62270874	0.53181916	0	0	0	0	0	0	0	
1	0.7458894	1.3033437	1.310791	1.2520915	1.2219361	1.1854627	1.13745	1.0776237	1.0025505	0.92050475	0	0	0	0	0	0	0	0	0	0	0	0	0	0	
1	0.6503278	0	0	0	0	0	0	0	0	0	0	0	0	0	0	0	0	0	0	0	0	0	0	0	
1	0.78976583	1.3206149	1.3096994	1.2466549	1.2654681	1.226813	1.1730266	1.1161214	1.0500457	0.9843739	0.9069877	0.8260881	0.7544387	0.6732632	0.59008855	0.5424718	0	0	0	0	0	0	0	0	
1	0.7166146	0	1.2286459	1.1248722	1.0319899	0.9074909	0.778941	0.68249804	0.599087	0.52932864	0	0	0	0	0	0	0	0	0	0	0	0	0	0	
1	0.8391736	1.3305402	1.3113185	1.2862604	1.2569257	1.2290233	1.201344	1.1651568	1.1202863	1.0663693	0.99543554	0.9200864	0.83232963	0.74278784	0.6522567	0.5716049	0	0	0	0	0	0	0	0	
1	0	0	1.1428567	0.9779799	0.8302486	0.68600255	0.58488125	0.5025898	0	0	0	0	0	0	0	0	0	0	0	0	0	0	0	0	
1	0.815177	1.319443	1.3094147	1.2613939	1.2257061	1.1839147	1.1355159	1.0751033	1.0011431	0.9211036	0.83606696	0.75126106	0.67369217	0.5978506	0.5253192	0	0	0	0	0	0	0	0	0	
1	0.7151044	1.2905519	1.1978593	0.793947	0.6349273	0.5055436	0.5459149	0	0.5091542	0	0	0	0	0	0	0	0	0	0	0	0	0	0	0	
1	0	1.0418006	0	0	0	0	0	0	0	0	0	0	0	0	0	0	0	0	0	0	0	0	0	0	
1	0.8466642	1.3281566	1.327635	1.3053751	1.2890977	1.2641467	1.2464585	1.2293804	1.204245	1.1736741	1.1347135	1.0826569	1.0182503	0.93705845	0.84506375	0.7648044	0.6935971	0.6231429	0.5435865	0	0	0	0	0	
1	0.7145984	1.2807703	1.2071201	1.0842223	0.97494453	0.8405903	0.7074587	0.60009813	0.51083535	0	0	0	0	0	0	0	0	0	0	0	0	0	0	0	
1	0.8230026	1.3225795	1.3134618	1.3015395	1.28059	1.2673818	1.2581339	1.2456256	1.2265201	1.2040582	1.176718	1.142129	1.0895554	1.0433081	0.96983385	0.8801285	0.7949928	0.696032	0.58388025	0	0	0	0	0	
1	0.7319159	1.2909371	1.2801031	1.2112963	1.161564	1.0941262	1.0108631	0.91517174	0.8078283	0.7030026	0.607198	0.5263712	0	0	0	0	0	0	0	0	0	0	0	0	
1	0.7708511	1.3092506	1.2835674	1.2323785	1.1985863	1.1478829	1.0824183	1.0023443	0.90772897	0.81186676	0.7197829	0.65670615	0.605753	0.5544968	0.50650203	0	0	0	0	0	0	0	0	0	
1	0	0	0	0	0	0.5522447	0	0	0	0	0	0	0	0	0	0	0	0	0	0	0	0	0	0	
1	0.83492833	1.3338097	1.3222156	1.307259	1.2854774	1.2752612	1.2745924	1.2728639	1.2659873	1.2582905	1.2458369	1.2348288	1.2188952	1.1857961	1.1625336	1.1185241	1.0349724	0.9819428	0.8834043	0.748404	0.64816326	0.5182575	0	0	
1	0.72454095	1.310265	1.1163479	1.2578806	1.2339033	1.2047954	1.1643251	1.1153642	1.0531051	0.98175824	0.89455605	0.80079806	0.7055316	0.61094856	0.5239909	0	0	0	0	0	0	0	0	0	
1	0.67743903	0	0	0	0	0	0	0	0	0	0	0	0	0	0	0	0	0	0	0	0	0	0	0	
1	0	0	0.60626346	0	0	0	0	0	0	0	0	0	0	0	0	0	0	0	0	0	0	0	0	0	
