4	0.72676104	1.2353048	1.3158666	1.3205333	1.2814387	1.2558976	1.2381853	1.219342	1.1908993	1.1570557	1.1120569	1.0928735	1.1257792	1.194566	1.2291286	1.2670547	1.2331252	1.2076037	1.1579221	1.0808586	1.0189941	0.9192706	0.7491965	0.5464191	
4	0	0	1.2099361	1.2851121	1.2713588	1.2439442	1.2273331	1.2166116	1.2019829	1.179751	1.1437446	0.7901072	0.8098074	0.82161856	0.8523144	0.85708123	0.85733294	0.8147736	0.8011775	0.9967688	0.91532004	0.8584504	0.7679274	0.50077087	
4	0.72257257	1.2614404	1.3064499	1.3094543	1.2581078	1.255702	1.2658144	1.2330589	1.1810946	1.1929677	1.2046968	1.2319117	1.2599665	1.2505571	1.2134427	1.2067236	1.2159487	1.1904825	1.1398739	1.0814964	1.0484928	0.9477801	0.75956976	0.55224067	
4	0	0	0.5316922	0.59389216	0.57180727	0	0	0	0.87938523	0.92159384	0.94759184	0.9386774	0.9113931	0.85502565	0.80749345	0.74231297	0	0.9086696	0.66032	0.7558458	0.70366645	0.62061346	0.50462866	0	
4	0.62743723	1.2521209	1.2971582	1.2620033	1.1858882	1.1466123	1.1131487	1.0786684	1.0339211	1.003867	0.9556624	0.93219656	1.0280823	1.0759158	1.0837508	1.0523176	0.9815167	0.9936723	0.9638344	0.8479056	0.75378746	0.6589855	0.5440893	0	
4	0	0	0	0	0	0	0	0.5305583	0.5495797	0.5474983	0.52478945	0	0	0	0	0	0	0	0	0	0	0	0	0	
4	0.5850103	1.2614739	1.3129578	1.3043351	1.2814772	1.2567842	1.271689	1.2637752	1.2389772	1.2075845	1.1758016	1.1777068	1.1567974	1.2089779	1.2208455	1.2555214	1.2564149	1.2302223	1.1602945	1.1016233	1.0865209	0.9995452	0.8386434	0.5447269	
4	0	0	0	0.52903646	1.10931	1.0927894	0	0.6630691	0.70106506	0	0.85947734	0.891396	1.18108	0.88469666	0	0	0.7358372	0	0.713155	0	0	0	0	0	
4	0.61865515	1.2150607	1.27844	1.3076649	1.2582599	1.2081376	1.1676646	1.1391417	1.1475351	1.2004135	1.2343786	1.2474414	1.2457299	1.2131258	1.1891483	1.1344086	1.0888796	1.0433455	0.9547647	0.85245657	0.7981152	0.7050943	0.5410889	0	
4	0.6127938	1.2710897	1.3049641	1.3260773	1.2830118	1.2499799	1.2587575	1.2280685	1.2201331	1.2146922	1.2066071	1.223719	1.2361664	1.2227132	1.2113891	1.1937575	1.2146422	1.2246642	1.1695573	1.0415179	0.985941	0.9149507	0.77874666	0.53207594	
4	0	0	0.5619623	0.72137886	0.7752103	0.77222824	0.754455	0.7457743	0.7972875	0.88123775	0.93805516	0.97480315	0.9781418	0.9673356	0.9452273	0.91044015	0.8639695	0.81210476	0.7350503	0.6599156	0.5894417	0.5182571	0	0	
4	0.59458566	1.2671021	1.3105369	1.3255452	1.2825774	1.2508355	1.2323803	1.2116005	1.1820796	1.1475608	1.1044325	1.0968201	1.1335893	1.1755868	1.1899605	1.2212775	1.2021934	1.2034595	1.1850934	1.092208	0.96795225	0.9198497	0.81309634	0.58665127	
4	0	0	0	0	0	0	0	0	0	0	0	0	0	0.5444455	0.5347781	0	0	0	0	0	0	0	0	0	
4	0.52865094	1.0898103	1.2621063	1.2975907	1.2762213	1.2417604	1.2116181	1.1792642	1.135817	1.0820237	1.016427	0.9334711	0.84924054	0.7750267	0.7035845	0.63803846	0.5758993	0.5073314	0	0	0	0	0	0	
4	0.709073	1.2803316	1.3069406	1.3258315	1.2823775	1.2530395	1.266953	1.2642723	1.2183627	1.1997874	1.2150613	1.2282119	1.2293289	1.2275379	1.2172931	1.208147	1.1686809	1.1926011	1.1705524	1.1296124	1.052887	0.9492624	0.82006574	0.5687797	
4	0	0	0	0	0	0	0	0	0	0.5266273	0.5526895	0.5650238	0.562822	0.5414403	0.51524186	0	0	0	0	0	0	0	0	0	
4	0.6097197	1.264911	1.310078	1.3320036	1.2934669	1.2616272	1.244608	1.228432	1.2017766	1.1961746	1.195416	1.1932762	1.1685541	1.2141043	1.2421509	1.2816443	1.253339	1.1796578	1.1612649	1.103836	0.9984884	0.8264064	0.7544503	0.59579426	
4	0	0	0	0	0.5342676	0.5638317	0.5671237	0.5653807	0.59815437	0.6342559	0.6354618	0.5120074	0	0.5572023	0.5605018	0.5388673	0.5159246	0	0	0	0	0	0	0	
4	0.60290474	1.2467219	1.3241487	1.2820703	1.2452142	1.1919508	1.1403606	1.0813174	1.018478	1.0259402	1.026379	1.0542709	1.0691692	1.0387721	0.98150283	0.95627296	0.94476694	0.90937394	0.87819356	0.8652823	0.8124695	0.7104606	0.5683462	0	
4	0	1.040382	1.2248574	1.2146485	1.1796016	1.1439494	1.1237376	1.1348482	1.1157779	1.0855055	1.1014961	1.1308455	1.1460011	1.1217703	1.0756149	1.0114157	0.92910844	0.8819926	0.6511869	0	0	0	0	0	
4	0.5882916	1.2372501	1.3187406	1.2893792	1.2558566	1.2236791	1.1946992	1.1806256	1.1847157	1.1854371	1.180746	1.1667192	1.1360443	1.0897808	1.030209	1.0711901	1.1114866	1.1396675	1.1325377	1.0178707	0.9690848	0.84724325	0.67091596	0	
4	0	0	0	0	0	0	0	0	0	0	0	0	0	0.5540727	0.5393807	0	0	0	0	0	0	0	0	0	
4	0.59196323	1.2630614	1.3086318	1.301297	1.2504421	1.2113689	1.1751808	1.1315267	1.0727648	1.005923	0.92035675	0.90044934	0.9136527	0.96144253	0.9523454	0.9555774	0.921821	0.86642003	0.8013346	0.7757275	0.6944736	0.6514053	0.53327966	0	
4	0.6348438	1.2048798	1.3034153	1.2357852	1.1958344	1.1483573	1.1528726	1.1278174	1.1055716	1.0857158	1.0608957	1.0232443	0.97746664	0.9649795	1.0317985	1.1094768	1.1369151	1.1045868	1.0115738	0.9903531	0.9187868	0.7799936	0.584223	0	
4	0.6212237	1.2030658	1.2919334	1.2597839	1.306613	1.2791773	1.2577866	1.2414418	1.2272227	1.2105029	1.1903191	1.1629324	1.1322116	1.1089041	1.0698116	1.0343947	0.96273375	0.8667503	0.7826964	0.67531323	0.5715678	0	0	0	
4	0	0.72082776	0	0	0	0	0.8174805	0.80355054	0.78140724	0	0	0	0	0	0	0	0	0	0	0.6866762	0.66413766	0.5606992	0	0	
4	0.63211125	1.218738	1.2993536	1.2256786	1.2122202	1.211377	1.171583	1.1203938	1.0637175	1.059947	1.0844996	1.0973048	1.0757769	1.0244625	0.95783114	0.89168876	0.8213139	0.8293893	0.8499321	0.77840215	0.70696247	0.6320597	0.52288806	0	
4	0	0	0	0	0	0	0	0	0	0.5472854	0.5908138	0.6185515	0.61944395	0.61381495	0.58970535	0.556427	0	0	0	0	0	0	0	0	
4	0.62643796	1.2095441	1.3261293	1.276286	1.2713532	1.2223641	1.1768874	1.1389482	1.0974404	1.0546448	1.0054942	0.96333206	0.94420546	0.93252873	0.8989167	0.8909495	0.8577342	0.79036134	0.7450887	0.6784673	0.5951479	0	0	0	
4	0	0	0	0	0	1.260673	1.2336019	1.2026894	1.1659677	1.1305189	1.0900667	1.040393	1.032079	1.0431566	1.0363913	1.0497959	1.0604178	1.0417111	1.0483418	0.97255707	0.8562678	0.807241	0.6777729	0	
4	0.734318	1.2758578	1.3074292	1.3247597	1.2820941	1.2544234	1.2520947	1.219413	1.2326993	1.2500253	1.2599262	1.2627914	1.253498	1.2282934	1.2055116	1.169692	1.0957655	1.0632845	0.9817082	0.9747983	0.9963889	0.9401339	0.79679364	0.5249996	
4	0	0	0	0	0	0	0	0	0.6106297	0.6804753	0.73133034	0.74388045	0.73088557	0.69962084	0.6464927	0.59785956	0.5631012	0.5683722	0.5390322	0	0	0	0	0	
4	0.7020582	1.2348334	1.259129	1.2710243	1.2083308	1.1378639	1.0746119	1.0244596	0.95015085	0.8584223	0.92843163	0.99082565	1.0311247	1.0560801	1.0557073	1.0124923	0.9459123	0.93720156	0.8819883	0.8438119	0.77206683	0.64131254	0.57718724	0	
4	0	0	0.91213256	0.90854186	0.81037796	0.7729951	0.819427	0.9137167	0.976871	1.0043608	1.0940502	1.1371828	1.1428921	1.1076477	1.0526825	0.9694795	0.8571436	0.82447076	0.78095025	0.72963	0.63949835	0.61404806	0	0	
4	0.71507007	1.2212992	1.2672528	1.2953805	1.2441436	1.185885	1.1356211	1.0794148	1.0107561	0.9667025	0.95373863	0.9249988	0.8987918	0.90067226	0.9027025	0.93033516	0.9761737	1.0341803	1.0188282	1.0260868	0.9261554	0.75485706	0.62504435	0	
4	0.5392692	1.1106136	1.2537415	1.2016102	1.1057668	0.99546045	0.87868285	0.75353914	0.6825424	0.6322137	0.6001659	0.57528085	0.5568943	0.52856445	0.5027416	0	0	0	0	0	0	0	0	0	
4	0.61062694	1.2034537	0.98457366	0.92291105	0.8907595	0.86104816	0.8271142	0.79431736	0.78201085	0.81792915	0.82195	0.7835337	0.7330314	0.71918166	0.6858817	0.6614979	0.6465784	0.6247195	0.6216269	0.59386903	0.5464424	0	0	0	
4	0.65148467	1.203382	1.2800215	1.2792835	1.2223442	1.1643493	1.1083751	1.0752196	1.112247	1.1319686	1.125535	1.0983275	1.0997024	1.1297683	1.1317661	1.1634711	1.1493124	1.1405574	1.0372546	0.9427922	0.8394277	0.71612734	0.5686268	0	
4	0.53700644	1.0229914	1.1471752	1.1631811	1.1380436	1.0905284	1.026525	0.945759	0.8442865	0.735547	0.6524395	0.5774292	0.5178073	0	0	0	0	0	0	0	0	0	0	0	
4	0.6228376	1.2443216	1.3147074	1.3107964	1.2700069	1.2425872	1.2231565	1.1952173	1.1604402	1.1170838	1.0975988	1.0814227	1.0498253	0.9943488	0.94194645	0.89183944	0.8688364	0.857866	0.7920872	0.7295966	0.6449156	0.5886604	0.5166172	0	
4	0.6290127	1.2491614	1.3010825	1.2883983	1.2271521	1.2485234	1.2414114	1.2052013	1.1542135	1.1054078	1.0510312	0.98246443	0.9284439	0.98390704	1.022129	1.0652623	1.0981067	1.0605077	0.9922395	0.9005006	0.75604045	0.6658405	0.6163549	0	
4	0	0	1.0224038	1.0483993	0	0.7963296	0.9759617	1.055939	1.1120315	1.1525284	1.1562041	1.116797	1.07915	1.0181862	0.88337636	0.86119056	0.84742534	0.8150452	0.7807656	0.70888996	0.58665943	0.6802862	0.605731	0	
4	0.7050432	1.2057782	1.3021792	1.2261281	1.163466	1.0962824	1.1488763	1.1894159	1.2125263	1.2108542	1.1890551	1.1495026	1.17985	1.196298	1.1804103	1.2053862	1.2252768	1.1984209	1.0838394	1.0216048	0.9393029	0.8070721	0.6269995	0	
4	0	0.78693914	0.82105917	0.82231903	0.821006	0.79912806	0.76514405	0.62251294	0.67107314	0.7056473	0.81525064	0.84934	0.8605112	0.85977846	0.8177528	0.78170896	0.7310995	0.67759836	0.6199352	0	0	0	0	0	
4	0.6271389	1.2536174	1.3171716	1.3320897	1.2946266	1.2575508	1.2607857	1.2370672	1.1970403	1.2064981	1.2124231	1.2387271	1.2729963	1.2582531	1.2186588	1.2021189	1.2026615	1.1801445	1.0829395	1.0166279	0.9071005	0.829079	0.68764937	0	
4	0.7268443	1.2219324	1.3103429	1.2550312	1.2001393	1.1491926	1.1771399	1.2209299	1.2498655	1.2661595	1.2647882	1.2459718	1.2205646	1.1896102	1.1491162	1.0915208	1.0486628	1.010035	0.9858779	0.9218015	0.90599424	0.83024544	0.6657782	0	
4	0	0.96327263	0.69621235	0.7526448	0.7419949	1.1056294	1.1264032	1.1398492	1.1292576	1.110632	1.1172192	1.1189235	1.125259	1.1439084	1.13339	1.110256	1.0771401	1.0718919	1.1060259	1.0536984	0.92085326	0.86051106	0.7225461	0.5193236	
4	0	0	0	0	0	0	0	0	0	0	0	0.50476044	0.5099911	0	0	0	0	0	0	0	0	0	0	0	
4	0.68401974	1.2244476	1.2831633	1.2736921	1.2074867	1.1415157	1.0756415	1.0626079	1.0491089	1.0364591	1.0299991	1.0023766	1.0332023	1.0525018	1.0425056	1.0553827	1.0217481	0.98478705	0.9205939	0.8047449	0.67802167	0.6221399	0.5779271	0	
4	0	0	0	0	0	0	0	0	0.512208	0.524622	0.53277594	0.5298996	0.5387592	0.528484	0.5141895	0.5020421	0	0	0	0	0	0	0	0	
4	0.7075859	1.2171671	1.3130819	1.2489893	1.2135429	1.1828525	1.1426114	1.1933843	1.2336308	1.2490523	1.2435985	1.222303	1.2005868	1.1838429	1.1574217	1.0955373	1.076774	1.1355498	1.095608	1.0820408	1.0057249	0.8550479	0.7907315	0.5749352	
4	0	0.8737038	0	0	0	0	0	0.78776944	0.8408957	0.86541903	0.9285353	0.9552248	0.9302279	0.87337536	0.82838327	0.8340696	0.7968345	0.7848856	0.7706051	0.72398865	0.66871864	0.61452526	0.5122006	0	
4	0.6548467	1.2719125	1.3022089	1.3254938	1.2821214	1.2541689	1.2413852	1.21761	1.1870637	1.1514047	1.1679642	1.1702476	1.1624414	1.1913571	1.1581478	1.1648415	1.196308	1.2000537	1.1602865	1.0638072	0.97884315	0.84922266	0.74780476	0.53942037	
4	0	0	0	0.5560312	0.57291347	0.5556247	0	0	0	0	0	0	0	0	0	0	0.67818785	0.6775695	0.6397695	0.59618664	0.5092035	0	0	0	
4	0.76358825	1.2252557	1.3048589	1.2815367	1.2448479	1.1732305	1.2089318	1.2340701	1.242637	1.2356778	1.2187371	1.2122337	1.1954929	1.1879681	1.1431303	1.1236067	1.0696602	0.97746193	0.9064742	0.8177576	0.75328565	0.6575717	0.5435577	0	
4	0.5698832	1.0776559	1.3017199	1.3333863	1.2952032	1.2702254	1.2950891	1.275389	1.233777	1.2151269	1.1879734	1.157086	1.1216146	1.0680152	1.007201	0.9425385	0.8508897	0.75286937	0.6557954	0.54986614	0	0	0	0	
4	0.6749478	1.2732136	1.3030269	1.1121076	1.0400407	0.9462918	0.8347629	0.77992105	0.8725337	0.92788696	0.9718584	1.0071445	1.0228155	1.046636	1.0870744	1.102944	1.1599584	1.1699041	1.1768159	1.1864318	1.1136007	0.96398485	0.77708393	0.6541681	
4	0.6627623	1.239671	1.2576247	1.24672	1.1764001	1.0973141	1.0213815	0.94053555	1.0359273	1.1177174	1.1318494	1.12443	1.088845	1.0389905	0.98513716	0.9401036	1.0003679	0.973908	0.92667323	0.86560893	0.76360947	0.6327802	0	0	
4	0.7055271	1.243299	1.3082709	1.3187217	1.2738355	1.2431655	1.2214592	1.1941179	1.1557189	1.1095427	1.0486207	0.9741435	0.91104805	0.853352	0.77987057	0.7111106	0.62748295	0.54708916	0	0	0	0	0	0	
4	0	1.0201015	1.1082563	1.1123426	1.0815148	1.2480323	1.2426543	1.2315832	1.2210864	1.2092615	1.2088487	1.2193855	1.2297491	1.2014803	1.1870546	1.1761268	1.1386508	1.0980943	1.0577769	0.98719	0.89542097	0.7986273	0.62447435	0	
4	0.6830488	1.2453648	1.2457924	1.2188652	1.136813	1.0804079	1.0454408	1.0153723	0.9808865	1.0184847	1.0444611	1.0424774	1.0187951	0.9922957	0.94235826	0.9710979	0.9729678	0.9430226	0.9155031	0.813996	0.59059274	0.53508204	0	0	
4	0	0.60141647	0.7135568	0	0	0	0	0.7076738	0.7753275	0.8270548	0.84357345	0.83739346	0.81246716	0.76124334	0.7136091	0.7175337	0.7006792	0	0	0	0.7165781	0.6197553	0	0	
4	0.7308745	1.2276772	1.3133829	1.3137184	1.2685808	1.2238789	1.1906267	1.1610606	1.1604722	1.189618	1.2107202	1.2251757	1.2282887	1.2008481	1.1867217	1.1354454	1.0832049	1.0555587	1.0085866	1.005373	0.9100182	0.7881369	0.6704366	0.55358	
4	0.7230323	1.2202319	1.3135237	1.2732619	1.2344867	1.2149587	1.2379669	1.2244473	1.2358096	1.2475489	1.2407167	1.2168711	1.1829383	1.1704885	1.2019491	1.2003262	1.162782	1.0646541	0.9853163	0.88015205	0.7422514	0.61749405	0.58492213	0	
4	0	0	0.58263254	0.5386745	0.54435503	0.5783117	0.61782295	0.635266	0.64792687	0.6779635	0.7002852	0.71090376	0.6960656	0.70144403	0.70375025	0.6894809	0.62962204	0.58187246	0.571021	0	0	0	0	0	
4	0.7066341	1.2160814	1.314695	1.2911068	1.2325021	1.2228788	1.2248126	1.1970053	1.1486318	1.1592143	1.199573	1.23314	1.2411575	1.256567	1.249411	1.2419578	1.2071028	1.1528311	1.1175603	1.0734295	0.97418994	0.8159544	0.69940037	0.5478874	
4	0	0	0	0	0	0	0	0	0	0	0.5104879	0.5488392	0.5578607	0	0	0	0.6265787	0.6157358	0.5630724	0.5406822	0	0	0	0	
4	0	0.7320694	0.9354402	0.9390582	0.87865144	0.8929372	0.911738	0.88006413	0.82599276	0.7804631	0.7338267	0.66606575	0.61705726	0.56283957	0.5107475	0	0	0	0	0	0	0	0	0	
4	0.54091567	1.1967043	1.2549229	1.1754757	1.0985761	0.9930267	0.7790171	0.7809614	0.77549183	0.77211624	0.81427443	0.8498925	0.8442336	0.80556655	0.8198454	0.80440986	0.7992133	0.75231194	0.7099531	0.6481264	0.55098546	0	0	0	
4	0.6179254	1.2592791	1.307291	1.3282359	1.2869997	1.2662067	1.2761128	1.2488478	1.2112852	1.1882838	1.2287806	1.2186024	1.2113913	1.1967111	1.1981336	1.2228287	1.2073619	1.1499597	1.0816246	1.034732	1.0914739	1.0937128	0.92128336	0.64290845	
4	0	0	0	0.72073543	0.52207166	0.8248086	0.9271995	0.96969867	0.98233885	0	0	0	0	0	0	0	0.8731834	0.81152046	0.72532827	0.68138695	0.6323723	0.54947364	0	0	
4	0.699825	1.2220331	1.3107059	1.3087904	1.2964997	1.2496002	1.2070388	1.2104291	1.213297	1.2223659	1.2078695	1.1735363	1.1207371	1.0595492	1.0522363	1.0711747	1.0686197	1.0321687	0.9709319	0.9600971	0.87384117	0.81195617	0.72069544	0	
4	0	0.903402	0	0	0.875187	0.82033056	0	0.73876697	0.7777089	0.8654328	0.9405831	0.8530466	0.84206676	0.83977735	0.8498511	0.8365665	0.7857167	0.74510384	0	0	0	0	0	0	
4	0.77101475	1.2257055	1.3226591	1.2763488	1.2357069	1.2283927	1.2406099	1.2286537	1.2113334	1.2474473	1.2475104	1.2233067	1.2272444	1.2142534	1.20045	1.2440476	1.269997	1.2277924	1.1540456	1.0821718	0.97418845	0.86042815	0.7391884	0.5655018	
4	0	0	0	0	0	0	0	0	0.5192993	0.55187535	0.5714341	0.56220275	0.5411987	0.56054175	0.5626254	0.5433124	0.5303878	0.63136536	0.6280375	0.60081154	0.57098216	0	0	0	
4	0.73679477	1.2753917	1.326661	1.2978709	1.2831033	1.252795	1.216191	1.1879792	1.1480509	1.1225481	1.0923185	1.1325296	1.182434	1.1636086	1.1134233	1.0646676	1.0825049	1.0658247	1.0784291	1.008476	0.8501412	0.75774693	0.61115587	0	
4	0	0.63583267	0.61780626	0.5776634	0.54703194	0.5169084	0.5189819	0.5734272	0.621845	0.65297407	0.66362536	0.656081	0.6622122	0.6517854	0.62903905	0.6030028	0.58466274	0.54384923	0	0	0	0	0	0	
4	0.72084504	1.2217515	1.3120514	1.3160965	1.2684661	1.2245067	1.1907967	1.2247459	1.2643563	1.2659124	1.2504227	1.2364641	1.2172961	1.1846713	1.1881509	1.1956879	1.2157911	1.1935253	1.1066232	1.0557606	0.9959529	0.8849076	0.70047057	0.5047521	
4	0	0	1.0049331	0.9556312	0.9540666	0.60192484	0	0	0.9799064	1.0147728	1.0012025	0.98274034	0.94958735	0.8999024	0.85383874	0.8037378	0.80801886	0.7923278	0	0	0.5658815	0	0	0	
4	0.7011929	1.2307692	1.2969187	1.2996085	1.2470123	1.2003664	1.159115	1.1132885	1.0535486	0.98857844	0.96681327	0.9487534	0.993256	1.021042	1.0359832	1.0099438	0.9968541	0.951472	0.8536282	0.77691835	0.7247792	0.63059366	0.5034778	0	
4	0.74511033	1.2494417	1.3112831	1.3066695	1.2622888	1.2293092	1.2153921	1.2014676	1.1831554	1.2096075	1.2290627	1.2262189	1.2190833	1.2130256	1.1853646	1.1397588	1.1401038	1.1932771	1.12885	0.98782855	0.88426876	0.7549975	0.5986048	0	
4	0	0	0	1.0692706	1.0606453	1.0404751	1.0247735	1.0861268	1.134396	1.1861261	1.2140241	1.2158157	1.2288469	1.2109289	1.1811945	1.1553955	1.0907795	1.0464225	0.98294413	0.8024481	0.93899584	0.8350346	0.6406888	0	
4	0	0.8261547	1.0399746	1.1157537	1.1217752	1.0719855	1.031742	0.98018795	0.92256224	0.9220728	0.9172644	0.8852794	0.8312985	0.7575404	0.6723385	0.5974704	0.5231808	0	0	0	0	0	0	0	
4	0.5855752	1.2219396	1.304943	1.2681601	1.2470822	1.2203475	1.1854601	1.1446488	1.091104	1.0297204	0.9509677	0.939495	1.0083756	1.0035738	0.9651031	0.8970865	0.8329026	0.8211198	0.7905771	0.727514	0.6839986	0.58320564	0.5153442	0	
4	0.7588107	1.2712826	1.3214182	1.3246615	1.281903	1.2409208	1.2155077	1.1853691	1.1715813	1.1792835	1.1707768	1.232383	1.280945	1.2745334	1.2697198	1.2345127	1.2499129	1.2319887	1.1381903	1.0763012	1.031959	0.9349366	0.7566239	0.5173784	
4	0	0.5580113	0.60066766	0.6799525	0	0	0	0	0	0	0.6060818	0.65621495	0.6824369	0.6824121	0.6629248	0.66103363	0.647679	0.61703926	0.56935656	0.5236726	0	0	0	0	
4	0	0	0	0	0	0	0	0	0	0	0	0.5092231	0.56205106	0.62632906	0.7221417	0.81769246	0.9075389	0.97708136	1.0512769	1.2040659	1.2525537	1.1388681	0.9840761	0.7778893	
4	0.7210747	1.2670834	1.3214982	1.3415434	1.3127052	1.2822047	1.2704235	1.265646	1.2556602	1.2445508	1.2272335	1.217376	1.2575423	1.2804254	1.2664928	1.2290673	1.1528234	1.1268088	1.067	0.95698327	0.95870346	0.8312038	0.76718414	0.5243525	
4	0.55203843	1.0654603	1.2247983	1.2610534	1.2520005	1.2221572	1.1929252	1.1644232	1.2037274	1.2501183	1.2777852	1.2837956	1.2673455	1.2365327	1.2058434	1.1755464	1.1814291	1.1311771	1.1045865	1.0250943	0.8893362	0.8317255	0.69064605	0.5376877	
4	0.65885067	1.2579341	1.3045863	1.3192791	1.2732681	1.2353204	1.2356393	1.2008351	1.1488752	1.1601382	1.2141622	1.2371385	1.2336693	1.2153188	1.1659892	1.1441231	1.1749293	1.2068835	1.2056513	1.1518171	1.0361329	1.0215111	0.94580835	0.65660673	
4	0	0	0	0.57382643	0.61907196	0.60870177	0.5746701	0.54066813	0.5811554	0.59319735	0	0	0	0	0	0	0.50805634	0.52097267	0	0	0	0	0	0	
4	0.6581718	1.258412	1.3073884	1.3240386	1.281525	1.2526038	1.2348632	1.2133657	1.1840544	1.1475772	1.114477	1.1649032	1.1830052	1.2412443	1.244649	1.1887407	1.1607375	1.1010598	1.0005844	0.9488838	0.8254793	0.7259605	0.62808615	0	
4	0	0	0.67336404	0.66901165	0.6521583	0.51608586	0.55153203	0.56601757	0.5619556	0.54339707	0.59622747	0.6494596	0.67003196	0.6981606	0.7004154	0.6785727	0	0.62103117	0	0	0	0	0	0	
4	0.6248923	1.2710352	1.3130063	1.3164268	1.271884	1.2428129	1.2232188	1.1969972	1.1628829	1.1219971	1.140191	1.1578115	1.1614844	1.1422122	1.0993032	1.0460391	0.98484445	0.9196369	0.85093665	0.790188	0.6987695	0.6445611	0.54841954	0	
4	0	0	0	0	0	0	0	0	0	0	0.54923576	0.5803246	0.57847995	0.56330985	0	0	0	0	0	0	0	0	0	0	
4	0.6122101	1.2754062	1.3190969	1.3120034	1.2677863	1.2409399	1.2188971	1.1911267	1.1601641	1.132727	1.0872564	1.080069	1.0750389	1.0657153	1.0336972	0.9792984	0.8992259	0.9209152	0.8712523	0.85626966	0.8482922	0.80991477	0.6358765	0	
4	0	0	0	0.5476123	0.60839474	0.57536405	0.55316216	0.76101553	0.86279696	0.9223994	0.9407533	0.92323637	0.8973692	0.8428306	0.79875565	0.7296561	0.7153022	0.71067995	0.66161746	0	0	0	0	0	
4	0.6599703	1.2741086	1.3093535	1.2876983	1.2547988	1.2071574	1.1609186	1.1157318	1.0534528	1.0629505	1.073421	1.0746349	1.0836731	1.0548313	0.9840307	0.99085003	0.95182556	0.9150737	0.9097062	0.8912936	0.8244607	0.7067099	0.5991243	0.51705074	
4	0.64391917	1.1174634	1.3071336	1.2734804	1.2337008	1.1922987	1.1811244	1.1473241	1.1034188	1.0552696	0.9967308	0.93998444	0.87369424	0.8166742	0.75187373	0.68148136	0.61990947	0.55464375	0	0	0	0	0	0	
4	0	1.2738469	0.5776329	0.69740295	0.73321795	0.73225695	1.0245998	1.0207984	1.014592	1.044022	1.0877411	1.1391882	1.1971097	1.1808224	1.1574507	1.0927763	1.0817001	1.1191521	1.1166892	1.031634	1.0220113	0.92784977	0.7458397	0	
4	0	1.0226095	1.1862761	1.2169889	1.1710852	1.0823708	0.98123527	0.8729439	0.7705429	0.705068	0.63510406	0.5635947	0	0	0	0	0	0	0	0	0	0	0	0	
4	0.674851	1.268943	1.2941322	1.2335956	1.1970581	1.14835	1.0858579	1.0575492	1.1066831	1.1327533	1.1424211	1.1118302	1.0824729	1.0279685	1.0001856	0.9743462	0.92052454	0.8757977	0.80086106	0.7123596	0.61663914	0.54491925	0	0	
4	0.61726224	1.2370933	1.3124267	1.3022093	1.2584448	1.2688082	1.2570914	1.2330048	1.2016412	1.1702249	1.1595201	1.198198	1.2219882	1.2387266	1.2486871	1.2204429	1.2055339	1.1922109	1.1337248	1.0257465	0.98508114	0.9171815	0.7738695	0.50346154	
4	0	1.0849465	1.1837375	1.184894	1.2086372	1.1815163	1.1193444	0.7113166	0.984887	1.040893	1.0817924	1.1419799	1.1824875	1.1956421	1.1858853	1.1949315	1.1624271	1.0789276	1.036545	0.9453893	0.81771857	0.7045867	0.5866695	0	
4	0.5760933	1.2470542	1.3126645	1.3161719	1.2699652	1.235265	1.2292321	1.2090967	1.201436	1.1824641	1.1434002	1.0966611	1.0987562	1.1015182	1.0832709	1.1274545	1.1257864	1.1474818	1.0804431	1.0211048	0.8799121	0.822172	0.690454	0	
4	0	0	0.5255004	0.60561734	0.5939513	0.5811108	0.8401537	0.8395025	0.6323548	0.64289135	0	0.69911045	0.7137002	0.71727914	0.7017557	0.67893463	0.62917423	0.5770955	0.53643185	0.54201764	0	0	0	0	
4	0.539034	1.0782789	1.218678	1.1978774	1.198206	1.1865906	1.1956241	1.2160782	1.1848427	1.122766	1.040776	0.96745306	0.8771401	0.8192718	0.7770813	0.7421538	0.68978333	0.62351567	0.5609521	0	0	0	0	0	
4	0	0.5696608	0.6267825	0.6464551	0.6195587	0.607802	0.59308165	0.56812406	0.5453222	0.52607214	0	0	0	0	0	0	0	0	0	0	0	0	0	0	
4	0.62571204	1.2723818	1.308691	1.3261454	1.2884885	1.2582381	1.2620546	1.2346065	1.1992447	1.1681874	1.1277677	1.0817326	1.0971472	1.0817956	1.0311301	0.9846721	0.9991699	1.0058792	0.9743073	0.89004177	0.83288056	0.79588586	0.69849616	0	
4	0	0	1.0022534	1.1438628	1.1506449	1.120449	1.0799565	1.0362791	1.0738499	1.0737982	1.0542206	1.07116	1.0602565	1.0584812	1.0324725	1.0658801	1.0857992	1.0616462	1.00317	0.8589944	0.7326982	0.6995129	0.6285284	0	
4	0.65951633	1.2771257	1.314167	1.3039881	1.2604489	1.2174323	1.2162244	1.2371743	1.2366283	1.2194723	1.1872679	1.1482328	1.1535938	1.1628076	1.1646627	1.1478461	1.0966825	1.0883172	1.03652	0.9307409	0.8334599	0.7579369	0.64081854	0	
4	0	0	0	0	0	0.5226765	0	0	0	0	0.64838696	0.6785823	0.68079257	0.67156667	0.6542697	0	0	0	0	0	0	0	0	0	
4	0.65560067	1.2642814	1.2948368	1.325576	1.2833899	1.249311	1.2517442	1.2082224	1.170723	1.1316398	1.0837697	1.0225487	0.9503243	0.86940783	0.87441045	0.86806977	0.8850675	0.8661404	0.84768075	0.7699776	0.7047953	0.6744965	0.58147776	0	
4	0	0.90249515	1.019415	1.0628366	0.9492264	0.5156489	0.8820955	0.91924554	0.90996635	0.9528231	0.9741649	0.97248125	0.9684363	0.98125774	0.96954125	0.9522015	0.90558594	0.8739015	0.75650144	0.6504249	0	0	0	0	
4	0.6953831	1.2232289	1.319587	1.2950749	1.2465066	1.2386402	1.210309	1.2020811	1.1775063	1.2081779	1.2540122	1.2748783	1.269554	1.2477885	1.2041765	1.1746596	1.147236	1.1091639	1.0351119	0.98979723	0.9471575	0.7973015	0.66463155	0	
4	0	0.8251297	0.86027825	0	0.758913	0.81017786	0.87098736	0.88489056	0.91948706	0.933384	0.94707894	0.9560308	0.9195524	0.866497	0.77356505	0.7132363	0.75510806	0.75878674	0.70378095	0.5388702	0	0	0	0	
4	0.7292828	1.2304299	1.2805473	1.3090956	1.2657951	1.2147142	1.1736252	1.1257854	1.0658041	1.0074049	0.96299845	1.0158199	1.035217	1.005321	0.99064994	1.0010413	0.99611366	0.98007476	0.898292	0.8088126	0.746568	0.65474176	0.5261422	0	
4	0	0.81439745	0.996497	0.9929446	0	0.97411203	1.0076388	1.0275549	1.0345278	1.0374206	1.0737412	1.0892594	1.0995808	1.0832144	1.0734949	1.0602262	1.0235775	0.9487153	0.8495202	0.75014716	0.7469105	0	0.6326755	0	
4	0.6763784	1.2337888	1.3191699	1.3283641	1.2920475	1.258049	1.2394288	1.2208031	1.1943101	1.1620877	1.1210738	1.0848924	1.0562658	1.1208616	1.1643643	1.1891977	1.2157279	1.2485123	1.1831696	1.1127557	1.055981	0.95815456	0.8000205	0.5285714	
4	0	0.98428106	1.1050376	1.0562966	0.9846425	0.9287244	0	0.84742635	0.9198329	0.97219956	1.0070744	1.0282654	1.1003878	1.1547171	1.1814684	1.1573305	1.1475432	1.0936193	0.9811328	0.9214017	0.8228489	0	0	0	
4	0.5644583	1.1265596	1.2501698	1.2208779	1.1397443	1.0364468	0.98219645	0.9159256	0.83817613	0.7559779	0.7062043	0.69702154	0.6813343	0.66271603	0.6438094	0.61109984	0.57867	0.547618	0	0	0	0	0	0	
4	0	0	0.5968839	0.73207504	0.9822805	0.9996019	0.96454126	0.9260813	0.8974043	0.8927543	0.9712432	1.0109667	1.0142801	0.9831518	0.93030345	0.8629915	0.88311625	0.8693512	0.8502	0.79216707	0.67736346	0.59069127	0.50719386	0	
4	0	1.0361403	1.111681	1.0845574	0.9940219	0.86687887	0.74468863	0.6398203	0.63126177	0.6349062	0.62032795	0.5971121	0.6020605	0.6005842	0.5776919	0.5553743	0.5214268	0	0	0	0	0	0	0	
4	0.647232	1.21603	1.2775593	1.2586458	1.1891638	1.1537994	1.1041268	1.089093	1.0786861	1.1036614	1.1241332	1.1222636	1.1304733	1.1840203	1.1787168	1.1732529	1.143137	1.0601697	0.9967575	0.9239113	0.8109073	0.70453113	0.5673071	0	
4	0	0	0	0	0	0	0	0	0	0	0.5491092	0.58248687	0.61665696	0.62475806	0.61074346	0.5948431	0.54631615	0	0	0	0	0	0	0	
4	0.53467107	1.1933756	1.2246723	1.1022952	0.99612254	0.8733467	0.77788836	0.74752575	0.77600735	0.86301184	0.9352536	0.99379194	0.9894233	0.96706146	0.8963065	0.80056345	0.7567949	0.70079845	0.6168409	0.5368976	0	0	0	0	
4	0.68096	1.2585595	1.2709858	1.2133183	1.1518954	1.1686156	1.1768179	1.1590786	1.1278678	1.0883764	1.0441543	0.99250776	0.9441401	0.9153942	0.9130996	0.88997483	0.87104696	0.8140249	0.7778846	0.68529063	0.62040544	0.5425634	0	0	
4	0.71979994	1.2426054	1.3096399	1.2824141	1.2346935	1.1786263	1.187029	1.2258471	1.2484621	1.2471795	1.2315494	1.206308	1.2019271	1.2110474	1.1868804	1.1792477	1.1427462	1.1035316	1.0338666	0.9336115	0.8576019	0.8267055	0.7312807	0.5224073	
4	0.60460126	1.2159936	1.2502447	1.1949291	1.1066793	1.0072496	0.90336615	0.8640924	0.95671785	1.0457982	1.0952318	1.1272995	1.129398	1.1004777	1.0922447	1.0622444	1.0032556	0.9764218	0.9217792	0.81947905	0.7510237	0.6109262	0.5051139	0	
4	0	0	0.5691933	0	0.540424	0.573836	0.6038235	0.63819396	0.67982256	0.71183527	0.73692256	0.7262426	0.7064806	0	0	0.6851506	0.65735626	0.622676	0	0	0	0	0	0	
4	0.62680334	1.2174319	1.2942326	1.2364063	1.2499819	1.2332054	1.1970052	1.1509223	1.1716676	1.2108641	1.2228594	1.2388563	1.2304854	1.21008	1.1891336	1.1433727	1.1258532	1.0761079	0.98177284	0.86733687	0.8029158	0.71450967	0.5927753	0	
4	0.74476767	1.2869483	1.3107824	1.2531024	1.253959	1.2475778	1.2032006	1.1465724	1.0805081	1.0202928	1.0595971	1.1051031	1.1551536	1.1580625	1.1410075	1.0837703	1.0298104	1.0181319	0.97472423	0.88881785	0.8711651	0.7867299	0.5909666	0	
4	0.62260073	1.2509716	1.3358481	1.297091	1.2637482	1.2444576	1.2259043	1.1980832	1.1639158	1.121294	1.0873014	1.0681232	1.0495087	1.0140371	0.98118955	0.9228754	0.87777466	0.8189283	0.73204625	0.6265979	0.5373661	0	0	0	
4	0	0.98914385	0.57229584	0	0.7585428	0.90033656	0.9767057	1.0669054	1.0322953	1.0724449	1.1034018	1.1317956	1.1329991	1.1031656	1.0896708	1.0985034	1.0699042	0.9988051	0.9645779	0.86413765	0.80232966	0.65683496	0.5335882	0	
4	0.5360508	1.1956202	1.2640015	1.195796	1.1041175	1.0132467	0.9215753	0.8586541	0.8750361	0.8514984	0.80825377	0.8151007	0.8348243	0.8555124	0.8464109	0.8548948	0.8351038	0.7820669	0.7301898	0.6761948	0.5947166	0	0	0	
4	0	0	0	0	0	0.6395591	0.79845893	0.9207881	0.99968547	1.0336876	1.0519506	1.0527551	1.029555	0.97290635	0.9025723	0.8081411	0.75013024	0.7014574	0.67939776	0.62330306	0.5347597	0	0	0	
4	0.627072	1.2318789	1.3308139	1.2889476	1.2499855	1.2241284	1.2138798	1.2361271	1.2208613	1.1960725	1.1618426	1.1212744	1.0690695	1.0127515	0.9374729	0.8926457	0.8175567	0.80113524	0.8172432	0.7464178	0.6813847	0.5998062	0.5191786	0	
4	0	0.99179417	0.53828347	1.1820354	1.2266159	1.2195814	0.650912	0.6234246	0.6499028	0.66936684	1.1936078	1.2076002	1.2347481	1.2340335	1.1975979	1.1865741	1.1458586	1.062755	1.0133158	0.92703897	0.796244	0.673554	0.5572365	0	
4	0.57197875	1.2613267	1.2963032	1.2480164	1.2141871	1.1414552	1.0577484	0.9684966	0.88553715	0.8008343	0.80026186	0.8470734	0.8822855	0.88624984	0.89714146	0.8879642	0.8389033	0.75917095	0.7682536	0.7297889	0.720703	0.617367	0.51149756	0	
4	0	0	1.0223082	1.0213954	1.0530403	1.1585857	1.197768	1.208592	1.2095362	1.2127318	1.2152749	1.210518	1.1884272	1.1686919	1.1100361	1.0601696	0.98342615	0.87464744	0.91914856	0.8589155	0.7302525	0.63486236	0.55546826	0	
4	0.70824176	1.2831423	1.3156099	1.2573777	1.2364724	1.197937	1.1421263	1.0967444	1.0588207	1.0005552	0.9349828	0.9710559	0.999846	1.0160501	0.988648	0.95217264	0.915189	0.9055401	0.86870897	0.82930666	0.7139029	0.6442187	0.5350036	0	
4	0	0	0	0	0.525994	0.5233566	0	0	0	0	0	0.5885396	0.6157634	0.61317337	0.6080476	0	0	0	0	0	0	0	0	0	
4	0.5431465	1.0904136	1.2571706	1.1939406	1.1060258	1.023902	0.94411373	0.8642804	0.78353	0.71975374	0.65743005	0.59580624	0.5368484	0	0	0	0	0	0	0	0	0	0	0	
4	0	1.1882633	0	0.64275974	0.67523104	0.68600005	0.7423024	0.8088995	0.8353216	0.8263862	0.8838957	0.91714776	0.901208	0.8822456	0.9464409	0.94342214	0.92351514	0.8583894	0.74591887	0.63619554	0.5827282	0.5172032	0	0	
4	0.6208711	1.2538131	1.3299221	1.2848883	1.2678285	1.243116	1.195146	1.1421645	1.1016718	1.1484022	1.192852	1.223294	1.2313251	1.2161915	1.163219	1.1168647	1.0661256	0.99328595	0.88232744	0.825725	0.7104759	0.61562234	0.54100686	0	
4	0.5967035	1.2557074	1.3134134	1.3183879	1.27093	1.2449757	1.2365925	1.2316549	1.2243545	1.2063398	1.1764425	1.1305964	1.0846279	1.1308131	1.1606072	1.1305225	1.1003565	1.1517978	1.1690397	1.0607798	0.993975	0.8843447	0.73378277	0.5181806	
4	0	0	0	0	0	0	0	0	0.5602139	0.6102014	0	0	0	0	0	0.53686875	0.50079364	0	0	0	0	0	0	0	
4	0.63940215	1.2605811	1.2686957	1.2113262	1.2012098	1.182557	1.1979058	1.1878932	1.1594443	1.1276193	1.089428	1.0419226	1.0064813	0.9895558	0.92204493	0.9739544	1.0110106	0.9668676	0.93370414	0.84361917	0.7003186	0.6463175	0.6017107	0	
4	0.5916796	1.2616531	1.3072543	1.3089797	1.2843312	1.2522489	1.2241842	1.1964182	1.1625949	1.1209018	1.0658741	1.0693232	1.114118	1.1653669	1.1943867	1.1900215	1.20825	1.2041907	1.1246847	1.0778897	1.014974	0.9046002	0.722753	0.5199123	
4	0	0	0.52811587	0.6267616	0.60873413	0.5601558	0.5193774	0.5176301	0.5928506	0.6423889	0.66775787	0.6530297	0.6115751	0	0	0	0.7390015	0.7332148	0.69323665	0.5913205	0.5430376	0	0	0	
4	0.63400227	1.26705	1.3376532	1.2968557	1.2643144	1.2464159	1.2287402	1.2020419	1.1687688	1.1273578	1.0867614	1.0413684	0.9905021	0.9279898	0.9597082	0.9729491	1.0007184	1.0190818	1.0934778	1.0477501	0.9629269	0.9101296	0.7581111	0	
4	0	0.5618457	0.63407826	0.60509473	0.5518676	1.006989	0.90282345	0.8105168	0.8096372	0.84971184	0.87894595	0.9245788	0.9392458	0.94787526	0.9153579	0.8918001	0.8950699	0.8793355	0.80934364	0.77260625	0.70959765	0.61455184	0	0	
4	0.6571938	1.2096312	1.1885946	1.1752993	1.1386207	1.0542316	0.9603542	0.8697403	0.7875085	0.74544775	0.8062469	0.88358724	0.9410825	0.9806542	0.98821497	0.9788828	0.9224377	0.8792144	0.81496805	0.71704435	0.64379716	0.51865196	0	0	
4	0	0	0	0	0	0	0	0	0.5018902	0	0	0	0	0	0	0	0	0	0	0	0	0	0	0	
4	0.6168543	1.2460809	1.2972723	1.2545407	1.2023201	1.1528549	1.0960249	1.0302725	0.9502659	0.86363095	0.7725413	0.6757208	0.586424	0.5047396	0	0	0	0	0	0	0	0	0	0	
4	0	0	0	0	0	1.136552	1.0835143	1.021908	0.98672754	0.9408344	0.96144515	0.9984797	1.0199994	1.001464	0.96316653	0.9660764	0.94272953	0.9107863	0.80170345	0.7034665	0.6383998	0.5908144	0.5103627	0	
4	0	1.0771075	1.2372875	1.2331698	1.1817201	1.1513033	1.1347035	1.113474	1.0775375	1.0219382	0.9387709	0.841527	0.74648523	0.6582459	0.5836598	0.51478136	0	0	0	0	0	0	0	0	
4	0.6254194	1.2349966	1.3134248	1.2538863	1.2242821	1.2191775	1.2113627	1.187678	1.1500721	1.1045794	1.1368539	1.1600621	1.1608897	1.1480201	1.1176597	1.1163871	1.1086842	1.1082445	1.0430574	0.97325104	0.891373	0.7734745	0.65291077	0	
4	0	1.0554942	1.1894611	1.1812586	1.1644223	1.1728895	1.1988893	1.2195249	1.2249781	1.211992	1.17966	1.1280893	1.0809575	1.0070331	0.942593	0.8606993	0.75646526	0	0.55251986	0	0	0	0	0	
4	0.6979004	1.2188641	1.3076463	1.2961653	1.2573316	1.2262111	1.2488378	1.2489095	1.2498996	1.2495786	1.2459646	1.233382	1.2111235	1.1828256	1.197157	1.2079124	1.2380956	1.192375	1.097709	1.0356717	0.93509895	0.78959006	0.6417235	0	
4	0.6155351	1.2395484	1.2785205	1.2664572	1.2337371	1.2014259	1.1541069	1.098433	1.0338769	1.0272425	1.0805134	1.0850252	1.0433477	0.9843518	0.8988496	0.8242098	0.7592928	0.71959126	0.67507833	0.6665026	0.611413	0.561732	0.50779235	0	
4	0.6059386	1.0416268	1.2897668	1.276765	1.2581959	1.217747	1.176898	1.1346962	1.0850513	1.0222839	0.9432999	0.85402614	0.7632038	0.67229706	0.5943735	0.52091885	0	0	0	0	0	0	0	0	
4	0.60850704	1.2701012	1.3150297	1.2315942	1.2600219	1.2456471	1.2238159	1.1980132	1.1619993	1.1211901	1.0704119	1.0284392	1.0206383	0.98932266	0.9732467	0.9384735	0.8758089	0.82306546	0.8648618	0.8478351	0.72834444	0.65186405	0.56644124	0	
4	0.6109497	1.1940287	1.3055949	1.2733221	1.2585523	1.2133693	1.1625305	1.1058866	1.0377564	1.029257	1.0359471	1.0274	1.0451361	1.0623615	1.0529279	1.0500401	1.0524054	1.0250161	0.9552538	0.8403629	0.75550306	0.6412564	0.5701891	0	
4	0.5032226	0.6447709	0.6471158	0.64509654	0.64239246	0.638742	0.632758	0.62594604	0.616043	0.606409	0.6436936	0.66875523	0.6792429	0.6750451	0.6541433	0.616752	0.55955493	0	0	0	0	0	0	0	
4	0.6212571	1.2122487	1.3010886	1.3253449	1.2823272	1.2505647	1.2322233	1.2083733	1.1786476	1.1401078	1.0868099	1.102258	1.1525909	1.1968179	1.2171178	1.2417706	1.216847	1.1817378	1.1697267	1.1137546	0.9947775	0.89318484	0.8078136	0.61014473	
4	0.6322272	1.1838738	1.3135295	1.314931	1.269529	1.2401167	1.2168436	1.1883328	1.1463166	1.1000603	1.1522288	1.1830502	1.2057141	1.2350779	1.2348784	1.2021893	1.2135253	1.1887966	1.1100639	1.0182328	0.9694151	0.86816657	0.6982358	0	
4	0	0	0	0	0.5249249	0.57768726	0.5926608	0.5838507	0.5580986	0.5284189	0	0	0	0	0	0	0	0	0	0	0	0	0	0	
4	0.6954738	1.2111785	1.3070489	1.2800272	1.2331883	1.1575726	1.13072	1.1749393	1.2091457	1.2227368	1.2143427	1.1850941	1.1330079	1.0771261	1.0048169	1.0073398	0.9842866	0.98637056	0.9595601	0.9398046	0.9014424	0.78215045	0.60166264	0.5026809	
4	0	0.8445841	0	0	0	0	0	0	0	0	0	0	0.80904794	0.78617495	0.80667216	0.78641725	0.73773676	0.70183605	0.6957446	0.6553714	0.59260446	0	0	0	
4	0.61620945	1.2249805	1.3114421	1.3051372	1.2550799	1.2791992	1.2840062	1.2721257	1.2577122	1.2454603	1.2336923	1.2203118	1.1979439	1.1682448	1.1287298	1.0871295	1.0078849	0.96096295	0.90657014	0.87715364	0.7953987	0.68073916	0.54181755	0	
4	0.667109	1.2459768	1.3175471	1.3274899	1.2915007	1.2586635	1.2600007	1.2443827	1.2193683	1.1990484	1.2196817	1.2659898	1.2846311	1.2828643	1.2734592	1.2407587	1.1971586	1.1892334	1.1395419	1.0283982	0.94532424	0.87779284	0.74559313	0.5085639	
4	0	0.58236843	0.5922774	0.59172416	0.57158583	0	0	0	0.8073065	0.8267603	0.81664723	0.7899396	0.81605506	0.8167146	0.7663344	0.70280933	0.6837	0.6665411	0.6204647	0.5518294	0	0	0	0	
4	0.6710849	1.2330633	1.3044978	1.3081841	1.2662113	1.253792	1.2404976	1.2079749	1.1774244	1.1575692	1.1134536	1.0518367	0.98081374	0.90056556	0.8059858	0.76793295	0.754185	0.7338399	0.6901111	0.64675534	0.63626677	0.5860562	0	0	
4	0	0.85576034	1.0584314	1.120377	1.0939405	1.0491097	0.99410975	0.9418549	1.0287324	1.1037387	1.1734583	1.197955	1.2105572	1.1949642	1.191859	1.1404266	1.0838072	1.0069237	0.9245681	0.8504324	0.7352102	0.69162756	0.5963279	0.5164548	
4	0.709269	1.2257518	1.2920623	1.303287	1.2525016	1.2067715	1.1665951	1.1194994	1.0802441	1.0274314	1.0560282	1.0863452	1.0800518	1.0554336	1.0291803	1.0314009	1.0150335	0.96361023	0.8969208	0.8394657	0.7742148	0.7450927	0.6105663	0	
4	0	0	0	0	0	0	0	0	0	0.5155489	0.5369211	0	0	0	0	0	0	0	0.52284414	0	0	0	0	0	
4	0.56854045	1.1591287	1.2910336	1.2613336	1.192726	1.1291385	1.0636253	0.98892033	0.9055767	0.8953404	0.8724125	0.82371396	0.8106869	0.80376554	0.7857602	0.7575055	0.72015506	0.7156541	0.69111216	0.6397534	0.62776655	0.540322	0	0	
4	0	0.6811842	0.7350838	1.0222937	0.92539275	0.81882954	0.86379534	0.9049495	0.9089159	0.8909721	0.8732456	0.8565084	0.834757	0.8251254	0.84476995	0.8341225	0.83116645	0.7839379	0.7233426	0.662775	0.58523506	0.5256736	0	0	
4	0.5703992	1.2361194	1.2985307	1.304594	1.252322	1.2340733	1.2255813	1.2227005	1.2124771	1.1920453	1.1560527	1.107103	1.0700964	1.0252101	1.0198215	1.0235913	1.0135674	0.9524372	0.96996427	0.95777106	0.8470836	0.73841476	0.6715197	0	
4	0.5350444	1.0518221	1.3084364	1.3136349	1.2669082	1.2325284	1.2035266	1.1682454	1.1155347	1.053649	0.9867465	0.92047554	0.87857693	0.8524265	0.81195533	0.7776447	0.71680963	0.65490186	0.58261603	0	0	0	0	0	
4	0.58559155	1.235681	0.92771703	0.89177173	0.6809109	0	0.8739345	0.91258913	0.8913658	1.0514355	1.0919753	1.1174259	1.1123251	1.1126106	1.0667949	1.0251279	1.0486338	1.025214	0.9599981	0.9502433	0.8634675	0.7283974	0.6353827	0	
4	0.63032365	1.2193223	1.3047532	1.318806	1.2728757	1.2446407	1.2534512	1.2090108	1.147514	1.1475036	1.1610619	1.148337	1.1174929	1.0405751	1.0315075	1.0245008	1.0245552	0.9982768	0.9229428	0.8682922	0.8081107	0.6858214	0.52333426	0	
4	0	0	0	0	0	0	0	0	0	0.5396322	0.56247574	0.5878179	0.6074798	0.5944828	0.5878539	0.56881005	0.5383593	0.5097462	0	0	0	0	0	0	
4	0.62388706	1.2092696	1.316706	1.2910773	1.2399518	1.2034384	1.1656548	1.1173567	1.0565097	0.98597854	0.90231913	0.9647321	1.0168067	1.0302567	1.0595998	1.0706282	1.0599792	1.0204378	0.9315819	0.86861694	0.84164613	0.6975517	0.5523048	0	
4	0	0.89797634	1.0720997	1.0461075	0.99156773	0.91051173	0.83465147	0.82550526	0	0.8654833	0.87705034	0.89545286	0.90528846	0.89134043	0.8725351	0.81858283	0.7880456	0.78575385	0.7923243	0.753385	0.6441315	0.56446284	0	0	
4	0.65251297	1.194007	1.2898645	1.3135488	1.265768	1.2210453	1.1894653	1.1542706	1.1089759	1.0584093	1.003096	0.9667388	0.9749734	1.0516225	1.1176695	1.1467589	1.1767507	1.1313978	1.1386395	1.0592655	0.9074425	0.8315102	0.7276934	0.51715964	
4	0	0	0	0	0	0.55724573	0.58651274	0.5887132	0.5711453	0.54436535	0.511063	0	0	0	0	0.548453	0.52214485	0	0	0	0	0	0	0	
4	0.6985635	1.2255986	1.2739251	1.2678076	1.2163177	1.1747922	1.1392226	1.109347	1.1035532	1.0764676	1.0445423	1.0927379	1.107674	1.0858778	1.0925462	1.0676689	1.0525966	1.0025852	0.912842	0.83922386	0.76847017	0.653426	0	0	
4	0.6997518	1.2508413	1.3012129	1.3135164	1.2646224	1.2184695	1.1852356	1.1723212	1.1649411	1.1336296	1.08838	1.0698962	1.1301736	1.1599544	1.1428614	1.106101	1.022896	0.9709282	0.9218872	0.83539605	0.81175405	0.71365136	0.55537224	0	
4	0	0	0	0.50842243	0	0	0.5096955	0.545632	0.55709344	0.5572256	0.5337729	0	0	0	0	0	0	0	0	0	0	0	0	0	
4	0.6377287	1.2437922	1.3162715	1.3181207	1.2759992	1.2629832	1.2533066	1.2224274	1.1814353	1.1386462	1.1750604	1.2223734	1.243765	1.2476351	1.2326467	1.2293904	1.2059865	1.1440939	1.0939059	1.057976	0.9654471	0.8147753	0.6942075	0.52935773	
4	0	0	1.1255736	1.0366607	0.9653662	0.91872674	0.7394218	0.6824715	0.8768707	0.8008649	0.88739944	0.9002341	0.8947302	0.9125437	0.9232449	0.9349701	0.9144543	0.8559615	0.7937491	0.7220716	0	0	0.5718738	0	
4	0.6912508	1.2265546	1.3101283	1.2734985	1.2177484	1.2005376	1.1966249	1.1937933	1.2185731	1.2196594	1.1998215	1.1626561	1.1951909	1.2378681	1.2251955	1.2267293	1.2102957	1.1585007	1.0552815	1.0112722	0.9298278	0.7936506	0.6721054	0	
4	0	0	0	0	0	0	0.5004944	0.54982513	0.59543884	0.62102	0	0	0	0	0	0	0	0	0	0	0	0	0	0	
4	0.65490437	1.2246562	1.305317	1.3166177	1.2697525	1.234422	1.2100542	1.1771479	1.1359148	1.0845524	1.1227138	1.14799	1.153026	1.1683547	1.1515777	1.1443262	1.1118519	1.0354024	1.0068234	0.95512646	0.8603198	0.72579575	0.6273733	0	
4	0	0.98257273	1.1132387	1.1034682	0.9808155	0.65943414	0.63049364	0	0.75141126	0.80925655	0.8598009	0.89934146	0.92193925	0.93147576	0.91541696	0.8768521	0.8690102	0.83727735	0.7796247	0.7428379	0.6522384	0.530084	0	0	
4	0.66828763	1.2217764	1.288503	1.3024553	1.2473519	1.2223777	1.2113762	1.1608788	1.0913985	1.094611	1.117975	1.114643	1.0877746	1.056234	1.0125852	1.0012858	0.9734346	0.930833	0.92063355	0.9263281	0.8671829	0.72192556	0.6423643	0	
4	0.65943396	1.2140476	1.2656708	1.2715349	1.2111492	1.1670867	1.1005588	1.0597363	1.0855871	1.1147658	1.1066558	1.069665	1.0730017	1.1284399	1.1390785	1.1204505	1.0672024	1.0211191	0.93644345	0.82143724	0.7584062	0.67700994	0.53052574	0	
4	0.7203507	1.2366601	1.2899635	1.2978252	1.245644	1.196998	1.1526543	1.0983937	1.0305587	1.0698144	1.1202805	1.1230594	1.0903082	1.0549197	1.0008956	0.9731517	0.92506444	0.86833465	0.83689636	0.78235984	0.7175217	0.597286	0	0	
4	0	0	0	0	0	0	0	0	0	0	0	0	0	0.5735339	0.5756161	0.5720954	0.5361296	0	0	0	0	0	0	0	
4	0.69572425	1.204169	1.2765907	1.2337164	1.2250199	1.2070178	1.1605349	1.1776495	1.184352	1.171085	1.1381631	1.1069205	1.1231425	1.1349329	1.1470697	1.1121756	1.070609	0.960945	0.85627645	0.799765	0.73072237	0.61633074	0.56380224	0	
4	0.69342387	1.2332149	1.3076295	1.3272091	1.2862388	1.2538698	1.2348181	1.2146622	1.184768	1.1496642	1.1056364	1.0475165	1.0030254	1.0092828	1.0664669	1.0856662	1.0332167	0.9678937	0.94650435	0.92215526	0.8392195	0.72534585	0.60994875	0.50764936	
4	0.5019955	1.1312582	1.2861034	1.2877809	1.2237635	1.187832	1.1486224	1.102235	1.0459251	0.9765143	0.88957256	0.802774	0.74001515	0.6770064	0.608283	0.5473107	0	0	0	0	0	0	0	0	
4	0.66392326	1.1744363	0.9112903	0.5741745	1.0335134	1.0631894	1.0797732	1.0616612	1.0208241	0.97294897	0.92602795	0.935652	0.94972074	0.9221829	0.9255508	0.9504919	0.955913	0.97518575	1.011478	0.92838025	0.89165294	0.73292375	0.5659482	0	
4	0.71309304	1.2097348	1.2851385	1.2500784	1.1810701	1.097288	1.1326219	1.1511536	1.1503081	1.1277407	1.093938	1.0965831	1.0969201	1.112835	1.1144764	1.1279346	1.1125069	1.0608518	0.99989235	0.9593427	0.86917555	0.72485584	0.6058878	0	
4	0.60849	1.1498692	1.2285492	1.1538723	1.021291	1.0341935	1.0272167	1.0056168	0.98018557	0.95657974	0.9225501	0.8919356	0.89385074	0.895543	0.8611229	0.8498922	0.8174117	0.7589396	0.669014	0.60082066	0.52694964	0	0	0	
4	0	0.71150917	0.8271408	0	0	0	0.6639126	0.7452041	0.8238387	0.8551043	0.86164844	0.82714695	0.7758823	0.7480059	0.69039583	0	0	0.6105219	0.6206901	0.57422066	0.5659561	0	0	0	
4	0.67340434	1.2267206	1.3050487	1.3075403	1.2734625	1.2480226	1.2347952	1.1933697	1.1967449	1.1887373	1.1544932	1.1000007	1.0403005	1.0394453	1.0526344	1.0727699	1.0834184	1.0594642	1.0579015	0.9756456	0.8389779	0.67592794	0.58785194	0	
4	0	0	0	0	0	0	0	0	0.5293935	0.58502555	0.6236252	0.65918064	0.68037033	0.6839936	0.65774035	0.64901876	0.63873404	0.6352755	0.6171802	0.54831207	0.50307864	0	0	0	
4	0.7397774	1.2589775	1.2928154	1.3315926	1.2918466	1.259553	1.2440016	1.2254943	1.2025268	1.1719853	1.1778599	1.1858492	1.1863244	1.1568515	1.1348313	1.0973538	1.1070199	1.0978528	1.0496575	0.97392946	0.89794636	0.81120026	0.6372938	0.51222104	
4	0	0	0.5393823	0	0.6609929	0.65402	0.6442863	0	0.6595222	0	0	0	0	0.7801927	0.7568506	0.7089624	0.6456221	0	0	0	0	0	0	0	
4	0.60895765	1.229169	1.3085618	1.3280885	1.2858206	1.2550856	1.2321244	1.2098895	1.1780547	1.1383145	1.0906172	1.0546544	1.0663799	1.0954348	1.1293259	1.1334169	1.1343967	1.134755	1.0606855	0.9112742	0.8160108	0.68792444	0.5314044	0	
4	0	1.0918319	1.2577697	1.2350959	1.200799	1.1714705	1.1505723	1.1435199	1.102835	1.123432	1.1429089	1.1703035	1.1891546	1.1546744	1.1360139	1.0914186	1.0695944	1.0263895	0.93751925	0.51903474	0.8463475	0.7420328	0.57496053	0	
4	0.7238437	1.2243199	1.3137841	1.3228142	1.2874036	1.2498423	1.2274308	1.2020661	1.1701418	1.1425824	1.1276157	1.1482921	1.13853	1.1078355	1.0696906	1.0766762	1.0512018	1.0078448	1.0691009	0.99178606	1.000696	0.89274293	0.68331885	0	
4	0	0.9337743	0.9255215	0.91690487	0	0	0	0.50981694	0.5436417	0.7514956	0.79439837	0.8147971	0.7994514	0.8211892	0.81338835	0.81352955	0.7825394	0.7705008	0.7897862	0.74576235	0.5961206	0.61139697	0.55519754	0	
4	0.53077847	1.0005248	1.2269185	1.1848989	1.131512	1.0581164	1.0070131	0.9478273	0.8766399	0.81043607	0.73750126	0.67028236	0.60896564	0.54311216	0	0	0	0	0	0	0	0	0	0	
4	0.60906553	1.218656	1.2790471	1.2136128	1.163787	1.1003311	1.034354	0.99127406	0.95539325	0.93855315	0.995257	1.0105449	1.0128304	0.97391367	0.9031763	0.8532595	0.7985748	0.77825946	0.8117609	0.7425591	0.72846013	0.6279718	0	0	
4	0.5625484	1.1304345	1.2084203	1.1731783	1.0944395	0.9809893	0.8704263	0.85122156	0.8848036	0.9008376	0.8933503	0.88338655	0.8884796	0.8727615	0.8404886	0.78711975	0.7608061	0.75184464	0.6991594	0.66344863	0.6059057	0.5089162	0	0	
4	0	0	0	0	0	0	0	0	0	0	0.54122925	0.56142056	0.5634954	0	0	0	0.5991782	0.56289643	0.52607846	0	0	0	0	0	
4	0.62161916	1.2570686	1.3236111	1.2963936	1.2675953	1.2615896	1.2398823	1.2165322	1.187556	1.1499251	1.1920589	1.2233305	1.2195638	1.2329073	1.2165927	1.1671786	1.1547922	1.1040654	1.0539271	0.9381823	0.88301915	0.7655404	0.6134126	0	
4	0	0	0	0	0	0	0	0	0	0	0.5120559	0.5170726	0	0.50685555	0	0	0	0	0	0	0	0	0	0	
4	0.6170652	1.2480348	1.3153872	1.2681992	1.2242098	1.1814444	1.1688396	1.1436818	1.1668001	1.1819566	1.1713477	1.1570617	1.1458695	1.1364261	1.1186141	1.0710948	1.0604483	1.0162691	0.9196279	0.85982984	0.7719198	0.6351477	0.550325	0	
4	0	0	0	0	0	0	0	0.5530805	0.58236575	0.5935821	0	0	0	0	0	0	0	0	0	0	0	0	0	0	
4	0.5915328	1.234148	1.3091111	1.2840544	1.2530068	1.2257907	1.2051603	1.1881992	1.1621702	1.1239073	1.0771931	1.1238028	1.1870854	1.2508445	1.2660315	1.2279199	1.2229588	1.2150439	1.1406386	1.02911	0.98565125	0.89484394	0.7379038	0	
4	0	0	0	0	0	0	0.50936836	0.5210421	0.5239515	0.51436937	0	0.64474833	0.6438691	0.64140326	0.6163504	0.57436305	0.5309485	0.51660925	0	0	0	0	0	0	
4	0.5861703	1.2131622	1.319092	1.2958825	1.2771935	1.2444074	1.2154857	1.1862736	1.1525272	1.1082252	1.046903	0.97824347	0.89337873	0.8051234	0.70607126	0.61968124	0.5359397	0	0	0	0	0	0	0	
4	0.59669536	1.2471862	0.59614825	0.64292973	1.175704	1.1643809	1.1244202	1.080074	1.0375823	1.0609905	1.0789443	1.0637187	1.1185482	1.1682647	1.1868899	1.1989331	1.1478277	1.107956	1.039447	0.9324286	0.85776824	0.72356665	0.56820333	0	
4	0.63078505	1.2382648	1.3149225	1.2568115	1.2300411	1.2002712	1.161482	1.1167485	1.072342	1.0847307	1.0623888	1.0346843	0.9861695	0.927016	0.9184385	0.89987296	0.8533736	0.7945891	0.7682535	0.7669038	0.68895423	0.6766307	0.6489803	0	
4	0.62710094	1.2464812	1.3286282	1.2884614	1.2987458	1.2555163	1.2170299	1.2182373	1.20224	1.176113	1.1429232	1.0983994	1.0358286	1.0077186	1.0059447	0.96585274	0.94209015	0.9155937	0.8612072	0.7984527	0.72086227	0.6507563	0.55619997	0	
4	0	0	0	0	0	0	0	0	0	0	0	0	0	0	0	0	0	0	0.5092804	0	0	0	0	0	
4	0.58333576	1.2525324	1.3004566	1.280898	1.21873	1.165681	1.1130537	1.0480918	0.9957311	0.96266305	0.90536916	0.8284928	0.74861825	0.7787793	0.79550767	0.796786	0.80982393	0.7962657	0.73578906	0.6860807	0.63091016	0.57605827	0.51098114	0	
4	0	0	0	0	0	0	0.5933276	0.6523668	0.6832479	0.69068563	0.9213848	0.90062153	0.9275053	0.932141	0.92806596	0.93142945	0.9276859	0.89361644	0.8512978	0.7749015	0.6997883	0.5991673	0	0	
4	0.73541075	1.2794465	1.3037069	1.3293717	1.2903521	1.2619816	1.2796925	1.2637788	1.2668235	1.2610376	1.2490863	1.232274	1.2160585	1.2128631	1.1868368	1.1783941	1.1685957	1.1226212	1.1217743	1.0775497	1.0011235	0.8823926	0.73525107	0.59481066	
4	0	0	0	0	0	0	0	0	0	0	0	0	0.53293246	0.9695096	0.9826083	0.9576846	0.60001254	0.88252467	0.83765274	0.7478242	0	0	0	0	
4	0.6075542	1.2562628	1.3045689	1.2991805	1.2443407	1.1994791	1.157078	1.1078987	1.0382898	1.0095097	1.0757496	1.1026983	1.1122379	1.0694953	1.0454566	0.9781793	0.92064965	0.91463506	0.83160233	0.78901625	0.7050669	0.67358404	0.56388974	0	
4	0	0	0	0	0	0	0	0	0	0	0	0	0.65314806	0.6254779	0	0	0	0	0	0	0	0	0	0	
4	0.51192266	1.0849861	1.2896383	1.3211858	1.2772514	1.2389853	1.2154404	1.1869006	1.152419	1.1095184	1.0521194	0.9922348	0.9196839	0.8410737	0.76866424	0.7043239	0.6277444	0.5529386	0	0	0	0	0	0	
4	0.60266167	1.2207506	1.2941664	1.1966109	1.2042584	1.1824936	1.1682214	1.1597846	1.1614983	1.1647856	1.1675072	1.1634701	1.1766167	1.1444412	1.110613	1.0429593	1.0653158	1.0221512	0.9736457	0.88047326	0.74144554	0.5912901	0	0	
4	0.58914214	1.2560627	1.3190671	1.3277391	1.2874446	1.2529579	1.283686	1.281319	1.2610457	1.2344539	1.2066755	1.1745905	1.209533	1.272993	1.2990257	1.2774098	1.2197379	1.2327267	1.2132937	1.1332216	1.0350735	0.94912016	0.85983574	0.6479828	
4	0	0	0.5694842	0.53403986	0.60221237	0.5916393	0.6470519	0.6834152	0.69958985	0.7433745	0.74952346	0.7891651	0.7985205	0.8031261	0.5313445	0.75578856	0.5196187	0.52312887	0	0	0	0	0	0	
4	0.7006287	1.2519088	1.3241723	1.2945826	1.2704092	1.2901492	1.2821519	1.2547076	1.2224474	1.2456356	1.2489438	1.2446121	1.2418718	1.2178316	1.1961012	1.139798	1.1132238	1.0602093	0.9603062	0.8181692	0.69993454	0.57449645	0	0	
4	0	0.5532462	0.5684437	1.0508676	0.6086349	0.6188075	0.91776645	1.0173454	1.2378633	1.0865582	1.1752765	1.229246	1.2341758	1.236932	1.2342994	1.2087322	1.1999571	1.1713785	1.1500201	1.1288857	1.0005972	0.93024904	0.7948539	0.6014971	
4	0.6820346	1.237721	1.3113647	1.2943231	1.2501422	1.227436	1.222557	1.2070297	1.1803449	1.144945	1.1474721	1.2148647	1.2603029	1.2802659	1.2548627	1.2429934	1.186301	1.1596494	1.0986658	1.0426993	0.9187331	0.7713148	0.6655397	0	
4	0	0	0.5860195	0.6584702	0.78556806	0.8904531	0.9244298	0.9230707	1.0220008	1.1086341	1.1655338	1.2077862	1.2054334	1.1818553	1.1402473	1.0829107	1.0020835	0.9796118	0.9098174	0.86131126	0.7649846	0	0	0	
4	0.72252697	1.2284029	1.2903712	1.3183138	1.2729759	1.2327663	1.2054003	1.172853	1.1305846	1.0793568	1.0179765	1.0898604	1.155264	1.2026383	1.2035108	1.1992611	1.1307503	1.0307232	0.98859	0.9136717	0.8266522	0.7023383	0.55974984	0	
4	0	0	0	0.8001777	0.79473233	0	0	0	0.9098764	0.93887967	0.93761164	0.92435753	0.9151295	0.9031501	0.87248623	0.80019814	0	0	0	0	0	0	0	0	
4	0.6008322	1.2663786	1.3168789	1.3188231	1.2721646	1.2451733	1.2649033	1.2594913	1.226065	1.182665	1.1334038	1.0746285	1.024176	1.0094228	1.0310837	1.0102835	1.0125408	0.9591807	0.83480376	0.7088397	0.6693668	0.56666404	0	0	
4	0	1.0403339	1.0747768	1.1090621	1.118356	1.210224	1.2234962	1.2183381	1.2164909	1.2064412	1.1846659	1.1481965	1.1025544	1.1440505	1.1703974	1.1810384	1.1746516	1.1618142	1.0723546	0.9779019	0.8985783	0.7787722	0.6230392	0	
4	0.68540615	1.2521687	1.3145994	1.3307517	1.2925681	1.2542409	1.2325797	1.2101666	1.1795911	1.1411977	1.0902665	1.1119645	1.1008177	1.1019467	1.1236026	1.12749	1.1164678	1.0634369	1.0543675	1.008873	0.91708165	0.8444285	0.7207231	0.5213577	
4	0	0	0	0	0	0	0.5083234	0.56414753	0.6071326	0.63111603	0.64608073	0.663031	0.6726198	0.67073053	0.6531422	0.62120247	0.7565238	0.5321836	0.7388037	0	0.59548455	0.5114761	0	0	
4	0.5973826	1.237102	1.3162081	1.3105524	1.2668941	1.2511984	1.2376206	1.2102532	1.1923407	1.162937	1.118275	1.1696972	1.220695	1.2507104	1.2768165	1.254937	1.2420404	1.1832327	1.0926192	1.0651202	0.9914834	0.8584627	0.6516791	0.5318675	
4	0	0	0.6316725	0.71763116	0.71198076	0.69748443	0.6634918	0.6392139	0	0	0.5473646	0.5479593	0.5395774	0.51484144	0.5190579	0	0	0	0	0	0	0	0	0	
4	0.57431316	1.2100445	1.2815888	1.2635466	1.1960392	1.1259624	1.0532678	0.9730258	0.89250714	0.95141304	1.0577317	1.119624	1.1451265	1.1799389	1.1700234	1.1097492	1.032209	0.99938405	0.90344936	0.822385	0.7101491	0.5799806	0	0	
4	0	0	0	0	0.56038505	0.68711364	0.8018912	0.8766093	0.91521174	0.9960736	1.0399806	1.037519	1.0006483	0.9333607	0.8522322	0.7730237	0.6908388	0.61079687	0.54113513	0	0	0	0	0	
4	0.5834445	1.2587526	1.3003428	1.319441	1.2737335	1.2362555	1.2405524	1.211975	1.155815	1.0967968	1.0382578	1.0089548	1.0632374	1.1078556	1.1546838	1.2126778	1.2164232	1.257295	1.223044	1.0994904	1.00473	0.95191616	0.84204835	0.5959144	
4	0	0.9618736	1.0947104	1.00568	0.9590647	0.92958206	0.9182663	0.8763132	0.9149012	0.9440661	0.9627658	0.97174424	0.9718023	0.9824455	1.0124211	1.0305976	1.0223049	0.9666549	0.9269346	0.833098	0.690871	0.58350134	0.5075658	0	
4	0.6940847	1.203183	1.3022499	1.2954987	1.2463545	1.2018034	1.1599356	1.0987196	1.1140214	1.1189102	1.1076038	1.0825597	1.0522108	1.0662831	1.0527393	1.060011	1.0391396	0.9755429	0.9268594	0.8920373	0.8119893	0.6798391	0.5839621	0	
4	0.6619576	1.2224947	1.3091522	1.2662277	1.208865	1.20177	1.1794083	1.14182	1.0943892	1.0634663	1.1653807	1.2295715	1.2488914	1.2567223	1.2173679	1.2045323	1.168196	1.0915972	1.048476	0.9773851	0.86113095	0.70112	0.5853949	0	
4	0	0	1.0727167	1.1320583	1.1000102	1.1203359	1.0980606	1.0735483	1.0451217	1.0098171	0.7415038	0	0.708683	0.7547202	0.79116696	1.2046019	0.79684263	1.16878	1.1259454	1.0233663	0.8732561	0.8147153	0.69834346	0	
4	0.66230714	1.2486988	1.308017	1.3289683	1.289358	1.2637602	1.2531407	1.2385198	1.2190558	1.1938499	1.1605481	1.1136098	1.0688447	1.0790161	1.1159585	1.1252507	1.095527	1.0760864	1.0317143	0.9324315	0.8812889	0.7683063	0.59802383	0	
4	0.70107734	1.2257617	1.3159088	1.2557904	1.2290168	1.2295593	1.2020494	1.219805	1.2202263	1.2026905	1.1656601	1.1217551	1.1321	1.1862106	1.2152411	1.2107846	1.1626115	1.1595726	1.1238674	1.02938	0.935493	0.88448	0.76555336	0.52161056	
4	0.6659112	1.2422333	1.2963686	1.3166125	1.2688621	1.2222242	1.219374	1.2280195	1.2161868	1.1968277	1.1732454	1.1436923	1.1476845	1.1875812	1.189109	1.1298404	1.1305326	1.0927885	1.0639125	1.0373592	0.96436733	0.8069319	0.7689857	0.59064966	
4	0.72308075	1.2341328	1.287101	1.2839512	1.2245249	1.1676908	1.1135259	1.0493677	0.9702504	1.0323365	1.1097064	1.1464742	1.1178437	1.0731131	1.1273725	1.1511627	1.1125071	1.0936422	1.0186541	0.93557453	0.8503492	0.7565669	0.5899823	0	
4	0	0	0	0	0	0	0	0	0	0.80993193	0.8614451	0.88483435	0.87718534	0.8462197	0.7848463	0	0	0	0	0	0	0	0	0	
4	0.6914726	1.2316304	1.3085625	1.2731012	1.2184927	1.2350262	1.2030789	1.148077	1.0829885	1.0200422	0.9960734	1.0574901	1.0635079	1.0369468	0.9621967	0.90241027	0.91412866	0.9482697	0.9420565	0.92257947	0.85348654	0.82021326	0.6882141	0	
4	0	0	0	0	0	0	0	0.8869488	0.97949207	1.0840846	1.1424091	1.1529912	1.1325827	1.0761478	1.0136482	0.9280386	0.5789189	0	0	0	0	0	0	0	
4	0.727339	1.2508464	1.3298607	1.3295085	1.2900051	1.2634089	1.2540153	1.2436787	1.2339913	1.2227317	1.2087647	1.1884445	1.1748103	1.1505874	1.1267658	1.0761473	1.0570906	1.0071441	0.90872884	0.8346903	0.7573989	0.7016667	0.64029336	0	
4	0	0	0	0	0	0	0	0	0	0.5245248	0.5283326	0.5175675	0	0	0	0	0	0	0	0	0	0	0	0	
4	0.61802804	1.248435	1.3030924	1.3083163	1.2606974	1.2739013	1.2722179	1.2443398	1.2058604	1.1715266	1.1347094	1.0938972	1.1866354	1.2246727	1.2432911	1.2365209	1.2108574	1.1308895	1.1048213	1.0309513	0.90920186	0.8022964	0.72019726	0.5318647	
4	0	0	0	0.63052326	0.6522166	0.6455476	0.73048764	0.7831481	0.7896538	0.78385603	0	0.7546909	0	0	0	0.50137144	0.7134081	0.7048197	0.64416903	0.5757626	0	0	0	0	
4	0.68137485	1.2228051	1.2685416	1.2387663	1.1581692	1.0717015	1.0133345	0.9832955	0.9306514	0.86854047	0.8890356	0.93009895	0.93943304	0.9248362	0.87915015	0.862188	0.8939835	0.8597741	0.78981024	0.71031106	0.6171618	0.52141374	0	0	
4	0.57783544	1.2477056	1.3016506	1.3102169	1.2600073	1.2190281	1.2053041	1.2013608	1.1843159	1.1558557	1.1101172	1.0522974	0.97618014	0.95416886	0.9511004	0.9581525	0.9780105	0.94956994	0.9240165	0.85025847	0.8164978	0.70341706	0.52648824	0	
4	0	0.70556813	0.7296826	0.51675105	0.5555422	0.56320745	0.57570404	1.0318522	1.0915494	1.1332635	1.1725769	1.1916718	1.2009022	1.1893609	1.1545128	1.1108787	1.0655278	0.98956126	0.90363955	0.8363566	0.73225075	0.5905968	0	0	
4	0.6545596	1.2499408	1.3104091	1.3284676	1.288761	1.2654582	1.2532352	1.2410728	1.2216116	1.1983432	1.1649405	1.1428663	1.1647868	1.1597872	1.1500467	1.1098938	1.0342511	0.99072284	0.90719825	0.8476978	0.81323916	0.7279072	0.5970646	0	
4	0	0	0	0	0	0	0	0	0	0	0	0.5204573	0.5190174	0.5043345	0	0	0	0	0	0	0	0	0	0	
4	0.7105517	1.2200056	1.2910755	1.3016297	1.2536688	1.2087431	1.2039438	1.2293216	1.2312982	1.220774	1.1973189	1.1616589	1.15787	1.1309363	1.116616	1.0681251	1.0021693	0.9248651	0.79476863	0.78555787	0.70909566	0.5838583	0	0	
4	0	0	0	0	0	0.5332199	0.6036609	0.6593921	0.7169416	0.7786782	0.836395	0.83598065	0.85860246	0.863148	0.8835595	0.871366	0.831535	0.807788	0.7395462	0.6349238	0.5657983	0	0	0	
4	0.68584526	1.1939186	1.263048	1.2562157	1.1807984	1.1114457	1.049817	1.0211856	0.9700318	0.9808178	0.9899817	0.99324477	0.97548467	0.9350635	0.87515527	0.8108214	0.8215683	0.8281185	0.7804921	0.7789505	0.75808233	0.6804341	0.53353864	0	
4	0	0.71423596	0	0.52111214	0.83524776	0.82460195	0	0	0.77961016	0.82960427	0.8602637	0.8811493	0.89739376	0.8771698	0.8246729	0.58320373	0.5564183	0.5177492	0.570388	0	0	0	0	0	
4	0.7455332	1.2529521	1.3169187	1.3138872	1.2803129	1.22764	1.2055858	1.2091669	1.1865262	1.1452777	1.0912591	1.1173415	1.129792	1.1216434	1.108862	1.0815214	1.0604017	1.0015743	0.9802443	0.93147177	0.886308	0.7493336	0.5612866	0	
4	0	0	0.85354036	0.99324113	0	0	0	0	0	0	1.0689672	1.1111656	1.1334081	1.1374245	1.0763459	1.0249916	1.0215453	0	0	0	0	0	0	0	
4	0.70495117	1.2317027	1.2469218	1.2351698	1.1468486	1.0631346	1.0547293	1.0194527	0.9528126	0.94210714	1.0160638	1.0424489	1.0694704	1.0782865	1.0627077	1.062835	1.0522135	0.99745417	0.98031455	0.8975811	0.7705437	0.71999013	0.62339014	0	
4	0	0	0	0	0	0	0	0	0.7353695	0.77855355	0.8173766	0.84389657	0.86480224	0.84381217	0.56215394	0.7815802	0.7532373	0.7485011	0.71366304	0.63956535	0.60586995	0.55383915	0	0	
4	0	0.6021247	0.6431506	0.6408056	0.6358304	0.6260799	0.6120844	0.59413564	0.57281554	0.5489548	0.51879805	0	0	0	0	0	0	0	0	0	0	0	0	0	
4	0.728159	1.2276658	1.2790211	1.2969371	1.2411741	1.1841016	1.1515689	1.1512759	1.1273332	1.0793018	1.0037066	1.0590698	1.0678923	1.0667931	1.0187577	0.98444766	0.9457411	0.9396706	0.9119446	0.83879644	0.727005	0.7321587	0.65190446	0	
4	0.7144157	1.2536983	1.2476673	1.2220838	1.1463587	1.0734651	1.0327559	1.0725067	1.0647081	1.0653745	1.0495691	1.0368367	0.9967507	0.9345506	0.88804156	0.9059754	0.901428	0.89527595	0.9002509	0.8035702	0.7383854	0.6261806	0.53458387	0	
4	0	0	0	0	0	0	0	0	0	0	0	0	0.5162448	0.52091926	0.50794405	0	0	0	0	0	0	0	0	0	
4	0.7091567	1.2092994	1.282895	1.3013853	1.2490048	1.1974888	1.1532383	1.1031791	1.0491267	0.98347664	0.92063797	0.9222914	0.986	1.0540156	1.0678192	1.0807152	1.0511875	1.0636764	1.0152436	0.9190008	0.84853715	0.7227033	0.56158483	0	
4	0	0	0	0	0	0	0	0	0	0.5215286	0	0.55179	0.57000375	0.5672996	0.5550484	0.5220988	0	0	0	0	0	0	0	0	
4	0.7116287	1.2174355	1.3203003	1.3223428	1.2896774	1.2501913	1.223336	1.198942	1.1916486	1.19082	1.1641068	1.1374146	1.159531	1.166996	1.1256278	1.0957866	1.0341027	0.9764938	0.96158546	0.91694695	0.8073414	0.6973773	0.60416436	0	
4	0	0	0	0	0	0	0	0.5301997	0.5804314	0.60216796	0.6226707	0.6366117	0.640528	0.612609	0	0	0	0	0	0	0	0	0	0	
4	0.75892836	1.2570077	1.2952408	1.2867938	1.2304722	1.1811562	1.1898347	1.1943793	1.1776762	1.1451457	1.0988506	1.1429131	1.162673	1.1431142	1.1163869	1.084019	1.05015	1.0243999	0.9575947	0.90251565	0.8035897	0.73960936	0.66115797	0	
4	0	0	0	0	0	0	0.51795125	0	0	0	0	0	0	0	0	0	0	0	0	0	0	0	0	0	
4	0.7316525	1.2733027	1.3150017	1.3310728	1.2908355	1.2619437	1.2549605	1.2681606	1.2331418	1.1931355	1.1937875	1.1559416	1.1502659	1.1991394	1.1994189	1.2325156	1.2195296	1.1569432	1.0825001	1.0358492	0.9409313	0.9137262	0.78121305	0.6627903	
4	0	0	0	0	0	0	0.56628335	0.5967904	0	0	0.5956851	0.63251907	0.6394098	0.62673634	0	0	0	0	0	0	0	0	0	0	
4	0.6361544	1.2526281	1.3051142	1.3143262	1.266946	1.2309766	1.2052002	1.170055	1.1266137	1.0724182	1.0041823	1.0019084	1.0407289	1.0807332	1.0730131	1.0356761	1.0182434	0.99660444	0.9321895	0.94100964	0.8241989	0.7329345	0.60075235	0	
4	0	0	0	0	0	0	0	0.8101066	0.8610554	0.8779681	0.85814697	0.809847	0.7324277	0.7025091	0	0.7076161	0.7012013	0	0.627903	0.5803695	0	0	0	0	
4	0.5737641	1.057349	1.3113204	1.3092362	1.261138	1.2259814	1.1958606	1.1564583	1.1009411	1.0380732	0.9934634	0.94794965	0.8951737	0.83146995	0.75978667	0.68393683	0.60297406	0.5292867	0	0	0	0	0	0	
4	0.63208026	1.2646427	0.83851355	0.8812029	0.8156487	1.1417621	1.0942525	1.0954605	1.178449	1.1949894	1.1515394	1.0948511	1.1527452	1.1857406	1.1852351	1.2037214	1.2266544	1.2184958	1.1603738	1.0379683	1.0185539	0.94814706	0.8035035	0.53345764	
4	0.63624626	1.2779154	1.3067889	1.3191117	1.2748936	1.2424288	1.221946	1.1964597	1.1821567	1.1653613	1.1473136	1.1779191	1.1721971	1.1329219	1.0925268	1.0260574	0.9488518	0.91230655	0.841331	0.8188513	0.7400814	0.6397044	0.54515666	0	
4	0	0	0	0	0.5025518	0.52072614	0.5332455	0.54643536	0.5564826	0.5715737	0.6069091	0.6184057	0.6169299	0	0	0	0	0	0	0	0	0	0	0	
4	0.60458827	1.2620054	1.3059644	1.2785162	1.2257049	1.1646475	1.1093209	1.0434759	0.960329	0.9399729	1.0489025	1.1133956	1.1344775	1.1204231	1.10696	1.083565	1.0215428	0.9293581	0.9249893	0.9304889	0.92037016	0.8182373	0.6364803	0	
4	0	0	0	0	0	0	0	0	0	0	0	0.52912843	0.567628	0.5836568	0.596344	0.5813333	0.56263375	0.53636175	0	0	0	0	0	0	
4	0.6559399	1.2739973	1.3150188	1.28939	1.2386907	1.2017227	1.1633438	1.1154922	1.0593593	1.0420613	1.0120516	0.9666987	0.9783958	0.9937516	0.9971922	0.9788645	0.93714535	0.92380875	0.8710828	0.7716325	0.7073316	0.6292208	0	0	
4	0	0.89410007	0.81500053	0.8249177	0.801505	0.72209483	0.65011734	0.63817436	0.7075329	0.7502893	0.9807716	1.0041453	1.0508527	1.0638258	1.0443022	1.0337086	0.99638075	0.9345802	0.8330958	0.75974387	0.6673619	0.54643816	0	0	
4	0.6059833	1.188086	1.3003376	1.2633837	1.2343957	1.1933004	1.1469904	1.0933195	1.0270712	0.9578695	0.8753342	0.7920498	0.7346828	0.7086457	0.677035	0.6469325	0.62258476	0.5842913	0.527376	0	0	0	0	0	
4	0.6954667	1.2726539	0.95975417	0.8751696	0.879642	0.84015214	0.8405337	0.905487	0.9464557	0.98573416	0.9817205	0.97799695	0.9388009	0.9217514	0.9250483	0.9167044	0.90637493	0.93139607	0.9075129	0.9056134	0.79864514	0.6922426	0.57692707	0	
4	0.58207977	1.2590244	1.3118397	1.3275423	1.2861642	1.2709749	1.3008933	1.2899479	1.2633561	1.2369114	1.2104049	1.2291673	1.2432386	1.2291036	1.1958363	1.1387237	1.1167747	1.1021491	1.0473597	0.9899115	0.9828337	0.92759323	0.7963127	0.53176284	
4	0	0	0.55077845	0	1.0598962	1.1010458	1.1324747	1.1406238	1.1418264	1.1512643	1.1665086	1.1831766	1.19335	1.2126906	1.2044442	1.2064402	1.1548448	1.1159251	1.0538399	1.0072942	0.9993159	0.9755356	0.8063082	0.543651	
4	0.6619134	1.2727793	1.3207517	1.3317558	1.2939922	1.2814473	1.2767965	1.2728095	1.2667204	1.2590458	1.2476561	1.2288153	1.2156966	1.1906906	1.1632468	1.1070317	1.0789392	1.0207906	0.924147	0.79915357	0.68481207	0.6537671	0.5718495	0	
4	0.5103616	0.7366235	1.1896225	1.1016715	1.1601592	1.184023	1.1551908	1.12056	1.085471	1.0525941	1.0187628	0.9860099	0.95002156	0.9331562	0.93436664	0.92443734	0.91151243	0.9266963	0.92819923	0.9450594	0.873626	0.8096834	0.7249376	0.54418194	
4	0.6405332	1.2527126	1.2684004	1.1852108	1.0967053	1.0120219	0.9560465	0.9611267	0.96847546	0.94913906	0.89455533	0.9910296	1.0581096	1.1244149	1.132926	1.1490616	1.0881664	1.0180773	0.914017	0.7835571	0.6473381	0.54022354	0	0	
4	0	0	0	0	0	0	0	0.7667793	0.8212459	0.8446113	0.85149395	0.83250064	0.8015727	0.602039	0.5653509	0.53085476	0	0	0	0	0	0	0	0	
4	0.7501036	1.2684019	1.3179748	1.3310272	1.2910204	1.2647327	1.2463486	1.2306443	1.2060149	1.1766679	1.1399388	1.0916884	1.0354655	1.1045395	1.1702797	1.1595922	1.0740948	1.0061247	1.0140826	1.0725809	1.0088263	0.8422704	0.677169	0.50928277	
4	0.5017275	1.0714817	1.100262	1.0080372	0.92962986	0.80649626	0.703503	0.68160635	0.7099759	0.71936893	0.706175	0.7074125	0.7395925	0.7432632	0.70144075	0.6593072	0.5934118	0.5198013	0	0	0	0	0	0	
4	0	1.0779924	0	0	0.7200977	0.7311374	0.73282784	0.7217787	0.69247127	0.6706122	0.671091	0.6835532	0.67562026	0.65184575	0.68097115	0.69676447	0.70694566	0.66349274	0.61652035	0.53321016	0	0	0	0	
4	0.68395954	1.2354228	1.2823977	1.2233925	1.1374887	1.0551089	1.0066171	0.9743621	0.9866342	0.98873734	0.97657955	0.9501905	0.9268056	0.9082616	0.8794559	0.83931947	0.7986461	0.7741231	0.770918	0.70385206	0.6795347	0.5941099	0	0	
4	0	0	0	0.9759319	0.8650498	0.88685375	0.8349523	0.89636296	0.98668295	1.0701182	1.1287799	1.1539104	1.1474992	1.1016871	1.0611409	1.0579289	1.0481781	1.0314605	0.9457221	0.8325621	0.7852861	0.6962405	0.5481887	0	
4	0.5251149	1.1712494	1.2390082	1.1280383	1.0243186	0.9033012	0.77663785	0.67759484	0.6305845	0.6220261	0.7045921	0.75538284	0.7777807	0.7863416	0.75034213	0.69418067	0.6260738	0.5530363	0.50671506	0	0	0	0	0	
4	0.7066559	1.2241321	1.271529	1.1908889	1.1301652	1.0624834	1.0755036	1.0671318	1.0440415	1.0031202	0.9534337	0.90298253	0.9812289	1.0614439	1.0742172	1.0420156	1.0096749	0.92648983	0.81267947	0.7148721	0.6366415	0.5944415	0	0	
4	0	0	0	0.5844867	0	0	0	0.6076316	0.60221076	0.6324827	0.7125187	0.766405	0.7985043	0.7979472	0.76725507	0.72153926	0.643116	0.56378365	0	0.50655264	0	0	0	0	
4	0	0.9680585	0.9002295	0.85736936	0.78588325	0.71203184	0.6591571	0.6118156	0.59806204	0.5659439	0.53028953	0	0	0	0	0	0	0	0	0	0	0	0	0	
4	0.57319355	1.1952713	1.2703521	1.2262132	1.1753672	1.1086259	1.0343497	0.95179874	0.8581892	0.7679533	0.8069324	0.806549	0.80992085	0.8400076	0.82218194	0.7703248	0.73861206	0.79358447	0.7873759	0.7384831	0.7054144	0.61181957	0	0	
4	0.60379744	1.2565787	1.3137187	1.3267343	1.2949469	1.2726706	1.2692665	1.2446483	1.2299781	1.2105302	1.1818507	1.1445928	1.1071525	1.0549011	1.0939535	1.1166104	1.095848	1.0666994	0.9821112	0.9920354	0.92413014	0.8117252	0.7387687	0	
4	0	0.56242853	0.62348366	0	0	0	0	0	0	0	0	0	0	0	0	0	0	0	0	0	0	0	0	0	
4	0.6852157	1.2297055	1.3209777	1.3126171	1.2626268	1.2204076	1.2059627	1.1930335	1.169219	1.1353186	1.1555128	1.1863321	1.2149181	1.2163169	1.2071029	1.2116029	1.181001	1.1065786	1.0693712	1.0003083	0.8808869	0.7319161	0.6383183	0	
4	0	0	1.1172403	1.0708771	0.9784393	0	0.51473147	0.88167465	0.8772856	0.91714483	0.9321763	0.9148225	0.9438221	0.97852296	0.969831	0.95207846	0.8925695	0.88154304	0.82725096	0.7302052	0.6488562	0	0	0	
4	0.70807505	1.261217	1.3100886	1.3204322	1.2745286	1.2580763	1.2780455	1.2504096	1.2001808	1.1534778	1.155643	1.1535035	1.1525229	1.1199479	1.0990008	1.1604948	1.2071582	1.2165916	1.1612582	1.127141	1.105569	1.0289484	0.8736648	0.60545224	
4	0.66487205	1.2244937	1.3052467	1.3141522	1.2656083	1.2202619	1.2174416	1.1768701	1.1107452	1.0412227	1.0382878	1.0724319	1.078298	1.050495	1.0139537	0.96997046	0.9403941	0.9766436	0.94117194	0.9703473	0.893656	0.7334534	0.61989444	0	
4	0	0.88915586	0.9760705	0.9988144	0.9491276	0.90170825	0.8979612	0.93223095	0	0.8932625	1.0881945	1.1507394	1.187773	1.2168595	1.214212	1.1720902	1.0919571	1.0428625	1.0083157	1.0214424	0.9498876	0.78054225	0.690878	0	
4	0.6854272	1.2412462	1.3201574	1.2748466	1.2476987	1.2765245	1.2810825	1.2639453	1.2388316	1.2214906	1.2041453	1.202922	1.1821688	1.2325774	1.2242666	1.2451824	1.2106532	1.1965933	1.2043118	1.1377612	1.068934	0.9327661	0.75864714	0.56542796	
4	0	0	0	0	0.55790347	0.6798601	1.0082394	1.0360049	1.0678811	1.0740347	1.0738821	1.168508	1.2110231	1.2155055	1.1985284	1.1477093	1.137126	1.1042067	1.0274526	0.96777475	0.8991265	0.76299864	0	0	
4	0.65840834	1.2583189	1.3057764	1.3070338	1.2554203	1.225062	1.2227354	1.1854023	1.1337868	1.1751368	1.2163254	1.2415391	1.2372586	1.2265006	1.1872774	1.1504803	1.1616659	1.1695343	1.2215111	1.1373147	0.9705236	0.8976536	0.7962931	0.5964477	
4	0	0	0	0	0	0	0.93496186	1.0328441	1.0958581	1.1347237	1.1679733	1.1903389	1.194505	1.1880401	1.1294104	1.0814883	0.99687374	0.9643071	0.9216039	0.82520574	0.7419975	0.61224735	0	0	
4	0	0	0	0	0	0	0	0	0	0.507383	0.5852619	0.6573404	0.7147083	0.81148607	0.91406727	0.99019533	1.0552536	1.1301976	1.226595	1.2737858	1.3265401	1.2059127	0.92260796	0.74563116	
4	0	0.7175378	0.7349376	0.64981943	0.58393985	0.52251107	0	0	0	0	0	0	0	0	0	0	0	0	0	0	0	0	0	0	
4	0.596144	1.2208186	1.2978532	1.3147302	1.2668117	1.2272713	1.1964533	1.1600295	1.1356682	1.1628237	1.1736304	1.1709267	1.1505228	1.1160237	1.1193075	1.1451272	1.1771021	1.1653777	1.064594	1.0125176	0.8990542	0.74083173	0.6049239	0	
4	0	0	0	0	0	0	0	0	0	0	0	0	0.70498693	0.69333917	0.5669993	0.5659386	0.5355546	0.52583325	0	0	0	0	0	0	
4	0.6885914	1.2543054	1.316872	1.3231975	1.2805889	1.2418226	1.2579536	1.2302899	1.179839	1.1302739	1.1428883	1.179761	1.1579099	1.1158589	1.1285974	1.1367718	1.1337047	1.0997057	1.0168511	1.0030888	0.98143923	0.8561418	0.78432363	0.6675037	
4	0	0	0	0	0	0	0	0	0	0.53397465	0.5458018	0.54035515	0.5105999	0.5797667	0	0	0	0	0	0	0	0	0	0	
4	0	0.64555615	0.6441573	0.6427983	0.640218	0.6355082	0.6287416	0.62022215	0.6071441	0.59169424	0.57227725	0.5470498	0.5137988	0	0	0	0	0	0	0	0	0	0	0	
4	0.69235575	1.2556453	1.3027763	1.3185784	1.2712985	1.2289766	1.2295129	1.1995118	1.1340878	1.0871146	1.0355425	0.9729154	0.9436056	0.95616853	0.93653935	0.90150434	0.8833241	0.86150324	0.93682975	0.89102834	0.89535314	0.8445285	0.6889308	0.5070372	
4	0.707241	1.2740827	1.302767	1.3300291	1.2893996	1.2619083	1.2476176	1.2543389	1.2367615	1.1873152	1.1488845	1.167034	1.2220148	1.2528354	1.2364943	1.2333237	1.1918882	1.116988	1.168501	1.1667335	1.0333109	0.9497193	0.8460434	0.64219826	
4	0	0	0	0.5644687	0.57835525	0.63262033	0.6463973	0.651994	0.69919723	0.74945444	0.80655485	0.85340464	0.88567084	0.8905717	0.8798386	0.84012735	0.7845747	0.7170934	0.7023178	0.6704235	0.57964814	0.5169863	0	0	
4	0.5893581	1.2659044	1.3223656	1.31377	1.2865493	1.2554157	1.2348399	1.214775	1.1881285	1.156788	1.113889	1.0793136	1.0636444	1.0936266	1.1278962	1.1792848	1.1589462	1.1920671	1.1699204	1.1966853	1.1384069	0.9569529	0.8784339	0.7170313	
4	0	0	0.50502026	0.529048	0	0	0	0	0	0	0	0	0	0	0	0	0	0	0	0	0	0	0	0	
4	0.5801701	1.2034993	1.2665926	1.2041782	1.1517822	1.1288146	1.1035911	1.0676471	1.0082093	0.9322959	0.8384363	0.8050517	0.825432	0.8548185	0.8851363	0.86615527	0.8467123	0.8620297	0.8567289	0.8047066	0.75813353	0.64055103	0	0	
4	0	0	0	0	0	0	0	0.57316273	0.6354379	0.68579733	0.73056173	0.7591069	0.7704265	0.7651775	0	0	0	0	0	0	0	0	0	0	
4	0.6135932	1.2613769	1.3115103	1.2640972	1.2458578	1.1904602	1.1403484	1.080225	1.0203742	1.0537415	1.0934073	1.1143897	1.1093241	1.1273955	1.1213768	1.0875274	1.096534	1.0969687	1.0045936	0.9505729	0.9472574	0.83964366	0.6952035	0.57050455	
4	0.6021763	1.2497741	1.317913	1.2934568	1.284787	1.2544341	1.2266647	1.2012681	1.1701367	1.1895484	1.253067	1.2867559	1.2930917	1.2671725	1.2348816	1.1791259	1.15984	1.1072253	0.9983825	0.942756	0.84303355	0.76954776	0.6559733	0	
4	0	0	0.60418653	0.6406091	0.6206653	0.5825254	0	0	0	0	0	0	0.5037114	0.5067509	0	0	0	0	0	0	0	0	0	0	
4	0.6192981	1.2267627	1.2977413	1.2276515	1.1817666	1.1283792	1.0766921	1.0910132	1.0889999	1.0838783	1.0741113	1.0584077	1.0253328	0.9838495	0.9059305	0.8674948	0.8329912	0.8253032	0.7833628	0.70301306	0.5950673	0.50692904	0	0	
4	0	0	0	0.5182061	0.5413671	0.5497803	0	0	0	0.5727514	0	0	0	0	0	0	0	0	0	0	0	0	0	0	
4	0.6358865	1.2216312	1.3122336	1.2472587	1.206532	1.1445631	1.1507461	1.1390582	1.1086019	1.0763358	1.1297805	1.1585875	1.187373	1.2149317	1.226481	1.2172395	1.1533071	1.1279974	1.0682608	0.9661113	0.84614414	0.7459016	0.6610415	0	
4	0.6344378	1.2609459	1.3152201	1.3281006	1.2901567	1.2904146	1.3026845	1.2847326	1.2626717	1.2444137	1.2271053	1.2178593	1.2101556	1.2225422	1.249129	1.2517205	1.1904058	1.1055282	1.1504048	1.0703453	0.93369144	0.86895436	0.75798357	0.5269443	
4	0	0.97376716	0	0.8173064	1.0365644	0.83321536	0.8122313	0	0.5824118	1.2268776	1.2296095	1.2223936	1.2442223	1.2478122	1.2332343	1.1891875	1.1127502	1.0678644	0.984876	0.86652935	0.77349806	0.6561607	0.50301284	0	
4	0.7025049	1.2413123	1.3242831	1.2745634	1.2562183	1.2395356	1.218393	1.2150841	1.2537664	1.2692778	1.2794596	1.2762988	1.2551289	1.2353736	1.2185495	1.2266117	1.228826	1.1644164	1.1234149	1.0595977	0.9499315	0.79837775	0.7043198	0.5368278	
4	0	0	0	0	0	0.54052776	0.575114	0	0	0	0	0	0	0	0.7637158	0.7273629	0.67715436	0	0	0	0	0	0	0	
4	0	0.5157754	0.63428706	0.6462357	0.6438158	0.6404404	0.6356261	0.6302623	0.6217502	0.6129401	0.59980917	0.58640957	0.5680331	0.5413433	0.5062842	0	0	0	0	0	0	0	0	0	
4	0.6440659	1.2781819	1.3089447	1.3388724	1.3036652	1.2818718	1.2989979	1.2939352	1.2670792	1.2597489	1.2474084	1.2368054	1.2231317	1.1893644	1.1701102	1.1248062	1.1160527	1.1426946	1.218452	1.2028015	1.1413479	1.0168625	0.84063876	0.74868834	
4	0	0.536774	0.5713775	0	0	0.5345235	0.5825529	0.6213873	0.6480809	0.6981605	0.7300544	0.7346222	0.71990633	0.6809215	0.63363296	0.57024187	0	0	0	0	0	0	0	0	
4	0.7482896	1.2662199	1.3080986	1.3207092	1.2835094	1.2432805	1.2148685	1.1981279	1.179625	1.1520452	1.1210841	1.1318107	1.1790154	1.202675	1.2115254	1.1686596	1.1377058	1.087859	1.0051093	0.89399767	0.81495214	0.7695037	0.68474203	0	
4	0	0	0	0	0.94771767	0.98705804	0.9458191	0.9069411	0.6791403	0.9132164	0.9819205	1.0389104	1.05346	1.0438635	1.0380559	0.9956896	0.9445271	0.9027431	0.81528175	0.758095	0.6488821	0.57011914	0	0	
4	0.52111936	1.0800717	1.2988911	1.32769	1.289283	1.2678165	1.2557884	1.2457126	1.2343645	1.2158242	1.1895013	1.1513507	1.1101079	1.0516418	0.9882206	0.9002714	0.8072249	0.70547956	0.5825732	0	0	0	0	0	
4	0.6215625	1.2683423	1.3114872	1.3368824	1.3051621	1.2771885	1.3044165	1.2866348	1.2491938	1.2414732	1.2721245	1.2687801	1.2349689	1.2741418	1.291809	1.2724187	1.2531692	1.2409675	1.1867853	1.1202904	1.0801104	1.0167338	0.87531996	0.5795553	
4	0	0	0.5513765	0.56131697	0.5418765	0.5008302	0	0	0	0	0	0	0	0	0	0	0	0	0	0	0	0	0	0	
4	0.57930076	1.2444693	1.3094018	1.3032695	1.2514936	1.2136439	1.1801767	1.1471503	1.0987324	1.0519024	1.0595639	1.0667387	1.0641804	1.0585428	1.0632042	1.0789962	1.0351645	1.0025227	0.9303146	0.8087122	0.71858746	0.5966487	0	0	
4	0	0	0	0	0	0	0	0	0	0.509924	0.51062196	0.50994295	0	0	0	0	0	0	0	0	0	0	0	0	
4	0.5740693	1.2351747	1.307206	1.2989553	1.2458082	1.2039013	1.1662097	1.1187825	1.0598847	0.99172014	0.9129743	0.8581531	0.8913655	0.9102038	0.9228453	0.9026725	0.94521224	0.948969	0.92720985	0.88505805	0.751475	0.6496916	0.50973904	0	
4	0	0	0	0	0	0	0	0	0	0.8291107	0.8975971	0.93508166	0.92869985	0	0	0	0	0	0.67590374	0	0.52609426	0	0	0	
4	0.5030866	1.0904301	1.2877138	1.310239	1.2586641	1.2493896	1.2605394	1.2373699	1.2251058	1.2079766	1.1814741	1.1456119	1.0934548	1.0413339	0.9630006	0.8804463	0.78971577	0.68459934	0.5659212	0	0	0	0	0	
4	0.5840124	1.2529014	1.3041749	1.1226277	1.1950231	1.1966244	1.1361169	1.0891898	1.1337472	1.1471668	1.1347487	1.1004349	1.0440302	1.0897356	1.159339	1.2002815	1.206874	1.2051548	1.2170019	1.1570822	1.0121577	0.9315505	0.83764887	0.65440196	
4	0.62657654	1.2547827	1.3109117	1.2577207	1.2074313	1.1634003	1.1052619	1.0347133	0.9488086	0.95746565	0.9910283	1.044171	1.0736681	1.0888878	1.1098806	1.1077169	1.1062983	1.0568389	0.95529824	0.8967686	0.8173666	0.68837833	0.557813	0	
4	0	0	0	0	0	0	0	0	0	0.51232886	0.5202159	0.52034634	0.52181	0.5051576	0	0	0	0	0	0	0	0	0	0	
4	0.5845203	1.2678611	1.310666	1.3265342	1.2844012	1.2740602	1.2971629	1.2796962	1.2471818	1.2170453	1.1880904	1.1524866	1.1587695	1.1612259	1.158132	1.122436	1.0689161	1.0524368	1.0317585	0.9400965	0.8801299	0.7915179	0.68364483	0.52374965	
4	0	0	0	0	0.67461437	0	0.5447794	0.85253423	0.9086593	0.94192195	0	0	0	0.6462677	0.6749956	0.6630581	0.64299136	0.5906243	0.5339311	0	0	0	0	0	
4	0.58870155	1.2532839	1.31916	1.318852	1.2769116	1.261424	1.2725822	1.258241	1.236155	1.2227651	1.1997664	1.2060882	1.2343006	1.2259814	1.1821048	1.1556637	1.129963	1.1795816	1.1054955	1.069821	0.95962703	0.80145395	0.67590415	0	
4	0	1.069131	1.2548516	1.2442498	1.2345147	1.2609123	1.28033	1.2653639	1.2487655	1.2282858	1.1984748	1.1309903	1.1269624	1.0888691	1.0546255	1.0150377	0.61446434	0.570038	0.9515274	0	0	0.5318597	0.6995558	0.56954104	
4	0.6736321	1.2407094	1.3118336	1.3242955	1.287422	1.2398558	1.253327	1.2378494	1.1935146	1.2227888	1.2621477	1.2692773	1.259534	1.2477765	1.2359703	1.219177	1.2186246	1.240708	1.1469032	1.1066128	1.0090616	0.8817316	0.7028774	0.5315753	
4	0	0	0	0	0.6553878	0	0.73587614	0.7873884	0.8306527	0.8670908	0	0	0	0	0.8876209	0.85199076	0.8246918	0.78377074	0.7021159	0.654828	0.58267385	0	0	0	
4	0.7118379	1.2389063	1.3074679	1.3271186	1.2851193	1.2537715	1.2373134	1.2161363	1.1879529	1.1523602	1.1047933	1.1197217	1.1169367	1.1394445	1.1489131	1.1356736	1.1489351	1.1305432	1.0790398	0.99247473	0.8684446	0.80618274	0.66587937	0	
4	0.74954176	1.2437055	1.3174502	1.2717707	1.2294327	1.2355471	1.1770945	1.2224516	1.2582415	1.27564	1.2749889	1.260595	1.2401924	1.2414861	1.2025226	1.1813357	1.1266004	1.053951	1.0193585	0.9973283	0.9433897	0.8268398	0.6808652	0.5245018	
4	0.77040493	1.2307906	1.3126919	1.3171743	1.2900916	1.2392154	1.2511445	1.2716521	1.2704997	1.2568998	1.2310431	1.2466425	1.276917	1.2923491	1.2628417	1.2472826	1.198377	1.1598034	1.1390024	1.062949	0.9273726	0.8740729	0.7514778	0.5504596	
4	0	0	0.5022205	0	0.50508064	0.635936	0.70808494	0.7663205	0.61658055	0.61114275	0.93904227	0	0	0	0.53500915	0.5030783	0	0	0.55717456	0.5303988	0	0	0	0	
4	0.68043095	1.2044009	1.2726007	1.2363036	1.1634134	1.0568646	1.1153436	1.1644285	1.1936759	1.1936415	1.1687291	1.1224186	1.0536172	0.9819609	0.8934575	0.80450845	0.7127426	0.61355615	0.50821716	0	0	0	0	0	
4	0	0	1.035839	1.0678128	0.96914077	0.94470006	0.9610747	0.9335481	0.9015571	0.9404927	0.96427095	1.0463824	1.1244336	1.1503414	1.1193402	1.093517	1.0180162	0.9096776	0.8155634	0.7095958	0.58795255	0.51171076	0	0	
4	0.70314425	1.1772096	1.24383	1.3101294	1.2822539	1.2358053	1.1966478	1.1620241	1.1151781	1.0620897	1.0476617	1.0285664	1.0049053	0.9794466	0.94899493	0.9382215	0.9364494	0.9580235	0.9897687	0.9453881	0.8466401	0.818738	0.7266724	0.5023643	
4	0	0	0	0	0	0	0	0	0	0	0	0	0	0	0.54561365	0	0	0	0	0	0	0	0	0	
4	0.73206	1.2491536	1.2434558	1.2694731	1.2155756	1.1422796	1.0671095	1.0337327	1.0668933	1.0912669	1.0933918	1.0831516	1.0835031	1.0577137	1.0349252	1.0778786	1.0929489	1.0930053	1.0673456	0.9571645	0.9015876	0.7773158	0.6065717	0	
4	0	0	0.6017663	0.5857838	0	0	0	0	0	0	0	0	0	0	0	0	0	0	0	0	0	0	0	0	
4	0.63998455	1.2155123	1.2884285	1.2471101	1.1852874	1.1840746	1.1598145	1.1661026	1.208249	1.2191318	1.2045417	1.16409	1.1312815	1.1263146	1.0746185	1.0224396	0.9824575	1.0165832	0.9973607	0.9706633	0.85197854	0.70719355	0.6135256	0	
4	0	0	0	0	0	0	0.6734704	0.7149297	0.7413813	0.7497102	0.7408842	0.7074695	0.5430879	0.5399539	0.51377535	0	0	0	0	0	0	0	0	0	
4	0.7191532	1.2557122	1.297357	1.2782066	1.2182086	1.164564	1.1146531	1.0579578	0.9979944	0.9631976	0.9575521	0.974569	1.0579971	1.1076882	1.1518307	1.1230664	1.1075718	1.0352086	0.9548084	0.9141077	0.83319265	0.70652807	0.54227054	0	
4	0.7151277	1.2505975	1.2748618	1.2936908	1.2649527	1.2688581	1.2600454	1.2444402	1.2666247	1.2705489	1.2588838	1.2386981	1.2104477	1.1781667	1.1405768	1.1034173	1.0292352	0.93465674	0.8462851	0.7247129	0.58942705	0	0	0	
4	0	0.9044232	1.3271239	1.0053701	1.0773346	1.1312678	1.1601313	1.1726378	1.244972	1.2597532	1.2559193	1.2341717	1.2692692	1.2984015	1.2831317	1.2653273	1.2071729	1.1866693	1.1640625	1.0834352	0.99750924	0.9274105	0.80406934	0.6029474	
4	0.7326345	1.2366375	1.3232969	1.3080726	1.2607479	1.2392387	1.2146382	1.185952	1.1461471	1.1046335	1.1246111	1.1179284	1.150455	1.1712794	1.1620133	1.1886387	1.1964546	1.1688035	1.09815	1.0487304	0.9938443	0.8414553	0.63846767	0	
4	0	0.7577316	0.7120638	0.7951699	0.76795244	0.7171864	0.6781367	0.657985	0.6464434	0.6658069	0.67047113	0.67437667	0.69815254	0.72946656	0	0.6804006	0	0.80079985	0.77399236	0.7015223	0.65987056	0.62357134	0.54018444	0	
4	0.6859819	1.2230501	1.305525	1.328532	1.2876728	1.275364	1.2729166	1.2603024	1.2518642	1.2417462	1.2270113	1.2063725	1.1704624	1.1897501	1.2107092	1.1724133	1.091662	1.0977758	1.0453748	1.0105898	0.9344831	0.7674504	0.60034424	0	
4	0	0	0.60738075	0.54521513	0	0	0	0	0	0	0	0	0	0	0	0.50834626	0	0	0	0	0	0	0	0	
4	0.67577386	1.2540736	1.2956206	1.2639377	1.2021862	1.1460129	1.0961907	1.0427164	0.9998579	1.0603777	1.1102936	1.1475691	1.1734835	1.1824353	1.1622447	1.1527077	1.1203061	1.049958	1.0221138	0.96294653	0.8422732	0.7241426	0.6040162	0	
4	0	0.5461143	0.62283725	0	0.57134616	0.589492	0	0	0.73490345	0.7229005	0.75061065	0.81267077	0.8231833	0.8197369	0	0	0	0	0	0	0	0	0	0	
4	0.7373212	1.2717211	1.3223909	1.332655	1.2976037	1.27432	1.2700326	1.2635579	1.2580589	1.2521182	1.2435726	1.2288952	1.2356255	1.2294984	1.2394872	1.2264402	1.2109042	1.1979076	1.237355	1.1606691	0.98951674	0.9307386	0.8302115	0.6200932	
4	0.5295524	1.0728768	1.2408714	1.2771168	1.2552711	1.217654	1.1833065	1.1440004	0.79709935	0.8296507	0.84160507	0.83297324	0	0.89966506	0	0	0.75688344	0.73173	0.69765145	0.6502917	0.5580202	0	0	0	
4	0.7435536	1.2642804	1.3113217	1.2931502	1.2427932	1.1865935	1.1406125	1.1354753	1.12545	1.2070613	1.2569145	1.2684798	1.2734637	1.2490205	1.2412014	1.2035675	1.2031989	1.177499	1.0991783	1.0237013	0.9846959	0.89528906	0.7306183	0.517306	
4	0	0	0	0	0	0	0	0	0.5421315	0.5653033	0.56697315	0.56929415	0.60288125	0.61960703	0.6043243	0.5653415	0.5170014	0	0	0	0	0	0	0	
4	0.7212913	1.2345935	1.3115232	1.3043234	1.2895567	1.2409341	1.1947675	1.1672494	1.2245264	1.2614411	1.2717568	1.2587776	1.2277766	1.1837852	1.2032509	1.2068024	1.1692103	1.1352248	1.1016978	1.0434576	1.0027374	0.85969996	0.8635368	0.63176143	
4	0	0	0.568094	0.541265	0	0	0	0	0	0	0	0	0	0	0	0	0.573187	0.55176306	0	0	0	0	0	0	
4	0.6786799	1.2447828	1.3217325	1.3096772	1.269565	1.2406925	1.2171527	1.1902983	1.1505016	1.1784418	1.2204866	1.2474327	1.2486283	1.2285815	1.2024896	1.1720086	1.130589	1.0580722	0.9505199	0.89712906	0.8153073	0.70660365	0.56191736	0	
4	0	1.0304843	1.1992068	1.1417301	1.0336419	1.1017408	1.1121664	0.6151461	0.66262895	0.98618436	1.0754486	1.129686	1.1286924	1.1163781	1.0840877	1.0280457	0.9638438	0.9221962	0.84327286	0.7593115	0.6764463	0.54568094	0	0	
4	0	0	0.50560373	0	0	0	0	0	0	0	0	0	0	0	0	0	0	0	0	0	0	0	0	0	
4	0.6614761	1.2399337	1.2858944	1.2726914	1.2066544	1.1694808	1.1854814	1.1918801	1.1797789	1.1486666	1.1208754	1.0835005	1.0926751	1.099677	1.1134669	1.058605	0.99236834	0.9457175	0.9362504	0.83653724	0.73844	0.7014091	0.59271675	0	
4	0	0	0	0	0.9051701	0.85464704	0.8458315	0.90702635	0.9519383	0.9618357	0.61137426	0.61661506	0.5519675	0.92141104	0.86038446	0.87337416	0.85291094	0.84097534	0.8218079	0.7547665	0.65423244	0.5945937	0	0	
4	0.7035914	1.2377063	1.3247766	1.310481	1.2935436	1.285875	1.2513136	1.2279489	1.2309464	1.2515546	1.2473218	1.2572356	1.2510365	1.2024983	1.1622903	1.0933293	1.100664	1.1029696	1.0940248	1.0256101	0.8951215	0.77574325	0.73801696	0.5066732	
4	0	0.6265665	0.61429965	0.8741544	0.83951676	0.91558355	0.88543767	0.7647802	0.724444	0.7474554	1.1813186	1.2479272	1.2561768	1.2574085	1.221984	1.1993408	1.1368233	1.0596331	1.0013857	0.8961577	0.66699356	0.55824953	0	0	
4	0.71560425	1.2348937	1.3208567	1.3037413	1.2783092	1.2676312	1.266022	1.2408124	1.2402824	1.2254877	1.1964326	1.1524124	1.1348618	1.159059	1.1423234	1.1412767	1.1072142	1.0835515	1.0629258	0.9727257	0.9063642	0.93643224	0.8379575	0.553717	
4	0	0	0	0.9375326	0.7942096	0.8959402	1.025007	1.0832956	1.0796101	1.0760144	1.0739181	1.157433	1.2103959	1.2416142	1.2232778	1.214079	1.147132	1.0532216	0.9975657	0.90462303	0.7671102	0.6527252	0.51534414	0	
4	0.73734844	1.265191	1.292817	1.3033769	1.2495753	1.2018229	1.1750176	1.1633775	1.1418332	1.1075196	1.0951926	1.0833896	1.0848956	1.0557603	1.052238	1.0199996	1.0460311	1.0172597	0.98356146	0.86398065	0.7721167	0.6887697	0.59582394	0	
4	0.7101262	1.2262344	1.3022211	1.3246955	1.2822219	1.2505661	1.2330496	1.2098382	1.1801686	1.1424619	1.0915897	1.06046	1.0299073	0.98057556	0.9384625	0.95730597	0.9726105	0.92073584	0.89298254	0.80916	0.69466436	0.6521272	0.61091983	0	
4	0	0	0.692119	0	0	0	0.6467262	0.66670257	0.50601494	0.5108731	0.5047919	0	0	0	0	0	0	0	0	0	0	0	0	0	
4	0.73366517	1.2277151	1.2423091	1.2578673	1.2019856	1.1131669	1.0557022	1.0560826	1.0761399	1.1894135	1.2713978	1.3009143	1.2927257	1.2810979	1.2461494	1.2367561	1.2129796	1.1470287	1.1246775	1.0739832	0.9674004	0.79688513	0.7219795	0.5567851	
4	0.57326835	1.081796	1.3216637	1.3306242	1.2911944	1.2664204	1.2729475	1.2668417	1.2264068	1.2037487	1.1734909	1.1301898	1.0858856	1.01652	0.94788647	0.8567808	0.75247234	0.6468766	0.5384801	0	0	0	0	0	
4	0.7342017	1.2758662	1.1619122	1.1287025	1.0386322	1.0406424	0	1.1652318	1.1863	1.1865385	1.1838512	1.2056336	1.226862	1.2222757	1.1861742	1.1521786	1.1033947	1.0803715	1.0613471	0.97270924	0.8637647	0.7710263	0.6499734	0	
4	0.73282367	1.248547	1.2902538	1.3011926	1.2479727	1.199464	1.2118151	1.2248967	1.2238759	1.2056494	1.1703486	1.1172425	1.1510273	1.1692537	1.1676148	1.1137962	1.0486261	0.98001885	0.9332915	0.82587284	0.7659968	0.68028444	0.5402468	0	
4	0.5970887	1.2484757	1.3196435	1.2970248	1.2527806	1.2668347	1.2819787	1.274626	1.2572614	1.2366382	1.2146864	1.1879472	1.1535071	1.1187383	1.1533225	1.1722256	1.2122132	1.2226862	1.1947058	1.1094483	0.9618849	0.9289729	0.8353326	0.6191611	
4	0	0	0	0	0	0	0	0	0	0.5587071	0.60299355	0.6212499	0	0	0	0.63317436	0.62085027	0.60237455	0.56337637	0	0	0	0	0	
4	0	0.585746	0.6413343	0.6418364	0.6411486	0.6385414	0.6336608	0.6262719	0.6185618	0.60802084	0.59375924	0.57277817	0.5537184	0.51894397	0	0	0	0	0	0	0	0	0	0	
4	0.7283604	1.2251848	1.3156927	1.3104314	1.3040887	1.2652265	1.228527	1.2014376	1.229864	1.2753817	1.2945865	1.2884986	1.2595272	1.2335368	1.2222168	1.2100366	1.1990272	1.1845405	1.1105307	1.0218339	0.9239955	0.8525919	0.7127137	0	
4	0	0.5191384	0.6465342	0.60316795	0.5440863	0.52416927	0.53170764	0.51546884	0	0	0	0	0	0	0	0	0	0	0	0	0	0	0	0	
4	0.6150603	1.1498814	1.2532285	1.233281	1.1649126	1.08848	1.0140861	0.99636	1.0066899	1.024604	1.0689731	1.1097499	1.1157427	1.0959129	1.0419788	0.9678789	0.88534725	0.80501974	0.7829811	0.7276505	0.6147156	0.53172505	0	0	
4	0	0	0.60950017	0.6315868	0.6093172	0.7034178	0.7620477	0.7896652	0.803267	0.7968725	0.7674014	0	0	0	0	0	0	0	0	0	0	0	0	0	
4	0.64067566	1.2422099	1.320479	1.3088582	1.2618694	1.2478206	1.2272886	1.214027	1.214874	1.2052649	1.178452	1.167068	1.1748172	1.1600602	1.140534	1.093467	1.0872138	1.1242192	1.089584	1.0079074	0.9299926	0.8591388	0.715989	0.5975145	
4	0	0.6445897	0.63408613	1.0575529	0.6863211	0.9208908	0.9892652	1.0391287	1.0684144	1.0916739	1.1202993	1.1429609	1.1525354	1.1512245	1.1028945	1.0696663	0.9991653	0.8975249	0.8053689	0	0.69292235	0.61948955	0	0	
4	0.7201134	1.242948	1.3288013	1.3146013	1.2668641	1.2533188	1.2362207	1.2130538	1.1940554	1.1789129	1.1914978	1.2384087	1.2731851	1.2796983	1.2628595	1.23435	1.2214019	1.2297627	1.2189622	1.1032654	0.9621104	0.9230589	0.8284302	0.60117	
4	0	0.6138618	0.67196274	0.8424271	0.8735781	0.8516004	0.85616827	0.95040244	1.0297167	1.0655414	1.0734934	1.0709305	1.0338972	0	1.0741289	1.0972009	1.0622487	1.0147568	0.96983534	0.873298	0.736638	0.66276664	0.5456711	0	
4	0.6034817	1.1742021	1.3100436	1.3113848	1.2753437	1.2516946	1.2343466	1.213634	1.1832732	1.1485947	1.1058674	1.0506272	0.98848385	0.9146869	0.83763397	0.7503199	0.66481733	0.58546317	0.5021455	0	0	0	0	0	
4	0.60760134	1.1843936	0.7218668	1.1379142	1.0252597	1.0327379	1.0159566	0.9971564	0.972614	0.95224136	0.92805576	0.90503836	1.0284264	1.048266	1.0381062	0.99368715	0.99286216	1.0014821	0.95792365	0.8885924	0.78879	0.6661332	0.58915657	0	
4	0.7038552	1.2538767	1.3334746	1.3256845	1.2846514	1.2839674	1.2829046	1.2798105	1.2748477	1.2682276	1.2617043	1.2559179	1.2451426	1.2260987	1.213495	1.1892346	1.1338006	1.1209048	1.0695384	0.9747138	0.8430532	0.81784934	0.784446	0.557472	
4	0	0.79181683	0.9723236	0.91526294	0.8206958	0.8452108	0.92068136	0.95828635	0.94951046	0.9147848	0.5265455	0.55768883	0.604932	0.6246341	0.6250603	0.665669	0	0	0.56283194	0.5091292	0	0	0	0	
4	0.6441729	1.2234845	1.3024837	1.3072137	1.264083	1.2307527	1.2040833	1.1733282	1.1313134	1.084511	1.0530756	1.0856032	1.1142844	1.1297481	1.1234382	1.1276628	1.0966129	1.0287966	0.9605462	0.8993856	0.79549575	0.64982826	0.5303708	0	
4	0	0	0.85579634	0.93151706	1.0273322	1.005315	1.0133575	1.0323956	1.0134315	1.052815	1.0635793	1.0385764	1.0112845	0.9787767	0.9426323	0.9008303	0.8800399	0.8443059	0.8339154	0.77390355	0.6764582	0.62028456	0.5444568	0	
4	0.57638705	1.2383865	1.2920467	1.3171098	1.2889024	1.2371315	1.2159992	1.230584	1.2236109	1.1962796	1.1557249	1.1062706	1.0465769	0.98734814	0.9135697	0.823638	0.7258694	0.6364889	0.5403385	0	0	0	0	0	
4	0.7815228	1.2393478	1.3218994	1.1971983	1.2427818	1.2148546	1.1643081	1.121189	1.075761	1.0385609	1.1052784	1.1674638	1.1823503	1.209486	1.1988353	1.1493888	1.104083	1.0556096	1.0680122	0.96338594	0.90597045	0.8437719	0.72296613	0	
4	0.60026604	1.1705947	1.3135562	1.3067125	1.264406	1.2353222	1.2121114	1.1812966	1.1420137	1.0945826	1.0462141	1.0223202	1.0196868	0.9914007	0.9404672	0.9705904	0.97377646	0.98644006	0.9203833	0.84157217	0.75117904	0.66349703	0.51118624	0	
4	0.76025903	1.2170486	1.3136661	1.3023976	1.2875357	1.2313861	1.2029059	1.2160095	1.234488	1.2385837	1.2265844	1.2100664	1.2082024	1.2331508	1.2742059	1.251314	1.2466146	1.1872543	1.1251204	1.0263735	0.9621027	0.8402459	0.6808515	0	
4	0	0.50082225	0.58801293	0.5445025	0	0	0	0.5057684	0.5109865	0	0	0	0	0	0	0	0	0	0	0	0	0	0	0	
4	0.7222606	1.2210426	1.2816019	1.2873061	1.2297486	1.1654055	1.10807	1.0741096	1.0195761	0.9419711	0.8636377	0.78603506	0.71396434	0.6405214	0.56925666	0.5074073	0	0	0	0	0	0	0	0	
4	0	0.8747698	0.95353806	0.8530018	0	0.85926026	0.99105364	1.0803406	1.1226591	1.1301963	1.1080196	1.081469	1.040422	1.0555313	1.0763016	1.051675	0.9810482	0.96744764	0.9217707	0.8639557	0.7522001	0.65905863	0.5591391	0	
4	0.72761333	1.233034	1.3070244	1.3284581	1.3044555	1.3004279	1.2886637	1.2746792	1.2737151	1.2758639	1.2770869	1.2737218	1.2567773	1.2562368	1.2271385	1.2257555	1.186533	1.1342276	1.1035364	1.0159839	0.90357876	0.85127324	0.73921096	0.50414044	
4	0	0.6551558	0.69790214	0.6157458	0.8106613	0.81218374	0.8239127	0.5571669	0	0.58731616	0.57859176	0.56682456	0.54529005	0.9223961	0.9047546	0.8646388	0.616674	0.73608553	0.6835632	0.60374814	0	0	0	0	
4	0.72690594	1.2855635	1.292947	1.3186353	1.2811998	1.2482466	1.2524827	1.2364461	1.2121859	1.2053901	1.2057061	1.2059441	1.1932222	1.1846348	1.2253722	1.2179582	1.2199695	1.1499465	1.0662873	0.9987222	0.8985308	0.748467	0.63537467	0	
4	0	0	0.51749104	0.60275495	0.62901014	0.6080025	0.573114	0	0	0	0.5027149	0.5207236	0.51815295	0.5206616	0.5222763	0.52536774	0.5092537	0	0	0	0	0	0	0	
